# Sigma = 0.500000
      -15.0000000000        0.0000000000
      -14.9000000000        0.0000000000
      -14.8000000000        0.0000000000
      -14.7000000000        0.0000000000
      -14.6000000000        0.0000000000
      -14.5000000000        0.0000000000
      -14.4000000000        0.0000000000
      -14.3000000000        0.0000000000
      -14.2000000000        0.0000000000
      -14.1000000000        0.0000000000
      -14.0000000000        0.0000000000
      -13.9000000000        0.0000000000
      -13.8000000000        0.0000000000
      -13.7000000000        0.0000000000
      -13.6000000000        0.0000000000
      -13.5000000000        0.0000000000
      -13.4000000000        0.0000000000
      -13.3000000000        0.0000000000
      -13.2000000000        0.0000000000
      -13.1000000000        0.0000000000
      -13.0000000000        0.0000000000
      -12.9000000000        0.0000000000
      -12.8000000000        0.0000000000
      -12.7000000000        0.0000000000
      -12.6000000000        0.0000000000
      -12.5000000000        0.0000000000
      -12.4000000000        0.0000000000
      -12.3000000000        0.0000000000
      -12.2000000000        0.0000000000
      -12.1000000000        0.0000000000
      -12.0000000000        0.0000000000
      -11.9000000000        0.0000000000
      -11.8000000000        0.0000000000
      -11.7000000000        0.0000000000
      -11.6000000000        0.0000000000
      -11.5000000000        0.0000000000
      -11.4000000000        0.0000000000
      -11.3000000000        0.0000000000
      -11.2000000000        0.0000000000
      -11.1000000000        0.0000000000
      -11.0000000000        0.0000000000
      -10.9000000000        0.0000000000
      -10.8000000000        0.0000000000
      -10.7000000000        0.0000000000
      -10.6000000000        0.0000000000
      -10.5000000000        0.0000000000
      -10.4000000000        0.0000000000
      -10.3000000000        0.0000000000
      -10.2000000000        0.0000000000
      -10.1000000000        0.0000000000
      -10.0000000000        0.0000000000
       -9.9000000000        0.0000000000
       -9.8000000000        0.0000000000
       -9.7000000000        0.0000000000
       -9.6000000000        0.0000000000
       -9.5000000000        0.0000000000
       -9.4000000000        0.0000000000
       -9.3000000000        0.0000000000
       -9.2000000000        0.0000000000
       -9.1000000000        0.0000000000
       -9.0000000000        0.0000000000
       -8.9000000000        0.0000000000
       -8.8000000000        0.0000000000
       -8.7000000000        0.0000000000
       -8.6000000000        0.0000000000
       -8.5000000000        0.0000000000
       -8.4000000000        0.0000000000
       -8.3000000000        0.0000000000
       -8.2000000000        0.0000000000
       -8.1000000000        0.0000000000
       -8.0000000000        0.0000000000
       -7.9000000000        0.0000000000
       -7.8000000000        0.0000000000
       -7.7000000000        0.0000000000
       -7.6000000000        0.0000000000
       -7.5000000000        0.0000000000
       -7.4000000000        0.0000000000
       -7.3000000000        0.0000000000
       -7.2000000000        0.0000000000
       -7.1000000000        0.0000000000
       -7.0000000000        0.0000000000
       -6.9000000000        0.0000000000
       -6.8000000000        0.0000000000
       -6.7000000000        0.0000000000
       -6.6000000000        0.0000000000
       -6.5000000000        0.0000000000
       -6.4000000000        0.0000000000
       -6.3000000000        0.0000000000
       -6.2000000000        0.0000000000
       -6.1000000000        0.0000000000
       -6.0000000000        0.0000000000
       -5.9000000000        0.0000000000
       -5.8000000000        0.0000000000
       -5.7000000000        0.0000000000
       -5.6000000000        0.0000000000
       -5.5000000000        0.0000000000
       -5.4000000000        0.0000000000
       -5.3000000000        0.0000000000
       -5.2000000000        0.0000000000
       -5.1000000000        0.0000000000
       -5.0000000000        0.0000000000
       -4.9000000000        0.0000000000
       -4.8000000000        0.0000000000
       -4.7000000000        0.0000000000
       -4.6000000000        0.0000000000
       -4.5000000000        0.0000000000
       -4.4000000000        0.0000000000
       -4.3000000000        0.0000000000
       -4.2000000000        0.0000000000
       -4.1000000000        0.0000000000
       -4.0000000000        0.0000000000
       -3.9000000000        0.0000000000
       -3.8000000000        0.0000000001
       -3.7000000000        0.0000000004
       -3.6000000000        0.0000000013
       -3.5000000000        0.0000000042
       -3.4000000000        0.0000000135
       -3.3000000000        0.0000000416
       -3.2000000000        0.0000001235
       -3.1000000000        0.0000003526
       -3.0000000000        0.0000009682
       -2.9000000000        0.0000025579
       -2.8000000000        0.0000065017
       -2.7000000000        0.0000159008
       -2.6000000000        0.0000374194
       -2.5000000000        0.0000847413
       -2.4000000000        0.0001846955
       -2.3000000000        0.0003874600
       -2.2000000000        0.0007824591
       -2.1000000000        0.0015213380
       -2.0000000000        0.0028483767
       -1.9000000000        0.0051365667
       -1.8000000000        0.0089242575
       -1.7000000000        0.0149433026
       -1.6000000000        0.0241263077
       -1.5000000000        0.0375800020
       -1.4000000000        0.0565162303
       -1.3000000000        0.0821430671
       -1.2000000000        0.1155352805
       -1.1000000000        0.1575217200
       -1.0000000000        0.2086398606
       -0.9000000000        0.2692061682
       -0.8000000000        0.3395289583
       -0.7000000000        0.4202482169
       -0.6000000000        0.5127335524
       -0.5000000000        0.6194240349
       -0.4000000000        0.7439718578
       -0.3000000000        0.8910700393
       -0.2000000000        1.0659048507
       -0.1000000000        1.2732630382
       -0.0000000000        1.5164171460
        0.1000000000        1.7959816830
        0.2000000000        2.1089588242
        0.3000000000        2.4481703106
        0.4000000000        2.8022129002
        0.5000000000        3.1559973469
        0.6000000000        3.4918534710
        0.7000000000        3.7911161144
        0.8000000000        4.0360489102
        0.9000000000        4.2119108959
        1.0000000000        4.3089244454
        1.1000000000        4.3238696549
        1.2000000000        4.2610258700
        1.3000000000        4.1322227946
        1.4000000000        3.9558619749
        1.5000000000        3.7549210094
        1.6000000000        3.5541378120
        1.7000000000        3.3767566179
        1.8000000000        3.2413586446
        1.9000000000        3.1593558662
        2.0000000000        3.1336640280
        2.1000000000        3.1588807226
        2.2000000000        3.2229980706
        2.3000000000        3.3103352225
        2.4000000000        3.4050692596
        2.5000000000        3.4945659719
        2.6000000000        3.5717314974
        2.7000000000        3.6358355206
        2.8000000000        3.6916438441
        2.9000000000        3.7471352138
        3.0000000000        3.8104366740
        3.1000000000        3.8867900276
        3.2000000000        3.9763154372
        3.3000000000        4.0730946343
        3.4000000000        4.1657395306
        3.5000000000        4.2392483426
        3.6000000000        4.2776727114
        3.7000000000        4.2669797583
        3.8000000000        4.1975030119
        3.9000000000        4.0655118395
        4.0000000000        3.8736472761
        4.1000000000        3.6302229022
        4.2000000000        3.3476227296
        4.3000000000        3.0401984026
        4.4000000000        2.7221402552
        4.5000000000        2.4057550518
        4.6000000000        2.1004393879
        4.7000000000        1.8124327242
        4.8000000000        1.5452282810
        4.9000000000        1.3003738551
        5.0000000000        1.0783466048
        5.1000000000        0.8792390040
        5.2000000000        0.7031157035
        5.3000000000        0.5500412821
        5.4000000000        0.4198869938
        5.5000000000        0.3120710804
        5.6000000000        0.2253702925
        5.7000000000        0.1578811093
        5.8000000000        0.1071387933
        5.9000000000        0.0703477753
        6.0000000000        0.0446519231
        6.1000000000        0.0273775670
        6.2000000000        0.0162054565
        6.3000000000        0.0092567704
        6.4000000000        0.0051022464
        6.5000000000        0.0027172091
        6.6000000000        0.0014087003
        6.7000000000        0.0007372206
        6.8000000000        0.0004488069
        6.9000000000        0.0004265712
        7.0000000000        0.0006661404
        7.1000000000        0.0012768549
        7.2000000000        0.0025091703
        7.3000000000        0.0048068152
        7.4000000000        0.0088781535
        7.5000000000        0.0157736313
        7.6000000000        0.0269452947
        7.7000000000        0.0442524821
        7.8000000000        0.0698699379
        7.9000000000        0.1060577620
        8.0000000000        0.1547735007
        8.1000000000        0.2171479067
        8.2000000000        0.2929020238
        8.3000000000        0.3798389151
        8.4000000000        0.4735757366
        8.5000000000        0.5676684177
        8.6000000000        0.6542105988
        8.7000000000        0.7248698982
        8.8000000000        0.7721899223
        8.9000000000        0.7908816996
        9.0000000000        0.7787962237
        9.1000000000        0.7373309430
        9.2000000000        0.6711639280
        9.3000000000        0.5873856048
        9.4000000000        0.4942507777
        9.5000000000        0.3998539791
        9.6000000000        0.3110182760
        9.7000000000        0.2325953619
        9.8000000000        0.1672425838
        9.9000000000        0.1156173966
       10.0000000000        0.0768474786
       10.1000000000        0.0491095097
       10.2000000000        0.0301738227
       10.3000000000        0.0178247257
       10.4000000000        0.0101237635
       10.5000000000        0.0055282337
       10.6000000000        0.0029023817
       10.7000000000        0.0014650237
       10.8000000000        0.0007109759
       10.9000000000        0.0003317288
       11.0000000000        0.0001488084
       11.1000000000        0.0000641778
       11.2000000000        0.0000266105
       11.3000000000        0.0000106079
       11.4000000000        0.0000040655
       11.5000000000        0.0000014980
       11.6000000000        0.0000005306
       11.7000000000        0.0000001807
       11.8000000000        0.0000000592
       11.9000000000        0.0000000186
       12.0000000000        0.0000000056
       12.1000000000        0.0000000016
       12.2000000000        0.0000000005
       12.3000000000        0.0000000001
       12.4000000000        0.0000000000
       12.5000000000        0.0000000000
       12.6000000000        0.0000000000
       12.7000000000        0.0000000000
       12.8000000000        0.0000000000
       12.9000000000        0.0000000000
       13.0000000000        0.0000000000
       13.1000000000        0.0000000000
       13.2000000000        0.0000000000
       13.3000000000        0.0000000000
       13.4000000000        0.0000000000
       13.5000000000        0.0000000000
       13.6000000000        0.0000000000
       13.7000000000        0.0000000000
       13.8000000000        0.0000000000
       13.9000000000        0.0000000000
       14.0000000000        0.0000000000
       14.1000000000        0.0000000000
       14.2000000000        0.0000000000
       14.3000000000        0.0000000000
       14.4000000000        0.0000000000
       14.5000000000        0.0000000000
       14.6000000000        0.0000000000
       14.7000000000        0.0000000000
       14.8000000000        0.0000000000
       14.9000000000        0.0000000000
       15.0000000000        0.0000000000
       15.1000000000        0.0000000000
       15.2000000000        0.0000000000
       15.3000000000        0.0000000000
       15.4000000000        0.0000000000
       15.5000000000        0.0000000000
       15.6000000000        0.0000000000
       15.7000000000        0.0000000000
       15.8000000000        0.0000000000
       15.9000000000        0.0000000000
       16.0000000000        0.0000000000
       16.1000000000        0.0000000000
       16.2000000000        0.0000000000
       16.3000000000        0.0000000000
       16.4000000000        0.0000000000
       16.5000000000        0.0000000000
       16.6000000000        0.0000000000
       16.7000000000        0.0000000000
       16.8000000000        0.0000000000
       16.9000000000        0.0000000000
       17.0000000000        0.0000000000
       17.1000000000        0.0000000000
       17.2000000000        0.0000000000
       17.3000000000        0.0000000000
       17.4000000000        0.0000000000
       17.5000000000        0.0000000000
       17.6000000000        0.0000000000
       17.7000000000        0.0000000000
       17.8000000000        0.0000000000
       17.9000000000        0.0000000000
       18.0000000000        0.0000000000
       18.1000000000        0.0000000000
       18.2000000000        0.0000000000
       18.3000000000        0.0000000000
       18.4000000000        0.0000000000
       18.5000000000        0.0000000000
       18.6000000000        0.0000000000
       18.7000000000        0.0000000000
       18.8000000000        0.0000000000
       18.9000000000        0.0000000000
       19.0000000000        0.0000000000
       19.1000000000        0.0000000000
       19.2000000000        0.0000000000
       19.3000000000        0.0000000000
       19.4000000000        0.0000000000
       19.5000000000        0.0000000000
       19.6000000000        0.0000000000
       19.7000000000        0.0000000000
       19.8000000000        0.0000000000
       19.9000000000        0.0000000000
       20.0000000000        0.0000000000
       20.1000000000        0.0000000000
       20.2000000000        0.0000000000
       20.3000000000        0.0000000000
       20.4000000000        0.0000000000
       20.5000000000        0.0000000000
       20.6000000000        0.0000000000
       20.7000000000        0.0000000000
       20.8000000000        0.0000000000
       20.9000000000        0.0000000000
       21.0000000000        0.0000000000
       21.1000000000        0.0000000000
       21.2000000000        0.0000000000
       21.3000000000        0.0000000000
       21.4000000000        0.0000000000
       21.5000000000        0.0000000000
       21.6000000000        0.0000000000
       21.7000000000        0.0000000000
       21.8000000000        0.0000000000
       21.9000000000        0.0000000000
       22.0000000000        0.0000000000
       22.1000000000        0.0000000000
       22.2000000000        0.0000000000
       22.3000000000        0.0000000000
       22.4000000000        0.0000000000
       22.5000000000        0.0000000000
       22.6000000000        0.0000000000
       22.7000000000        0.0000000000
       22.8000000000        0.0000000001
       22.9000000000        0.0000000005
       23.0000000000        0.0000000017
       23.1000000000        0.0000000059
       23.2000000000        0.0000000196
       23.3000000000        0.0000000624
       23.4000000000        0.0000001912
       23.5000000000        0.0000005630
       23.6000000000        0.0000015934
       23.7000000000        0.0000043339
       23.8000000000        0.0000113288
       23.9000000000        0.0000284613
       24.0000000000        0.0000687199
       24.1000000000        0.0001594678
       24.2000000000        0.0003556549
       24.3000000000        0.0007623501
       24.4000000000        0.0015705630
       24.5000000000        0.0031098441
       24.6000000000        0.0059185309
       24.7000000000        0.0108266591
       24.8000000000        0.0190370011
       24.9000000000        0.0321774532
       25.0000000000        0.0522865191
       25.1000000000        0.0816889524
       25.2000000000        0.1227280971
       25.3000000000        0.1773507254
       25.4000000000        0.2465887738
       25.5000000000        0.3300400901
       25.6000000000        0.4254967157
       25.7000000000        0.5288788672
       25.8000000000        0.6345857326
       25.9000000000        0.7362685913
       26.0000000000        0.8278918539
       26.1000000000        0.9048210912
       26.2000000000        0.9646193825
       26.3000000000        1.0072832802
       26.4000000000        1.0348076759
       26.5000000000        1.0501887414
       26.6000000000        1.0561765149
       26.7000000000        1.0541920230
       26.8000000000        1.0437801747
       26.9000000000        1.0227884527
       27.0000000000        0.9882084779
       27.1000000000        0.9373886314
       27.2000000000        0.8692067049
       27.3000000000        0.7848220148
       27.4000000000        0.6877863656
       27.5000000000        0.5835143891
       27.6000000000        0.4783113230
       27.7000000000        0.3782643730
       27.8000000000        0.2882987938
       27.9000000000        0.2116028614
       28.0000000000        0.1494868608
       28.1000000000        0.1016141057
       28.2000000000        0.0664641575
       28.3000000000        0.0418709570
       28.4000000000        0.0255095973
       28.5000000000        0.0152609196
       28.6000000000        0.0094388051
       28.7000000000        0.0069046870
       28.8000000000        0.0071111908
       28.9000000000        0.0101137171
       29.0000000000        0.0165712123
       29.1000000000        0.0277326438
       29.2000000000        0.0453812351
       29.3000000000        0.0716919958
       29.4000000000        0.1089572851
       29.5000000000        0.1591564673
       29.6000000000        0.2233907093
       29.7000000000        0.3012654698
       29.8000000000        0.3903634725
       29.9000000000        0.4859845304
       30.0000000000        0.5813110916
       30.1000000000        0.6680785280
       30.2000000000        0.7376988685
       30.3000000000        0.7826424667
       30.4000000000        0.7977749343
       30.5000000000        0.7813219929
       30.6000000000        0.7352116768
       30.7000000000        0.6647026763
       30.8000000000        0.5773978247
       30.9000000000        0.4818984661
       31.0000000000        0.3864280373
       31.1000000000        0.2977243796
       31.2000000000        0.2203904915
       31.3000000000        0.1567487162
       31.4000000000        0.1071143894
       31.5000000000        0.0703273616
       31.6000000000        0.0443642882
       31.7000000000        0.0268890461
       31.8000000000        0.0156584929
       31.9000000000        0.0087610711
       32.0000000000        0.0047097422
       32.1000000000        0.0024325947
       32.2000000000        0.0012071884
       32.3000000000        0.0005755897
       32.4000000000        0.0002636840
       32.5000000000        0.0001160612
       32.6000000000        0.0000490821
       32.7000000000        0.0000199431
       32.8000000000        0.0000077856
       32.9000000000        0.0000029203
       33.0000000000        0.0000010526
       33.1000000000        0.0000003650
       33.2000000000        0.0000001234
       33.3000000000        0.0000000462
       33.4000000000        0.0000000367
       33.5000000000        0.0000000822
       33.6000000000        0.0000002410
       33.7000000000        0.0000007041
       33.8000000000        0.0000019837
       33.9000000000        0.0000053722
       34.0000000000        0.0000139834
       34.1000000000        0.0000349824
       34.2000000000        0.0000841182
       34.3000000000        0.0001944291
       34.4000000000        0.0004320134
       34.5000000000        0.0009228649
       34.6000000000        0.0018955365
       34.7000000000        0.0037440062
       34.8000000000        0.0071124505
       34.9000000000        0.0129975218
       35.0000000000        0.0228536223
       35.1000000000        0.0386735091
       35.2000000000        0.0630035939
       35.3000000000        0.0988461369
       35.4000000000        0.1494060218
       35.5000000000        0.2176632413
       35.6000000000        0.3057939034
       35.7000000000        0.4145150299
       35.8000000000        0.5424765604
       35.9000000000        0.6858492329
       36.0000000000        0.8382446026
       36.1000000000        0.9910498780
       36.2000000000        1.1341767100
       36.3000000000        1.2571324774
       36.4000000000        1.3502508185
       36.5000000000        1.4058836874
       36.6000000000        1.4193650743
       36.7000000000        1.3895989582
       36.8000000000        1.3191870026
       36.9000000000        1.2140818852
       37.0000000000        1.0828212971
       37.1000000000        0.9354595791
       37.2000000000        0.7823614412
       37.3000000000        0.6330452331
       37.4000000000        0.4952522700
       37.5000000000        0.3743710083
       37.6000000000        0.2732691444
       37.7000000000        0.1925023409
       37.8000000000        0.1307985529
       37.9000000000        0.0856797806
       38.0000000000        0.0540844658
       38.1000000000        0.0328865958
       38.2000000000        0.0192563237
       38.3000000000        0.0108546550
       38.4000000000        0.0058893510
       38.5000000000        0.0030759890
       38.6000000000        0.0015491252
       38.7000000000        0.0007595138
       38.8000000000        0.0003807059
       38.9000000000        0.0002368776
       39.0000000000        0.0002558516
       39.1000000000        0.0004473614
       39.2000000000        0.0009056999
       39.3000000000        0.0018363677
       39.4000000000        0.0036063299
       39.5000000000        0.0068151653
       39.6000000000        0.0123783213
       39.7000000000        0.0216034544
       39.8000000000        0.0362279548
       39.9000000000        0.0583744601
       40.0000000000        0.0903783510
       40.1000000000        0.1344548024
       40.2000000000        0.1922083787
       40.3000000000        0.2640438143
       40.4000000000        0.3486004257
       40.5000000000        0.4423823167
       40.6000000000        0.5397657286
       40.7000000000        0.6335138877
       40.8000000000        0.7158172483
       40.9000000000        0.7797267128
       41.0000000000        0.8207036111
       41.1000000000        0.8379233759
       41.2000000000        0.8349764748
       41.3000000000        0.8197171862
       41.4000000000        0.8031921739
       41.5000000000        0.7977880951
       41.6000000000        0.8149185960
       41.7000000000        0.8626869486
       41.8000000000        0.9439922100
       41.9000000000        1.0554917571
       42.0000000000        1.1876984479
       42.1000000000        1.3262899629
       42.2000000000        1.4544650762
       42.3000000000        1.5559378536
       42.4000000000        1.6179743237
       42.5000000000        1.6338091362
       42.6000000000        1.6038739854
       42.7000000000        1.5355230074
       42.8000000000        1.4412972690
       42.9000000000        1.3361341783
       43.0000000000        1.2341918424
       43.1000000000        1.1460442366
       43.2000000000        1.0768863417
       43.3000000000        1.0261065659
       43.4000000000        0.9882215364
       43.5000000000        0.9548294969
       43.6000000000        0.9170142023
       43.7000000000        0.8675744111
       43.8000000000        0.8025670510
       43.9000000000        0.7218886493
       44.0000000000        0.6289015993
       44.1000000000        0.5293550303
       44.2000000000        0.4299907031
       44.3000000000        0.3372374341
       44.4000000000        0.2563002082
       44.5000000000        0.1907896702
       44.6000000000        0.1428704263
       44.7000000000        0.1137772729
       44.8000000000        0.1044787016
       44.9000000000        0.1162560443
       45.0000000000        0.1510010485
       45.1000000000        0.2111003369
       45.2000000000        0.2988636423
       45.3000000000        0.4155594047
       45.4000000000        0.5602375470
       45.5000000000        0.7286239505
       45.6000000000        0.9124299872
       45.7000000000        1.0993959086
       45.8000000000        1.2742570916
       45.9000000000        1.4205996623
       46.0000000000        1.5233111071
       46.1000000000        1.5711158942
       46.2000000000        1.5585991104
       46.3000000000        1.4872092009
       46.4000000000        1.3649791845
       46.5000000000        1.2050383683
       46.6000000000        1.0232945707
       46.7000000000        0.8358510915
       46.8000000000        0.6567324820
       46.9000000000        0.4963427335
       47.0000000000        0.3608361270
       47.1000000000        0.2523332235
       47.2000000000        0.1697364641
       47.3000000000        0.1098276452
       47.4000000000        0.0683569716
       47.5000000000        0.0409248119
       47.6000000000        0.0235678916
       47.7000000000        0.0130551445
       47.8000000000        0.0069560970
       47.9000000000        0.0035650696
       48.0000000000        0.0017574528
       48.1000000000        0.0008333105
       48.2000000000        0.0003800417
       48.3000000000        0.0001667055
       48.4000000000        0.0000703325
       48.5000000000        0.0000285391
       48.6000000000        0.0000111377
       48.7000000000        0.0000041804
       48.8000000000        0.0000015090
       48.9000000000        0.0000005238
       49.0000000000        0.0000001749
       49.1000000000        0.0000000561
       49.2000000000        0.0000000173
       49.3000000000        0.0000000051
       49.4000000000        0.0000000015
       49.5000000000        0.0000000004
       49.6000000000        0.0000000001
       49.7000000000        0.0000000000
       49.8000000000        0.0000000000
       49.9000000000        0.0000000000
       50.0000000000        0.0000000000
       50.1000000000        0.0000000000
       50.2000000000        0.0000000000
       50.3000000000        0.0000000000
       50.4000000000        0.0000000000
       50.5000000000        0.0000000000
       50.6000000000        0.0000000000
       50.7000000000        0.0000000000
       50.8000000000        0.0000000000
       50.9000000000        0.0000000000
       51.0000000000        0.0000000000
       51.1000000000        0.0000000000
       51.2000000000        0.0000000000
       51.3000000000        0.0000000000
       51.4000000000        0.0000000000
       51.5000000000        0.0000000000
       51.6000000000        0.0000000000
       51.7000000000        0.0000000000
       51.8000000000        0.0000000000
       51.9000000000        0.0000000000
       52.0000000000        0.0000000000
       52.1000000000        0.0000000000
       52.2000000000        0.0000000000
       52.3000000000        0.0000000000
       52.4000000000        0.0000000000
       52.5000000000        0.0000000000
       52.6000000000        0.0000000000
       52.7000000000        0.0000000000
       52.8000000000        0.0000000000
       52.9000000000        0.0000000000
       53.0000000000        0.0000000000
       53.1000000000        0.0000000000
       53.2000000000        0.0000000000
       53.3000000000        0.0000000000
       53.4000000000        0.0000000000
       53.5000000000        0.0000000000
       53.6000000000        0.0000000000
       53.7000000000        0.0000000000
       53.8000000000        0.0000000000
       53.9000000000        0.0000000000
       54.0000000000        0.0000000000
       54.1000000000        0.0000000000
       54.2000000000        0.0000000000
       54.3000000000        0.0000000000
       54.4000000000        0.0000000000
       54.5000000000        0.0000000000
       54.6000000000        0.0000000000
       54.7000000000        0.0000000000
       54.8000000000        0.0000000000
       54.9000000000        0.0000000000
       55.0000000000        0.0000000000
       55.1000000000        0.0000000000
       55.2000000000        0.0000000000
       55.3000000000        0.0000000000
       55.4000000000        0.0000000000
       55.5000000000        0.0000000000
       55.6000000000        0.0000000000
       55.7000000000        0.0000000000
       55.8000000000        0.0000000000
       55.9000000000        0.0000000000
       56.0000000000        0.0000000000
       56.1000000000        0.0000000000
       56.2000000000        0.0000000000
       56.3000000000        0.0000000000
       56.4000000000        0.0000000000
       56.5000000000        0.0000000000
       56.6000000000        0.0000000000
       56.7000000000        0.0000000000
       56.8000000000        0.0000000000
       56.9000000000        0.0000000000
       57.0000000000        0.0000000000
       57.1000000000        0.0000000000
       57.2000000000        0.0000000000
       57.3000000000        0.0000000000
       57.4000000000        0.0000000000
       57.5000000000        0.0000000000
       57.6000000000        0.0000000000
       57.7000000000        0.0000000000
       57.8000000000        0.0000000000
       57.9000000000        0.0000000000
       58.0000000000        0.0000000000
       58.1000000000        0.0000000000
       58.2000000000        0.0000000000
       58.3000000000        0.0000000000
       58.4000000000        0.0000000000
       58.5000000000        0.0000000000
       58.6000000000        0.0000000000
       58.7000000000        0.0000000000
       58.8000000000        0.0000000000
       58.9000000000        0.0000000000
       59.0000000000        0.0000000000
       59.1000000000        0.0000000000
       59.2000000000        0.0000000000
       59.3000000000        0.0000000000
       59.4000000000        0.0000000000
       59.5000000000        0.0000000000
       59.6000000000        0.0000000000
       59.7000000000        0.0000000000
       59.8000000000        0.0000000000
       59.9000000000        0.0000000000
       60.0000000000        0.0000000000
       60.1000000000        0.0000000000
       60.2000000000        0.0000000000
       60.3000000000        0.0000000000
       60.4000000000        0.0000000000
       60.5000000000        0.0000000000
       60.6000000000        0.0000000000
       60.7000000000        0.0000000000
       60.8000000000        0.0000000000
       60.9000000000        0.0000000000
       61.0000000000        0.0000000000
       61.1000000000        0.0000000000
       61.2000000000        0.0000000000
       61.3000000000        0.0000000000
       61.4000000000        0.0000000000
       61.5000000000        0.0000000000
       61.6000000000        0.0000000000
       61.7000000000        0.0000000000
       61.8000000000        0.0000000000
       61.9000000000        0.0000000000
       62.0000000000        0.0000000000
       62.1000000000        0.0000000000
       62.2000000000        0.0000000000
       62.3000000000        0.0000000000
       62.4000000000        0.0000000000
       62.5000000000        0.0000000000
       62.6000000000        0.0000000000
       62.7000000000        0.0000000000
       62.8000000000        0.0000000000
       62.9000000000        0.0000000000
       63.0000000000        0.0000000000
       63.1000000000        0.0000000000
       63.2000000000        0.0000000000
       63.3000000000        0.0000000000
       63.4000000000        0.0000000000
       63.5000000000        0.0000000000
       63.6000000000        0.0000000000
       63.7000000000        0.0000000000
       63.8000000000        0.0000000000
       63.9000000000        0.0000000000
       64.0000000000        0.0000000000
       64.1000000000        0.0000000000
       64.2000000000        0.0000000000
       64.3000000000        0.0000000000
       64.4000000000        0.0000000000
       64.5000000000        0.0000000000
       64.6000000000        0.0000000000
       64.7000000000        0.0000000000
       64.8000000000        0.0000000000
       64.9000000000        0.0000000000
       65.0000000000        0.0000000000
       65.1000000000        0.0000000000
       65.2000000000        0.0000000000
       65.3000000000        0.0000000000
       65.4000000000        0.0000000000
       65.5000000000        0.0000000000
       65.6000000000        0.0000000000
       65.7000000000        0.0000000000
       65.8000000000        0.0000000000
       65.9000000000        0.0000000000
       66.0000000000        0.0000000000
       66.1000000000        0.0000000000
       66.2000000000        0.0000000000
       66.3000000000        0.0000000000
       66.4000000000        0.0000000000
       66.5000000000        0.0000000000
       66.6000000000        0.0000000000
       66.7000000000        0.0000000000
       66.8000000000        0.0000000000
       66.9000000000        0.0000000000
       67.0000000000        0.0000000000
       67.1000000000        0.0000000000
       67.2000000000        0.0000000000
       67.3000000000        0.0000000000
       67.4000000000        0.0000000000
       67.5000000000        0.0000000000
       67.6000000000        0.0000000000
       67.7000000000        0.0000000000
       67.8000000000        0.0000000000
       67.9000000000        0.0000000000
       68.0000000000        0.0000000000
       68.1000000000        0.0000000000
       68.2000000000        0.0000000000
       68.3000000000        0.0000000000
       68.4000000000        0.0000000000
       68.5000000000        0.0000000000
       68.6000000000        0.0000000000
       68.7000000000        0.0000000000
       68.8000000000        0.0000000000
       68.9000000000        0.0000000000
       69.0000000000        0.0000000000
       69.1000000000        0.0000000000
       69.2000000000        0.0000000000
       69.3000000000        0.0000000000
       69.4000000000        0.0000000000
       69.5000000000        0.0000000000
       69.6000000000        0.0000000000
       69.7000000000        0.0000000000
       69.8000000000        0.0000000000
       69.9000000000        0.0000000000
       70.0000000000        0.0000000000
       70.1000000000        0.0000000000
       70.2000000000        0.0000000000
       70.3000000000        0.0000000000
       70.4000000000        0.0000000000
       70.5000000000        0.0000000000
       70.6000000000        0.0000000000
       70.7000000000        0.0000000000
       70.8000000000        0.0000000000
       70.9000000000        0.0000000000
       71.0000000000        0.0000000000
       71.1000000000        0.0000000000
       71.2000000000        0.0000000000
       71.3000000000        0.0000000000
       71.4000000000        0.0000000000
       71.5000000000        0.0000000000
       71.6000000000        0.0000000000
       71.7000000000        0.0000000000
       71.8000000000        0.0000000000
       71.9000000000        0.0000000000
       72.0000000000        0.0000000000
       72.1000000000        0.0000000000
       72.2000000000        0.0000000000
       72.3000000000        0.0000000000
       72.4000000000        0.0000000000
       72.5000000000        0.0000000000
       72.6000000000        0.0000000000
       72.7000000000        0.0000000000
       72.8000000000        0.0000000000
       72.9000000000        0.0000000000
       73.0000000000        0.0000000000
       73.1000000000        0.0000000000
       73.2000000000        0.0000000000
       73.3000000000        0.0000000000
       73.4000000000        0.0000000000
       73.5000000000        0.0000000000
       73.6000000000        0.0000000000
       73.7000000000        0.0000000000
       73.8000000000        0.0000000000
       73.9000000000        0.0000000000
       74.0000000000        0.0000000000
       74.1000000000        0.0000000000
       74.2000000000        0.0000000000
       74.3000000000        0.0000000000
       74.4000000000        0.0000000000
       74.5000000000        0.0000000000
       74.6000000000        0.0000000000
       74.7000000000        0.0000000000
       74.8000000000        0.0000000000
       74.9000000000        0.0000000000
       75.0000000000        0.0000000000
       75.1000000000        0.0000000000
       75.2000000000        0.0000000000
       75.3000000000        0.0000000000
       75.4000000000        0.0000000000
       75.5000000000        0.0000000000
       75.6000000000        0.0000000000
       75.7000000000        0.0000000000
       75.8000000000        0.0000000000
       75.9000000000        0.0000000000
       76.0000000000        0.0000000000
       76.1000000000        0.0000000000
       76.2000000000        0.0000000000
       76.3000000000        0.0000000000
       76.4000000000        0.0000000000
       76.5000000000        0.0000000000
       76.6000000000        0.0000000000
       76.7000000000        0.0000000000
       76.8000000000        0.0000000000
       76.9000000000        0.0000000000
       77.0000000000        0.0000000000
       77.1000000000        0.0000000000
       77.2000000000        0.0000000000
       77.3000000000        0.0000000000
       77.4000000000        0.0000000000
       77.5000000000        0.0000000000
       77.6000000000        0.0000000000
       77.7000000000        0.0000000000
       77.8000000000        0.0000000000
       77.9000000000        0.0000000000
       78.0000000000        0.0000000000
       78.1000000000        0.0000000000
       78.2000000000        0.0000000000
       78.3000000000        0.0000000000
       78.4000000000        0.0000000000
       78.5000000000        0.0000000000
       78.6000000000        0.0000000000
       78.7000000000        0.0000000000
       78.8000000000        0.0000000000
       78.9000000000        0.0000000000
       79.0000000000        0.0000000000
       79.1000000000        0.0000000000
       79.2000000000        0.0000000000
       79.3000000000        0.0000000000
       79.4000000000        0.0000000000
       79.5000000000        0.0000000000
       79.6000000000        0.0000000000
       79.7000000000        0.0000000000
       79.8000000000        0.0000000000
       79.9000000000        0.0000000000
       80.0000000000        0.0000000000
       80.1000000000        0.0000000000
       80.2000000000        0.0000000000
       80.3000000000        0.0000000000
       80.4000000000        0.0000000000
       80.5000000000        0.0000000000
       80.6000000000        0.0000000000
       80.7000000000        0.0000000000
       80.8000000000        0.0000000000
       80.9000000000        0.0000000000
       81.0000000000        0.0000000000
       81.1000000000        0.0000000000
       81.2000000000        0.0000000000
       81.3000000000        0.0000000000
       81.4000000000        0.0000000000
       81.5000000000        0.0000000000
       81.6000000000        0.0000000000
       81.7000000000        0.0000000000
       81.8000000000        0.0000000000
       81.9000000000        0.0000000000
       82.0000000000        0.0000000000
       82.1000000000        0.0000000000
       82.2000000000        0.0000000000
       82.3000000000        0.0000000000
       82.4000000000        0.0000000000
       82.5000000000        0.0000000000
       82.6000000000        0.0000000000
       82.7000000000        0.0000000000
       82.8000000000        0.0000000000
       82.9000000000        0.0000000000
       83.0000000000        0.0000000000
       83.1000000000        0.0000000000
       83.2000000000        0.0000000000
       83.3000000000        0.0000000000
       83.4000000000        0.0000000000
       83.5000000000        0.0000000000
       83.6000000000        0.0000000000
       83.7000000000        0.0000000000
       83.8000000000        0.0000000000
       83.9000000000        0.0000000000
       84.0000000000        0.0000000000
       84.1000000000        0.0000000000
       84.2000000000        0.0000000000
       84.3000000000        0.0000000000
       84.4000000000        0.0000000000
       84.5000000000        0.0000000000
       84.6000000000        0.0000000000
       84.7000000000        0.0000000000
       84.8000000000        0.0000000000
       84.9000000000        0.0000000000
       85.0000000000        0.0000000000
       85.1000000000        0.0000000000
       85.2000000000        0.0000000000
       85.3000000000        0.0000000000
       85.4000000000        0.0000000000
       85.5000000000        0.0000000001
       85.6000000000        0.0000000004
       85.7000000000        0.0000000015
       85.8000000000        0.0000000053
       85.9000000000        0.0000000178
       86.0000000000        0.0000000572
       86.1000000000        0.0000001765
       86.2000000000        0.0000005236
       86.3000000000        0.0000014920
       86.4000000000        0.0000040849
       86.5000000000        0.0000107455
       86.6000000000        0.0000271584
       86.7000000000        0.0000659492
       86.8000000000        0.0001538666
       86.9000000000        0.0003449118
       87.0000000000        0.0007428492
       87.1000000000        0.0015371710
       87.2000000000        0.0030561351
       87.3000000000        0.0058378347
       87.4000000000        0.0107142041
       87.5000000000        0.0188928254
       87.6000000000        0.0320083128
       87.7000000000        0.0521023763
       87.8000000000        0.0814856541
       87.9000000000        0.1224429143
       88.0000000000        0.1767726359
       88.1000000000        0.2452027269
       88.2000000000        0.3267867447
       88.3000000000        0.4184392815
       88.4000000000        0.5147891002
       88.5000000000        0.6084923443
       88.6000000000        0.6910504852
       88.7000000000        0.7540381508
       88.8000000000        0.7905070722
       88.9000000000        0.7962457512
       89.0000000000        0.7705796258
       89.1000000000        0.7165017270
       89.2000000000        0.6400990923
       89.3000000000        0.5494273710
       89.4000000000        0.4531221928
       89.5000000000        0.3590788120
       89.6000000000        0.2734757254
       89.7000000000        0.2002934367
       89.8000000000        0.1413361185
       89.9000000000        0.0966492331
       90.0000000000        0.0651681624
       90.1000000000        0.0454334833
       90.2000000000        0.0362487998
       90.3000000000        0.0372093775
       90.4000000000        0.0490702817
       90.5000000000        0.0739393173
       90.6000000000        0.1152748922
       90.7000000000        0.1776552156
       90.8000000000        0.2662811724
       90.9000000000        0.3861965323
       91.0000000000        0.5412623077
       91.1000000000        0.7329997274
       91.2000000000        0.9594970463
       91.3000000000        1.2146289629
       91.4000000000        1.4878346111
       91.5000000000        1.7646250277
       91.6000000000        2.0278503162
       91.7000000000        2.2595817246
       91.8000000000        2.4433029106
       91.9000000000        2.5660079585
       92.0000000000        2.6198053471
       92.1000000000        2.6027317406
       92.2000000000        2.5186590948
       92.3000000000        2.3763809614
       92.4000000000        2.1881304529
       92.5000000000        1.9678684466
       92.6000000000        1.7296703724
       92.7000000000        1.4864499261
       92.8000000000        1.2491284597
       92.9000000000        1.0262361776
       93.0000000000        0.8238506143
       93.1000000000        0.6457516552
       93.2000000000        0.4936904405
       93.3000000000        0.3677084115
       93.4000000000        0.2664787016
       93.5000000000        0.1876609650
       93.6000000000        0.1282614246
       93.7000000000        0.0849806542
       93.8000000000        0.0545231745
       93.9000000000        0.0338425979
       94.0000000000        0.0203049816
       94.1000000000        0.0117674235
       94.2000000000        0.0065830842
       94.3000000000        0.0035532201
       94.4000000000        0.0018497132
       94.5000000000        0.0009288572
       94.6000000000        0.0004512162
       94.7000000000        0.0002157687
       94.8000000000        0.0001111487
       94.9000000000        0.0000834607
       95.0000000000        0.0001188944
       95.1000000000        0.0002397512
       95.2000000000        0.0005138511
       95.3000000000        0.0010788710
       95.4000000000        0.0021840828
       95.5000000000        0.0042511263
       95.6000000000        0.0079516512
       95.7000000000        0.0142919430
       95.8000000000        0.0246830987
       95.9000000000        0.0409620716
       96.0000000000        0.0653188212
       96.1000000000        0.1000851187
       96.2000000000        0.1473587769
       96.3000000000        0.2084771376
       96.4000000000        0.2834114530
       96.5000000000        0.3702145680
       96.6000000000        0.4646943346
       96.7000000000        0.5604793841
       96.8000000000        0.6495774370
       96.9000000000        0.7234056254
       97.0000000000        0.7741286450
       97.1000000000        0.7960225124
       97.2000000000        0.7865370310
       97.3000000000        0.7467844599
       97.4000000000        0.6813249759
       97.5000000000        0.5973061124
       97.6000000000        0.5031806102
       97.7000000000        0.4073200669
       97.8000000000        0.3168351614
       97.9000000000        0.2368194048
       98.0000000000        0.1700937046
       98.1000000000        0.1173942796
       98.2000000000        0.0778563558
       98.3000000000        0.0496169832
       98.4000000000        0.0303848078
       98.5000000000        0.0178802339
       98.6000000000        0.0101106989
       98.7000000000        0.0054939050
       98.8000000000        0.0028686253
       98.9000000000        0.0014393285
       99.0000000000        0.0006939692
       99.1000000000        0.0003215254
       99.2000000000        0.0001431482
       99.3000000000        0.0000612425
       99.4000000000        0.0000251778
       99.5000000000        0.0000099467
       99.6000000000        0.0000037761
       99.7000000000        0.0000013775
       99.8000000000        0.0000004829
       99.9000000000        0.0000001627
      100.0000000000        0.0000000527
      100.1000000000        0.0000000164
      100.2000000000        0.0000000049
      100.3000000000        0.0000000014
      100.4000000000        0.0000000004
      100.5000000000        0.0000000001
      100.6000000000        0.0000000000
      100.7000000000        0.0000000000
      100.8000000000        0.0000000000
      100.9000000000        0.0000000000
      101.0000000000        0.0000000000
      101.1000000000        0.0000000000
      101.2000000000        0.0000000000
      101.3000000000        0.0000000000
      101.4000000000        0.0000000000
      101.5000000000        0.0000000000
      101.6000000000        0.0000000000
      101.7000000000        0.0000000000
      101.8000000000        0.0000000000
      101.9000000000        0.0000000000
      102.0000000000        0.0000000000
      102.1000000000        0.0000000000
      102.2000000000        0.0000000000
      102.3000000000        0.0000000000
      102.4000000000        0.0000000000
      102.5000000000        0.0000000000
      102.6000000000        0.0000000000
      102.7000000000        0.0000000000
      102.8000000000        0.0000000000
      102.9000000000        0.0000000000
      103.0000000000        0.0000000000
      103.1000000000        0.0000000000
      103.2000000000        0.0000000000
      103.3000000000        0.0000000000
      103.4000000000        0.0000000000
      103.5000000000        0.0000000000
      103.6000000000        0.0000000000
      103.7000000000        0.0000000000
      103.8000000000        0.0000000000
      103.9000000000        0.0000000000
      104.0000000000        0.0000000000
      104.1000000000        0.0000000000
      104.2000000000        0.0000000000
      104.3000000000        0.0000000000
      104.4000000000        0.0000000000
      104.5000000000        0.0000000000
      104.6000000000        0.0000000000
      104.7000000000        0.0000000000
      104.8000000000        0.0000000000
      104.9000000000        0.0000000000
      105.0000000000        0.0000000000
      105.1000000000        0.0000000000
      105.2000000000        0.0000000000
      105.3000000000        0.0000000000
      105.4000000000        0.0000000000
      105.5000000000        0.0000000000
      105.6000000000        0.0000000000
      105.7000000000        0.0000000000
      105.8000000000        0.0000000000
      105.9000000000        0.0000000000
      106.0000000000        0.0000000000
      106.1000000000        0.0000000000
      106.2000000000        0.0000000000
      106.3000000000        0.0000000000
      106.4000000000        0.0000000000
      106.5000000000        0.0000000000
      106.6000000000        0.0000000000
      106.7000000000        0.0000000000
      106.8000000000        0.0000000000
      106.9000000000        0.0000000000
      107.0000000000        0.0000000000
      107.1000000000        0.0000000000
      107.2000000000        0.0000000000
      107.3000000000        0.0000000000
      107.4000000000        0.0000000000
      107.5000000000        0.0000000000
      107.6000000000        0.0000000000
      107.7000000000        0.0000000000
      107.8000000000        0.0000000000
      107.9000000000        0.0000000000
      108.0000000000        0.0000000000
      108.1000000000        0.0000000000
      108.2000000000        0.0000000000
      108.3000000000        0.0000000000
      108.4000000000        0.0000000000
      108.5000000000        0.0000000000
      108.6000000000        0.0000000000
      108.7000000000        0.0000000000
      108.8000000000        0.0000000000
      108.9000000000        0.0000000000
      109.0000000000        0.0000000000
      109.1000000000        0.0000000000
      109.2000000000        0.0000000000
      109.3000000000        0.0000000000
      109.4000000000        0.0000000000
      109.5000000000        0.0000000000
      109.6000000000        0.0000000000
      109.7000000000        0.0000000000
      109.8000000000        0.0000000000
      109.9000000000        0.0000000000
      110.0000000000        0.0000000000
      110.1000000000        0.0000000000
      110.2000000000        0.0000000000
      110.3000000000        0.0000000000
      110.4000000000        0.0000000000
      110.5000000000        0.0000000000
      110.6000000000        0.0000000000
      110.7000000000        0.0000000000
      110.8000000000        0.0000000000
      110.9000000000        0.0000000000
      111.0000000000        0.0000000000
      111.1000000000        0.0000000000
      111.2000000000        0.0000000000
      111.3000000000        0.0000000000
      111.4000000000        0.0000000000
      111.5000000000        0.0000000000
      111.6000000000        0.0000000000
      111.7000000000        0.0000000000
      111.8000000000        0.0000000000
      111.9000000000        0.0000000000
      112.0000000000        0.0000000000
      112.1000000000        0.0000000000
      112.2000000000        0.0000000000
      112.3000000000        0.0000000000
      112.4000000000        0.0000000000
      112.5000000000        0.0000000000
      112.6000000000        0.0000000000
      112.7000000000        0.0000000000
      112.8000000000        0.0000000000
      112.9000000000        0.0000000000
      113.0000000000        0.0000000000
      113.1000000000        0.0000000000
      113.2000000000        0.0000000000
      113.3000000000        0.0000000000
      113.4000000000        0.0000000000
      113.5000000000        0.0000000000
      113.6000000000        0.0000000000
      113.7000000000        0.0000000000
      113.8000000000        0.0000000000
      113.9000000000        0.0000000000
      114.0000000000        0.0000000000
      114.1000000000        0.0000000000
      114.2000000000        0.0000000000
      114.3000000000        0.0000000000
      114.4000000000        0.0000000000
      114.5000000000        0.0000000000
      114.6000000000        0.0000000000
      114.7000000000        0.0000000000
      114.8000000000        0.0000000000
      114.9000000000        0.0000000000
      115.0000000000        0.0000000000
      115.1000000000        0.0000000000
      115.2000000000        0.0000000000
      115.3000000000        0.0000000000
      115.4000000000        0.0000000000
      115.5000000000        0.0000000000
      115.6000000000        0.0000000000
      115.7000000000        0.0000000000
      115.8000000000        0.0000000000
      115.9000000000        0.0000000000
      116.0000000000        0.0000000000
      116.1000000000        0.0000000000
      116.2000000000        0.0000000000
      116.3000000000        0.0000000000
      116.4000000000        0.0000000000
      116.5000000000        0.0000000000
      116.6000000000        0.0000000000
      116.7000000000        0.0000000000
      116.8000000000        0.0000000000
      116.9000000000        0.0000000000
      117.0000000000        0.0000000000
      117.1000000000        0.0000000000
      117.2000000000        0.0000000000
      117.3000000000        0.0000000000
      117.4000000000        0.0000000000
      117.5000000000        0.0000000000
      117.6000000000        0.0000000000
      117.7000000000        0.0000000000
      117.8000000000        0.0000000000
      117.9000000000        0.0000000000
      118.0000000000        0.0000000000
      118.1000000000        0.0000000000
      118.2000000000        0.0000000000
      118.3000000000        0.0000000000
      118.4000000000        0.0000000000
      118.5000000000        0.0000000000
      118.6000000000        0.0000000000
      118.7000000000        0.0000000000
      118.8000000000        0.0000000000
      118.9000000000        0.0000000000
      119.0000000000        0.0000000000
      119.1000000000        0.0000000000
      119.2000000000        0.0000000000
      119.3000000000        0.0000000000
      119.4000000000        0.0000000000
      119.5000000000        0.0000000000
      119.6000000000        0.0000000000
      119.7000000000        0.0000000000
      119.8000000000        0.0000000000
      119.9000000000        0.0000000000
      120.0000000000        0.0000000000
