# temperature   10.000000000000000
#    0.000545864927840   -0.119022526162712    9.720684539795494 -352.412429924477237 4785.354429101246751
  49.229999999999997    1.267125800000000
  50.009999999999998    1.227823600000000
  50.799999999999997    1.205061700000000
  51.600000000000001    1.201118100000000
  52.399999999999999    1.205184900000000
  53.219999999999999    1.230295400000000
  54.039999999999999    1.259660300000000
  54.869999999999997    1.318244000000000
  55.710000000000001    1.397744100000000
  56.560000000000002    1.503884100000000
  57.420000000000002    1.631025900000000
  58.280000000000001    1.818027300000000
  59.159999999999997    2.089487500000000
  60.039999999999999    2.479916900000000
  60.930000000000000    3.085125700000000
  61.829999999999998    4.074144700000000
  62.740000000000002    5.442293000000000


# temperature   20.000000000000000
#    0.000742648554576   -0.160212659075467   12.965756499446645 -466.370962704256669 6292.016564546782320
  49.229999999999997    7.086604100000000
  50.009999999999998    7.182933600000000
  50.799999999999997    7.312538700000000
  51.600000000000001    7.484506900000000
  52.399999999999999    7.679765200000000
  53.219999999999999    7.930376000000000
  54.039999999999999    8.207634600000000
  54.869999999999997    8.558037100000000
  55.710000000000001    8.964258200000000
  56.560000000000002    9.444424800000000
  57.420000000000002    9.986342199999999
  58.280000000000001   10.658161099999999
  59.159999999999997   11.477281899999999
  60.039999999999999   12.445881999999999
  60.930000000000000   13.605278400000000
  61.829999999999998   14.969866500000000
  62.740000000000002   16.075566500000001


# temperature   30.000000000000000
#    0.000647981134250   -0.138656184854254   11.149592492885040 -398.959248089257756 5363.098276793047262
  49.229999999999997   13.278177599999999
  50.009999999999998   13.606174100000000
  50.799999999999997   13.977355400000000
  51.600000000000001   14.401406900000000
  52.399999999999999   14.863579100000001
  53.219999999999999   15.392749500000001
  54.039999999999999   15.970382799999999
  54.869999999999997   16.615049299999999
  55.710000000000001   17.309289499999998
  56.560000000000002   18.076888700000001
  57.420000000000002   18.900729500000001
  58.280000000000001   19.823302500000000
  59.159999999999997   20.848007200000001
  60.039999999999999   21.949228000000002
  60.930000000000000   23.129469100000001
  61.829999999999998   24.370649499999999
  62.740000000000002   25.145141400000000


# temperature   40.000000000000000
#    0.000553000760221   -0.117773611671767    9.440456507159443 -336.993371908580343 4525.707097985411565
  49.229999999999997   19.114422000000001
  50.009999999999998   19.644670300000001
  50.799999999999997   20.216683000000000
  51.600000000000001   20.836011899999999
  52.399999999999999   21.490619800000001
  53.219999999999999   22.199962500000002
  54.039999999999999   22.951826400000002
  54.869999999999997   23.739781900000001
  55.710000000000001   24.548711999999998
  56.560000000000002   25.403141099999999
  57.420000000000002   26.286524499999999
  58.280000000000001   27.222423800000001
  59.159999999999997   28.211732999999999
  60.039999999999999   29.224554500000000
  60.930000000000000   30.251992000000001
  61.829999999999998   31.273990099999999
  62.740000000000002   31.757896500000001


# temperature   50.000000000000000
#    0.000483397167143   -0.102626503992440    8.209962115862178 -292.560704210442964 3926.923742595948170
  49.229999999999997   24.397106999999998
  50.009999999999998   25.032407100000000
  50.799999999999997   25.697575799999999
  51.600000000000001   26.394639399999999
  52.399999999999999   27.113775700000001
  53.219999999999999   27.867569499999998
  54.039999999999999   28.647367899999999
  54.869999999999997   29.436148500000002
  55.710000000000001   30.222771099999999
  56.560000000000002   31.030302400000000
  57.420000000000002   31.845715800000001
  58.280000000000001   32.683236000000001
  59.159999999999997   33.544609700000002
  60.039999999999999   34.403428400000003
  60.930000000000000   35.246687999999999
  61.829999999999998   36.055359799999998
  62.740000000000002   36.301320400000002


# temperature   60.000000000000000
#    0.000428959915814   -0.090787194454939    7.246525007864051 -257.629532892111797 3454.255406092043813
  49.229999999999997   28.885244799999999
  50.009999999999998   29.539373000000001
  50.799999999999997   30.210537899999999
  51.600000000000001   30.899008800000001
  52.399999999999999   31.597126800000002
  53.219999999999999   32.313524700000002
  54.039999999999999   33.041907899999998
  54.869999999999997   33.763011300000002
  55.710000000000001   34.469258000000004
  56.560000000000002   35.181260000000002
  57.420000000000002   35.889442899999999
  58.280000000000001   36.603373400000002
  59.159999999999997   37.325699200000003
  60.039999999999999   38.034644200000002
  60.930000000000000   38.714934800000002
  61.829999999999998   39.347988299999997
  62.740000000000002   39.410945499999997


# temperature   70.000000000000000
#    0.000383062899150   -0.080778242238016    6.428663893749466 -227.826404035343131 3049.327300502561684
  49.229999999999997   32.540690800000000
  50.009999999999998   33.163975100000002
  50.799999999999997   33.794553399999998
  51.600000000000001   34.432054600000001
  52.399999999999999   35.070669600000002
  53.219999999999999   35.716784500000003
  54.039999999999999   36.365738200000003
  54.869999999999997   36.999349799999997
  55.710000000000001   37.612631000000000
  56.560000000000002   38.223529700000000
  57.420000000000002   38.825075300000002
  58.280000000000001   39.424260699999998
  59.159999999999997   40.024178900000003
  60.039999999999999   40.607106799999997
  60.930000000000000   41.156129900000003
  61.829999999999998   41.652549399999998
  62.740000000000002   41.577906100000000


# temperature   80.000000000000000
#    0.000342696314416   -0.071951016075887    5.704898800027514 -201.361369519275684 2689.001085933495233
  49.229999999999997   35.460399799999998
  50.009999999999998   36.031261999999998
  50.799999999999997   36.603021599999998
  51.600000000000001   37.175179900000003
  52.399999999999999   37.743359099999999
  53.219999999999999   38.312582100000000
  54.039999999999999   38.879320900000003
  54.869999999999997   39.427465800000000
  55.710000000000001   39.953776699999999
  56.560000000000002   40.473719899999999
  57.420000000000002   40.982142400000001
  58.280000000000001   41.484453100000003
  59.159999999999997   41.983849200000002
  60.039999999999999   42.465831899999998
  60.930000000000000   42.912188499999999
  61.829999999999998   43.303837600000001
  62.740000000000002   43.125751299999997


# temperature   90.000000000000000
#    0.000306417150104   -0.064001741304870    5.051676271601660 -177.431442940080530 2363.027827236606299
  49.229999999999997   37.780599400000000
  50.009999999999998   38.293302199999999
  50.799999999999997   38.803029899999999
  51.600000000000001   39.309351599999999
  52.399999999999999   39.808945100000003
  53.219999999999999   40.305934200000003
  54.039999999999999   40.797578999999999
  54.869999999999997   41.269923400000003
  55.710000000000001   41.720885199999998
  56.560000000000002   42.163767300000004
  57.420000000000002   42.594664500000000
  58.280000000000001   43.017921500000000
  59.159999999999997   43.436652000000002
  60.039999999999999   43.838862499999998
  60.930000000000000   44.205288699999997
  61.829999999999998   44.516382399999998
  62.740000000000002   44.259757700000002


# temperature  100.000000000000000
#    0.000273409581328   -0.056759984169578    4.455826758565569 -155.585475698138055 2065.563436064117923
  49.229999999999997   39.629646700000002
  50.009999999999998   40.086073700000000
  50.799999999999997   40.537333400000001
  51.600000000000001   40.983120000000000
  52.399999999999999   41.420875899999999
  53.219999999999999   41.854086299999999
  54.039999999999999   42.280564699999999
  54.869999999999997   42.688292199999999
  55.710000000000001   43.075955399999998
  56.560000000000002   43.455026900000000
  57.420000000000002   43.822462899999998
  58.280000000000001   44.181846299999997
  59.159999999999997   44.536119999999997
  60.039999999999999   44.875237200000001
  60.930000000000000   45.179076100000003
  61.829999999999998   45.427624399999999
  62.740000000000002   45.110540200000003


# temperature  110.000000000000000
#    0.000243131965323   -0.050111938234057    3.908450259089936 -135.512369565457249 1792.470492052605323
  49.229999999999997   41.113419000000000
  50.009999999999998   41.518580399999998
  50.799999999999997   41.917440700000000
  51.600000000000001   42.309821700000001
  52.399999999999999   42.693718699999998
  53.219999999999999   43.072137200000000
  54.039999999999999   43.443284599999998
  54.869999999999997   43.796796100000002
  55.710000000000001   44.131874400000001
  56.560000000000002   44.458462200000000
  57.420000000000002   44.774119700000000
  58.280000000000001   45.081859700000003
  59.159999999999997   45.384422100000002
  60.039999999999999   45.673286500000003
  60.930000000000000   45.927628300000002
  61.829999999999998   46.127009200000003
  62.740000000000002   45.762686500000001


# temperature  120.000000000000000
#    0.000215183143053   -0.043972397818972    3.402777037181608 -116.970605363237880 1540.468219348425237
  49.229999999999997   42.314559699999997
  50.009999999999998   42.674367799999999
  50.799999999999997   43.027387099999999
  51.600000000000001   43.373551999999997
  52.399999999999999   43.711259800000001
  53.219999999999999   44.043140999999999
  54.039999999999999   44.367688200000003
  54.869999999999997   44.675921099999996
  55.710000000000001   44.967394900000002
  56.560000000000002   45.250776600000002
  57.420000000000002   45.524058500000002
  58.280000000000001   45.789811899999997
  59.159999999999997   46.050571400000003
  60.039999999999999   46.299026900000001
  60.930000000000000   46.513775000000003
  61.829999999999998   46.674000100000001
  62.740000000000002   46.272226799999999


# temperature  130.000000000000000
#    0.000189248039427   -0.038273763165901    2.933365447150894  -99.763177146838572 1306.846403357572399
  49.229999999999997   43.296126100000002
  50.009999999999998   43.616378800000000
  50.799999999999997   43.929740500000001
  51.600000000000001   44.236238800000002
  52.399999999999999   44.534566900000002
  53.219999999999999   44.827053399999997
  54.039999999999999   45.112401100000000
  54.869999999999997   45.382782300000002
  55.710000000000001   45.637996800000003
  56.560000000000002   45.885646500000000
  57.420000000000002   46.124038599999999
  58.280000000000001   46.355394300000000
  59.159999999999997   46.582053700000003
  60.039999999999999   46.797678400000002
  60.930000000000000   46.980385499999997
  61.829999999999998   47.109030500000003
  62.740000000000002   46.677156099999998


# temperature  140.000000000000000
#    0.000165070352156   -0.032960608820646    2.495711658130217  -83.725495595271340 1089.325929353752372
  49.229999999999997   44.105889200000000
  50.009999999999998   44.391857600000002
  50.799999999999997   44.671056399999998
  51.600000000000001   44.943588599999998
  52.399999999999999   45.208367699999997
  53.219999999999999   45.467474600000003
  54.039999999999999   45.719769399999997
  54.869999999999997   45.958385499999999
  55.710000000000001   46.183294699999998
  56.560000000000002   46.401206000000002
  57.420000000000002   46.610660699999997
  58.280000000000001   46.813596799999999
  59.159999999999997   47.012176500000002
  60.039999999999999   47.200851000000000
  60.930000000000000   47.357337100000002
  61.829999999999998   47.460206399999997
  62.740000000000002   47.003828800000001


# temperature  150.000000000000000
#    0.000142438511273   -0.027986926152053    2.086053501174429  -68.719298760899846  885.986731411525966
  49.229999999999997   44.780071000000000
  50.009999999999998   45.036375399999997
  50.799999999999997   45.286155800000003
  51.600000000000001   45.529575700000002
  52.399999999999999   45.765714600000003
  53.219999999999999   45.996447099999997
  54.039999999999999   46.220753199999997
  54.869999999999997   46.432570499999997
  55.710000000000001   46.631994599999999
  56.560000000000002   46.824981000000001
  57.420000000000002   47.010248199999999
  58.280000000000001   47.189502200000000
  59.159999999999997   47.364744500000000
  60.039999999999999   47.531075999999999
  60.930000000000000   47.665876799999999
  61.829999999999998   47.747473300000003
  62.740000000000002   47.270916300000003


# temperature  160.000000000000000
#    0.000121175040083   -0.023313965612117    1.701209016384592  -54.627263325117731  695.198290681460662
  49.229999999999997   45.346277200000003
  50.009999999999998   45.576893300000002
  50.799999999999997   45.801294700000000
  51.600000000000001   46.019692999999997
  52.399999999999999   46.231294900000002
  53.219999999999999   46.437800600000003
  54.039999999999999   46.638283199999996
  54.869999999999997   46.827357499999998
  55.710000000000001   47.005208699999997
  56.560000000000002   47.177153300000001
  57.420000000000002   47.342046300000000
  58.280000000000001   47.501400699999998
  59.159999999999997   47.657074999999999
  60.039999999999999   47.804709500000001
  60.930000000000000   47.921399500000000
  61.829999999999998   47.985259800000001
  62.740000000000002   47.491906999999998


# temperature  170.000000000000000
#    0.000101130400261   -0.018908990339975    1.338482843349796  -41.349834136499638  515.577636107314788
  49.229999999999997   45.825700699999999
  50.009999999999998   46.034019000000001
  50.799999999999997   46.236458700000000
  51.600000000000001   46.433270000000000
  52.399999999999999   46.623758100000003
  53.219999999999999   46.809474700000003
  54.039999999999999   46.989565800000001
  54.869999999999997   47.159220300000001
  55.710000000000001   47.318689399999997
  56.560000000000002   47.472743999999999
  57.420000000000002   47.620345800000003
  58.280000000000001   47.762845700000000
  59.159999999999997   47.901975100000001
  60.039999999999999   48.033827100000003
  60.930000000000000   48.135254199999999
  61.829999999999998   48.184187999999999
  62.740000000000002   47.676720000000003


# temperature  180.000000000000000
#    0.000082176809630   -0.014743971464759    0.995563114475848  -28.801547840191578  345.938834565257764
  49.229999999999997   46.234747900000002
  50.009999999999998   46.423649099999999
  50.799999999999997   46.607012699999999
  51.600000000000001   46.785120100000000
  52.399999999999999   46.957353699999999
  53.219999999999999   47.125137400000000
  54.039999999999999   47.287675600000000
  54.869999999999997   47.440646800000003
  55.710000000000001   47.584351200000000
  56.560000000000002   47.723091199999999
  57.420000000000002   47.855913299999997
  58.280000000000001   47.984030599999997
  59.159999999999997   48.109062100000003
  60.039999999999999   48.227484199999999
  60.930000000000000   48.315940900000001
  61.829999999999998   48.352204700000001
  62.740000000000002   47.832769300000002


# temperature  190.000000000000000
#    0.000064205477604   -0.010795016917227    0.670477135986518  -16.909459599746793  185.271073940522200
  49.229999999999997   46.586231200000000
  50.009999999999998   46.758161600000001
  50.799999999999997   46.924887599999998
  51.600000000000001   47.086715900000002
  52.399999999999999   47.243089900000001
  53.219999999999999   47.395323500000003
  54.039999999999999   47.542667600000001
  54.869999999999997   47.681221399999998
  55.710000000000001   47.811322099999998
  56.560000000000002   47.936866799999997
  57.420000000000002   48.056970700000001
  58.280000000000001   48.172728700000000
  59.159999999999997   48.285660200000002
  60.039999999999999   48.392568599999997
  60.930000000000000   48.469918300000003
  61.829999999999998   48.495342800000003
  62.740000000000002   47.965679299999998


# temperature  200.000000000000000
#    0.000047122017091   -0.007041377628722    0.361510498359135   -5.610181171009801   32.697344913590008
  49.229999999999997   46.890245200000003
  50.009999999999998   47.047284800000000
  50.799999999999997   47.199438499999999
  51.600000000000001   47.347033300000000
  52.399999999999999   47.489561999999999
  53.219999999999999   47.628242100000001
  54.039999999999999   47.762362799999998
  54.869999999999997   47.888386699999998
  55.710000000000001   48.006678899999997
  56.560000000000002   48.120784899999997
  57.420000000000002   48.229875100000001
  58.280000000000001   48.334942900000001
  59.159999999999997   48.437419300000002
  60.039999999999999   48.534388900000003
  60.930000000000000   48.602159899999997
  61.829999999999998   48.618244099999998
  62.740000000000002   48.079774499999999


# temperature  210.000000000000000
#    0.000030844927792   -0.003465127648699    0.067181574608398    5.151051627642885 -112.538821653464623
  49.229999999999997   47.154811700000003
  50.009999999999998   47.298733800000001
  50.799999999999997   47.438069800000001
  51.600000000000001   47.573163899999997
  52.399999999999999   47.703548300000001
  53.219999999999999   47.830356600000002
  54.039999999999999   47.952909400000003
  54.869999999999997   48.067985000000000
  55.710000000000001   48.175970100000001
  56.560000000000002   48.280102700000000
  57.420000000000002   48.379598999999999
  58.280000000000001   48.475363999999999
  59.159999999999997   48.568750199999997
  60.039999999999999   48.657085500000001
  60.930000000000000   48.716541999999997
  61.829999999999998   48.724524299999999
  62.740000000000002   48.178421600000000


# temperature  220.000000000000000
#    0.000015303038228   -0.000050606323186   -0.213804259962473   15.422069942876227 -251.097082289003083
  49.229999999999997   47.386358799999996
  50.009999999999998   47.518679700000000
  50.799999999999997   47.646694599999996
  51.600000000000001   47.770761600000000
  52.399999999999999   47.890445399999997
  53.219999999999999   48.006805499999999
  54.039999999999999   48.119188600000001
  54.869999999999997   48.224649200000002
  55.710000000000001   48.323590500000002
  56.560000000000002   48.418980500000004
  57.420000000000002   48.510073300000002
  58.280000000000001   48.597697099999998
  59.159999999999997   48.683134000000003
  60.039999999999999   48.763924199999998
  60.930000000000000   48.816119999999998
  61.829999999999998   48.817031700000001
  62.740000000000002   48.264271399999998


# temperature  230.000000000000000
#    0.000000434037349    0.003215900386774   -0.482580705898668   25.244736629981301 -383.553873484202938
  49.229999999999997   47.590078599999998
  50.009999999999998   47.712099899999998
  50.799999999999997   47.830075100000002
  51.600000000000001   47.944373900000002
  52.399999999999999   48.054588000000003
  53.219999999999999   48.161711099999998
  54.039999999999999   48.265112100000003
  54.869999999999997   48.362088000000000
  55.710000000000001   48.453054899999998
  56.560000000000002   48.540742299999998
  57.420000000000002   48.624436500000002
  58.280000000000001   48.704897899999999
  59.159999999999997   48.783345900000000
  60.039999999999999   48.857506600000001
  60.930000000000000   48.903326800000002
  61.829999999999998   48.898032999999998
  62.740000000000002   48.339432899999998


# temperature  240.000000000000000
#   -0.000013817139369    0.006346514674765   -0.740149902693445   34.656038797482161 -510.417793821193129
  49.229999999999997   47.770197099999997
  50.009999999999998   47.883039900000000
  50.799999999999997   47.992077000000002
  51.600000000000001   48.097687999999998
  52.399999999999999   48.199486800000003
  53.219999999999999   48.298408799999997
  54.039999999999999   48.393841600000002
  54.869999999999997   48.483296400000000
  55.710000000000001   48.567199199999997
  56.560000000000002   48.648068400000000
  57.420000000000002   48.725217299999997
  58.280000000000001   48.799346499999999
  59.159999999999997   48.871619299999999
  60.039999999999999   48.939925600000002
  60.930000000000000   48.980118500000003
  61.829999999999998   48.969349999999999
  62.740000000000002   48.405600300000003


# temperature  250.000000000000000
#   -0.000027498782838    0.009351866398303   -0.987390373822475   43.688379565091175 -632.133725598910360
  49.229999999999997   47.930178300000001
  50.009999999999998   48.034812299999999
  50.799999999999997   48.135862500000002
  51.600000000000001   48.233716899999997
  52.399999999999999   48.328007800000002
  53.219999999999999   48.419618800000002
  54.039999999999999   48.507953499999999
  54.869999999999997   48.590712799999999
  55.710000000000001   48.668330900000001
  56.560000000000002   48.743137900000001
  57.420000000000002   48.814470499999999
  58.280000000000001   48.882975899999998
  59.159999999999997   48.949767000000001
  60.039999999999999   49.012878800000003
  60.930000000000000   49.048081199999999
  61.829999999999998   49.032459500000002
  62.740000000000002   48.464146499999998


# temperature  260.000000000000000
#   -0.000040654298862    0.012241511874931   -1.225091886386792   52.370873313937871 -749.100918236888560
  49.229999999999997   48.072881299999999
  50.009999999999998   48.170148300000001
  50.799999999999997   48.264036300000001
  51.600000000000001   48.354939899999998
  52.399999999999999   48.442507599999999
  53.219999999999999   48.527576199999999
  54.039999999999999   48.609562900000000
  54.869999999999997   48.686338100000000
  55.710000000000001   48.758341899999998
  56.560000000000002   48.827736700000003
  57.420000000000002   48.893878700000002
  58.280000000000001   48.957368099999997
  59.159999999999997   49.019272200000003
  60.039999999999999   49.077754900000002
  60.930000000000000   49.108511700000001
  61.829999999999998   49.088568299999999
  62.740000000000002   48.516193399999999


# temperature  270.000000000000000
#   -0.000053322113442    0.015023910588907   -1.453953426903369   60.729274917401391 -861.672123611804068
  49.229999999999997   48.200681000000003
  50.009999999999998   48.291314800000002
  50.799999999999997   48.378758099999999
  51.600000000000001   48.463411700000002
  52.399999999999999   48.544937300000001
  53.219999999999999   48.624129900000000
  54.039999999999999   48.700418599999999
  54.869999999999997   48.771825200000002
  55.710000000000001   48.838794700000001
  56.560000000000002   48.903338599999998
  57.420000000000002   48.964830399999997
  58.280000000000001   49.023827900000001
  59.159999999999997   49.081357400000002
  60.039999999999999   49.135697899999997
  60.930000000000000   49.162478299999997
  61.829999999999998   49.138670500000003
  62.740000000000002   48.562664599999998


# temperature  280.000000000000000
#   -0.000065536640306    0.017706637573878   -1.674600705040928   68.786624370209168 -970.162510480943979
  49.229999999999997   48.315562300000003
  50.009999999999998   48.400204600000002
  50.799999999999997   48.481830400000000
  51.600000000000001   48.560845299999997
  52.399999999999999   48.636922800000001
  53.219999999999999   48.710819999999998
  54.039999999999999   48.781976299999997
  54.869999999999997   48.848549400000003
  55.710000000000001   48.910988300000000
  56.560000000000002   48.971168499999997
  57.420000000000002   49.028478900000003
  58.280000000000001   49.083438899999997
  59.159999999999997   49.137037599999999
  60.039999999999999   49.187657399999999
  60.930000000000000   49.210867200000003
  61.829999999999998   49.183590400000000
  62.740000000000002   48.604325899999999


# temperature  290.000000000000000
#   -0.000077328938301    0.020296530126864   -1.887598461415728   76.563708700114290 -1074.856169759202658
  49.229999999999997   48.419193399999997
  50.009999999999998   48.498407800000003
  50.799999999999997   48.574765900000003
  51.600000000000001   48.648677999999997
  52.399999999999999   48.719827299999999
  53.219999999999999   48.788936800000002
  54.039999999999999   48.855454899999998
  54.869999999999997   48.917661799999998
  55.710000000000001   48.976009500000004
  56.560000000000002   49.032251000000002
  57.420000000000002   49.085788200000003
  58.280000000000001   49.137106299999999
  59.159999999999997   49.187160599999999
  60.039999999999999   49.234426399999997
  60.930000000000000   49.254418399999999
  61.829999999999998   49.224016100000000
  62.740000000000002   48.641816499999997


# temperature  300.000000000000000
#   -0.000088727036720    0.022799758165491   -2.093456209321117   84.079273232894110 -1176.009040463441579
  49.229999999999997   48.512984299999999
  50.009999999999998   48.587267099999998
  50.799999999999997   48.658841700000004
  51.600000000000001   48.728122100000000
  52.399999999999999   48.794800100000003
  53.219999999999999   48.859567599999998
  54.039999999999999   48.921881100000000
  54.869999999999997   48.980131399999998
  55.710000000000001   49.034773000000001
  56.560000000000002   49.087447900000001
  57.420000000000002   49.137569300000003
  58.280000000000001   49.185591600000002
  59.159999999999997   49.232439100000001
  60.039999999999999   49.276671299999997
  60.930000000000000   49.293753600000002
  61.829999999999998   49.260525700000002
  62.740000000000002   48.675673199999999


# temperature  310.000000000000000
#   -0.000099756068670    0.025221852146423   -2.292630447062466   91.350101685965214 -1273.850000850641209
  49.229999999999997   48.598132399999997
  50.009999999999998   48.667922500000003
  50.799999999999997   48.735141100000000
  51.600000000000001   48.800205699999999
  52.399999999999999   48.862815300000001
  53.219999999999999   48.923633799999998
  54.039999999999999   48.982124399999996
  54.869999999999997   49.036778800000000
  55.710000000000001   49.088053100000003
  56.560000000000002   49.137488300000001
  57.420000000000002   49.184508000000001
  58.280000000000001   49.229538400000003
  59.159999999999997   49.273475500000004
  60.039999999999999   49.314955200000000
  60.930000000000000   49.329397999999998
  61.829999999999998   49.293607500000000
  62.740000000000002   48.706349600000003


# temperature  320.000000000000000
#   -0.000110439196839    0.027567910628569   -2.485542097624844   98.391667883411131 -1368.589980380525958
  49.229999999999997   48.675660100000002
  50.009999999999998   48.741346700000001
  50.799999999999997   48.804588299999999
  51.600000000000001   48.865805199999997
  52.399999999999999   48.924703100000002
  53.219999999999999   48.981919900000001
  54.039999999999999   49.036925300000000
  54.869999999999997   49.088302200000001
  55.710000000000001   49.136508200000002
  56.560000000000002   49.182992400000003
  57.420000000000002   49.227187399999998
  58.280000000000001   49.269493799999999
  59.159999999999997   49.310781800000001
  60.039999999999999   49.349756499999998
  60.930000000000000   49.361797899999999
  61.829999999999998   49.323676200000001
  62.740000000000002   48.734230500000002


# temperature  330.000000000000000
#   -0.000120797058077    0.029842473476798   -2.672565714044936  105.217730320988110 -1460.416266588577400
  49.229999999999997   48.746443900000003
  50.009999999999998   48.808373300000000
  50.799999999999997   48.867974699999998
  51.600000000000001   48.925671100000002
  52.399999999999999   48.981173900000002
  53.219999999999999   49.035097399999998
  54.039999999999999   49.086916899999999
  54.869999999999997   49.135298599999999
  55.710000000000001   49.180701399999997
  56.560000000000002   49.224490199999998
  57.420000000000002   49.266105799999998
  58.280000000000001   49.305925199999997
  59.159999999999997   49.344795200000000
  60.039999999999999   49.381483899999999
  60.930000000000000   49.391334200000003
  61.829999999999998   49.351085900000001
  62.740000000000002   48.759644700000003


# temperature  340.000000000000000
#   -0.000130848961485    0.032049790363547   -2.854052012286504  111.841172014083526 -1549.504213995895043
  49.229999999999997   48.811238699999997
  50.009999999999998   48.869719799999999
  50.799999999999997   48.925981499999999
  51.600000000000001   48.980448899999999
  52.399999999999999   49.032838800000000
  53.219999999999999   49.083743499999997
  54.039999999999999   49.132643399999999
  54.869999999999997   49.178281100000000
  55.710000000000001   49.221116299999998
  56.560000000000002   49.262436800000003
  57.420000000000002   49.301690800000003
  58.280000000000001   49.339233800000002
  59.159999999999997   49.375890900000002
  60.039999999999999   49.410488000000001
  60.930000000000000   49.418333699999998
  61.829999999999998   49.376140200000002
  62.740000000000002   48.782874100000001


# temperature  350.000000000000000
#   -0.000140612348558    0.034193699038681   -3.030317619502359  118.273618817697894 -1636.011924307161962
  49.229999999999997   48.870697399999997
  50.009999999999998   48.926006700000002
  50.799999999999997   48.979197300000003
  51.600000000000001   49.030696499999998
  52.399999999999999   49.080225300000002
  53.219999999999999   49.128356400000001
  54.039999999999999   49.174574600000000
  54.869999999999997   49.217692300000003
  55.710000000000001   49.258170000000000
  56.560000000000002   49.297224700000001
  57.420000000000002   49.334311200000002
  58.280000000000001   49.369765500000000
  59.159999999999997   49.404392399999999
  60.039999999999999   49.437070800000001
  60.930000000000000   49.443078100000001
  61.829999999999998   49.399100900000001
  62.740000000000002   48.804161499999999


# temperature  360.000000000000000
#   -0.000150103157777    0.036277704531493   -3.201651518613488  124.525672670309390 -1720.083398577687831
  49.229999999999997   48.925386799999998
  50.009999999999998   48.977772399999999
  50.799999999999997   49.028132900000003
  51.600000000000001   49.076897400000000
  52.399999999999999   49.123791099999998
  53.219999999999999   49.169367999999999
  54.039999999999999   49.213117300000000
  54.869999999999997   49.253915599999999
  55.710000000000001   49.292223800000002
  56.560000000000002   49.329193900000000
  57.420000000000002   49.364286499999999
  58.280000000000001   49.397819599999998
  59.159999999999997   49.430579500000000
  60.039999999999999   49.461493800000000
  60.930000000000000   49.465811000000002
  61.829999999999998   49.420194100000003
  62.740000000000002   48.823716900000001


# temperature  370.000000000000000
#   -0.000159336038465    0.038305029933377   -3.368319561576004  130.607089775422224 -1801.851156661407003
  49.229999999999997   48.975800900000003
  50.009999999999998   49.025485900000000
  50.799999999999997   49.073233000000002
  51.600000000000001   49.119472899999998
  52.399999999999999   49.163934200000000
  53.219999999999999   49.207154299999999
  54.039999999999999   49.248625799999999
  54.869999999999997   49.287284600000000
  55.710000000000001   49.323591999999998
  56.560000000000002   49.358639799999999
  57.420000000000002   49.391894200000003
  58.280000000000001   49.423656399999999
  59.159999999999997   49.454695600000001
  60.039999999999999   49.483984200000002
  60.930000000000000   49.486744199999997
  61.829999999999998   49.439616800000003
  62.740000000000002   48.841722900000001


# temperature  380.000000000000000
#   -0.000168324737769    0.040278699141020   -3.530571082969313  136.527015117532017 -1881.439337597362510
  49.229999999999997   49.022371499999998
  50.009999999999998   49.069557300000000
  50.799999999999997   49.114886400000003
  51.600000000000001   49.158790900000000
  52.399999999999999   49.201002699999997
  53.219999999999999   49.242043500000001
  54.039999999999999   49.281409199999999
  54.869999999999997   49.318090400000003
  55.710000000000001   49.352548800000001
  56.560000000000002   49.385820500000001
  57.420000000000002   49.417376599999997
  58.280000000000001   49.447502900000003
  59.159999999999997   49.476952900000001
  60.039999999999999   49.504740300000002
  60.930000000000000   49.506062300000004
  61.829999999999998   49.457540199999997
  62.740000000000002   48.858338500000002


# temperature  390.000000000000000
#   -0.000177081646565    0.042201437464622   -3.688630771165687  142.293688266865274 -1958.959712114378817
  49.229999999999997   49.065477799999996
  50.009999999999998   49.110346300000003
  50.799999999999997   49.153433900000003
  51.600000000000001   49.195174000000002
  52.399999999999999   49.235301499999998
  53.219999999999999   49.274323199999998
  54.039999999999999   49.311738400000003
  54.869999999999997   49.346588199999999
  55.710000000000001   49.379334399999998
  56.560000000000002   49.410961700000001
  57.420000000000002   49.440945700000000
  58.280000000000001   49.469557899999998
  59.159999999999997   49.497537199999996
  60.039999999999999   49.523935299999998
  60.930000000000000   49.523926899999999
  61.829999999999998   49.474114600000000
  62.740000000000002   48.873703100000000


# temperature  400.000000000000000
#   -0.000185618561685    0.044075839732350   -3.842712546867217  147.914951942459567 -2034.518651188800277
  49.229999999999997   49.105453400000002
  50.009999999999998   49.148169600000003
  50.799999999999997   49.189175599999999
  51.600000000000001   49.228906199999997
  52.399999999999999   49.267098699999998
  53.219999999999999   49.304246499999998
  54.039999999999999   49.339851699999997
  54.869999999999997   49.373002200000002
  55.710000000000001   49.404159900000003
  56.560000000000002   49.434261900000003
  57.420000000000002   49.462787900000002
  58.280000000000001   49.489996099999999
  59.159999999999997   49.516611500000003
  60.039999999999999   49.541721699999997
  60.930000000000000   49.540480000000002
  61.829999999999998   49.489471700000003
  62.740000000000002   48.887939000000003


# temperature  410.000000000000000
#   -0.000193946054337    0.045904229893316   -3.993007890621080  153.397822026394408 -2108.211194866647020
  49.229999999999997   49.142592899999997
  50.009999999999998   49.183306500000000
  50.799999999999997   49.222376300000001
  51.600000000000001   49.260237900000000
  52.399999999999999   49.296630999999998
  53.219999999999999   49.332036600000002
  54.039999999999999   49.365958999999997
  54.869999999999997   49.397530199999999
  55.710000000000001   49.427211600000000
  56.560000000000002   49.455896299999999
  57.420000000000002   49.483067400000003
  58.280000000000001   49.508971199999998
  59.159999999999997   49.534319900000000
  60.039999999999999   49.558233700000002
  60.930000000000000   49.555846600000002
  61.829999999999998   49.503727599999998
  62.740000000000002   48.901153700000002


# temperature  420.000000000000000
#   -0.000202073993304    0.047688777826003   -4.139695606276716  158.748849797771527 -2180.126076483798897
  49.229999999999997   49.177157200000003
  50.009999999999998   49.216004699999999
  50.799999999999997   49.253270299999997
  51.600000000000001   49.289390699999998
  52.399999999999999   49.324107699999999
  53.219999999999999   49.357890699999999
  54.039999999999999   49.390246300000001
  54.869999999999997   49.420346899999998
  55.710000000000001   49.448654099999999
  56.560000000000002   49.476019399999998
  57.420000000000002   49.501929599999997
  58.280000000000001   49.526619500000002
  59.159999999999997   49.550789299999998
  60.039999999999999   49.573590099999997
  60.930000000000000   49.570137199999998
  61.829999999999998   49.516984999999998
  62.740000000000002   48.913442600000003


# temperature  430.000000000000000
#   -0.000210011965027    0.049431591747556   -4.282949430788400  163.974400079480745 -2250.349522383175099
  49.229999999999997   49.209378000000001
  50.009999999999998   49.246483699999999
  50.799999999999997   49.282065600000003
  51.600000000000001   49.316561399999998
  52.399999999999999   49.349714800000001
  53.219999999999999   49.381984199999998
  54.039999999999999   49.412878399999997
  54.869999999999997   49.441607599999998
  55.710000000000001   49.468633199999999
  56.560000000000002   49.494768399999998
  57.420000000000002   49.519503200000003
  58.280000000000001   49.543061399999999
  59.159999999999997   49.566132600000003
  60.039999999999999   49.587895899999999
  60.930000000000000   49.583449899999998
  61.829999999999998   49.529334900000002
  62.740000000000002   48.924889999999998


# temperature  440.000000000000000
#   -0.000217768486704    0.051134544804391   -4.422923738429168  169.080128803912260 -2318.958103864504665
  49.229999999999997   49.239461700000000
  50.009999999999998   49.274939199999999
  50.799999999999997   49.308947600000003
  51.600000000000001   49.341925099999997
  52.399999999999999   49.373617500000002
  53.219999999999999   49.404472800000001
  54.039999999999999   49.434001899999998
  54.869999999999997   49.461450200000002
  55.710000000000001   49.487279000000001
  56.560000000000002   49.512265499999998
  57.420000000000002   49.535902600000000
  58.280000000000001   49.558404400000001
  59.159999999999997   49.580449799999997
  60.039999999999999   49.601244600000001
  60.930000000000000   49.595871699999996
  61.829999999999998   49.540858000000000
  62.740000000000002   48.935570900000002


# temperature  450.000000000000000
#   -0.000225351630892    0.052799410765293   -4.559764571558068  174.071380824522009 -2386.024101749897454
  49.229999999999997   49.267592499999999
  50.009999999999998   49.301545900000001
  50.799999999999997   49.334081400000002
  51.600000000000001   49.365638199999999
  52.399999999999999   49.395963399999999
  53.219999999999999   49.425495599999998
  54.039999999999999   49.453747700000001
  54.869999999999997   49.479997800000000
  55.710000000000001   49.504707199999999
  56.560000000000002   49.528619399999997
  57.420000000000002   49.551230099999998
  58.280000000000001   49.572744000000000
  59.159999999999997   49.593830300000000
  60.039999999999999   49.613719799999998
  60.930000000000000   49.607480199999998
  61.829999999999998   49.551626499999998
  62.740000000000002   48.945552100000000


# temperature  460.000000000000000
#   -0.000232769016402    0.054427865210546   -4.693610004869812  178.953213061527350 -2451.615951906819191
  49.229999999999997   49.293935200000000
  50.009999999999998   49.326459900000003
  50.799999999999997   49.357614900000002
  51.600000000000001   49.387840199999999
  52.399999999999999   49.416884400000001
  53.219999999999999   49.445177000000001
  54.039999999999999   49.472232699999999
  54.869999999999997   49.497360399999998
  55.710000000000001   49.521021300000001
  56.560000000000002   49.543927400000001
  57.420000000000002   49.565576800000002
  58.280000000000001   49.586165600000001
  59.159999999999997   49.606353900000002
  60.039999999999999   49.625395699999999
  60.930000000000000   49.618344800000003
  61.829999999999998   49.561704700000000
  62.740000000000002   48.954893300000002


# temperature  470.000000000000000
#   -0.000240027652335    0.056021449148115   -4.824586985436646  183.730273476073705 -2515.796515513526629
  49.229999999999997   49.318637699999996
  50.009999999999998   49.349821300000002
  50.799999999999997   49.379680899999997
  51.600000000000001   49.408656700000002
  52.399999999999999   49.436498800000003
  53.219999999999999   49.463628399999997
  54.039999999999999   49.489561799999997
  54.869999999999997   49.513636599999998
  55.710000000000001   49.536314099999998
  56.560000000000002   49.558276599999999
  57.420000000000002   49.579024500000003
  58.280000000000001   49.598745899999997
  59.159999999999997   49.618092099999998
  60.039999999999999   49.636339200000002
  60.930000000000000   49.628527699999999
  61.829999999999998   49.571150299999999
  62.740000000000002   48.963648100000000


# temperature  480.000000000000000
#   -0.000247134139723    0.057581612332311   -4.952814804085192  188.406924039625210 -2578.624698098993576
  49.229999999999997   49.341832900000000
  50.009999999999998   49.371756300000001
  50.799999999999997   49.400398299999999
  51.600000000000001   49.428200099999998
  52.399999999999999   49.454912899999997
  53.219999999999999   49.480950000000000
  54.039999999999999   49.505829100000000
  54.869999999999997   49.528915099999999
  55.710000000000001   49.550668899999998
  56.560000000000002   49.571745200000002
  57.420000000000002   49.591646699999998
  58.280000000000001   49.610553500000002
  59.159999999999997   49.629109200000002
  60.039999999999999   49.646610099999997
  60.930000000000000   49.638084499999998
  61.829999999999998   49.580015099999997
  62.740000000000002   48.971864400000001


# temperature  490.000000000000000
#   -0.000254094798828    0.059109745259961   -5.078408073572499  192.987362633171585 -2640.157298508630447
  49.229999999999997   49.363640699999998
  50.009999999999998   49.392378100000002
  50.799999999999997   49.419874700000001
  51.600000000000001   49.446572000000003
  52.399999999999999   49.472222500000001
  53.219999999999999   49.497231900000003
  54.039999999999999   49.521119400000003
  54.869999999999997   49.543275500000000
  55.710000000000001   49.564160800000003
  56.560000000000002   49.584403899999998
  57.420000000000002   49.603509500000001
  58.280000000000001   49.621650500000001
  59.159999999999997   49.639462999999999
  60.039999999999999   49.656262400000003
  60.930000000000000   49.647065599999998
  61.829999999999998   49.588345699999998
  62.740000000000002   48.979585499999999


# temperature  500.000000000000000
#   -0.000260915508879    0.060607139531350   -5.201473092329909  197.475476282598038 -2700.446803638766596
  49.229999999999997   49.384169100000001
  50.009999999999998   49.411789300000002
  50.799999999999997   49.438206999999998
  51.600000000000001   49.463863900000000
  52.399999999999999   49.488513900000001
  53.219999999999999   49.512555599999999
  54.039999999999999   49.535509400000002
  54.869999999999997   49.556789799999997
  55.710000000000001   49.576857400000002
  56.560000000000002   49.596316100000003
  57.420000000000002   49.614672400000003
  58.280000000000001   49.632092600000000
  59.159999999999997   49.649205500000001
  60.039999999999999   49.665344699999999
  60.930000000000000   49.655516200000001
  61.829999999999998   49.596184100000002
  62.740000000000002   48.986850300000000


# temperature  510.000000000000000
#   -0.000267601642050    0.062074975653073   -5.322107049912690  201.874820512102815 -2759.541227205915220
  49.229999999999997   49.403516099999997
  50.009999999999998   49.430082599999999
  50.799999999999997   49.455482699999997
  51.600000000000001   49.480158699999997
  52.399999999999999   49.503865200000000
  53.219999999999999   49.526994500000001
  54.039999999999999   49.549068200000001
  54.869999999999997   49.569523199999999
  55.710000000000001   49.588819999999998
  56.560000000000002   49.607539199999998
  57.420000000000002   49.625189399999996
  58.280000000000001   49.641930299999999
  59.159999999999997   49.658383899999997
  60.039999999999999   49.673901000000001
  60.930000000000000   49.663477299999997
  61.829999999999998   49.603568299999999
  62.740000000000002   48.993694099999999


# temperature  520.000000000000000
#   -0.000274158510641    0.063514421920848   -5.440406192207581  206.188917715412316 -2817.488176585655765
  49.229999999999997   49.421770400000000
  50.009999999999998   49.447341999999999
  50.799999999999997   49.471781399999998
  51.600000000000001   49.495531300000003
  52.399999999999999   49.518347400000003
  53.219999999999999   49.540615500000001
  54.039999999999999   49.561858399999998
  54.869999999999997   49.581534400000002
  55.710000000000001   49.600103799999999
  56.560000000000002   49.618125399999997
  57.420000000000002   49.635109300000003
  58.280000000000001   49.651209199999997
  59.159999999999997   49.667040900000003
  60.039999999999999   49.681970999999997
  60.930000000000000   49.670985799999997
  61.829999999999998   49.610532599999999
  62.740000000000002   49.000148699999997


# temperature  530.000000000000000
#   -0.000280590858140    0.064926519402910   -5.556456113906141  210.420894562666973 -2874.329793114576660
  49.229999999999997   49.439012400000003
  50.009999999999998   49.463643699999999
  50.799999999999997   49.487175200000003
  51.600000000000001   49.510050000000000
  52.399999999999999   49.532024600000000
  53.219999999999999   49.553479000000003
  54.039999999999999   49.573936900000000
  54.869999999999997   49.592877100000003
  55.710000000000001   49.610759299999998
  56.560000000000002   49.628121800000002
  57.420000000000002   49.644476300000001
  58.280000000000001   49.659970899999998
  59.159999999999997   49.675215100000003
  60.039999999999999   49.689591000000000
  60.930000000000000   49.678075399999997
  61.829999999999998   49.617108399999999
  62.740000000000002   49.006242999999998


# temperature  540.000000000000000
#   -0.000286903530327    0.066312334258638   -5.670344681189595  214.573967698564275 -2930.109572577817289
  49.229999999999997   49.455315499999998
  50.009999999999998   49.479057099999999
  50.799999999999997   49.501729699999999
  51.600000000000001   49.523776599999998
  52.399999999999999   49.544955199999997
  53.219999999999999   49.565640000000002
  54.039999999999999   49.585355600000000
  54.869999999999997   49.603599799999998
  55.710000000000001   49.620832200000002
  56.560000000000002   49.637571500000000
  57.420000000000002   49.653330900000000
  58.280000000000001   49.668253000000000
  59.159999999999997   49.682941800000002
  60.039999999999999   49.696793599999999
  60.930000000000000   49.684776599999999
  61.829999999999998   49.623323800000001
  62.740000000000002   49.012003399999998


# temperature  550.000000000000000
#   -0.000293100742878    0.067672792253755   -5.782148045642574  218.650919778026605 -2984.865021564093240
  49.229999999999997   49.470746400000003
  50.009999999999998   49.493645500000000
  50.799999999999997   49.515504600000000
  51.600000000000001   49.536767699999999
  52.399999999999999   49.557192600000000
  53.219999999999999   49.577148700000002
  54.039999999999999   49.596161500000001
  54.869999999999997   49.613746800000001
  55.710000000000001   49.630364100000001
  56.560000000000002   49.646513400000003
  57.420000000000002   49.661709500000001
  58.280000000000001   49.676089900000001
  59.159999999999997   49.690252999999998
  60.039999999999999   49.703608799999998
  60.930000000000000   49.691117300000002
  61.829999999999998   49.629204799999997
  62.740000000000002   49.017453699999997


# temperature  560.000000000000000
#   -0.000299186683814    0.069008814000691   -5.891942012222669  222.654523514438893 -3038.633577347177379
  49.229999999999997   49.485366200000001
  50.009999999999998   49.507466600000001
  50.799999999999997   49.528554700000001
  51.600000000000001   49.549074699999998
  52.399999999999999   49.568785400000003
  53.219999999999999   49.588050799999998
  54.039999999999999   49.606397700000002
  54.869999999999997   49.623358600000003
  55.710000000000001   49.639392899999997
  56.560000000000002   49.654983399999999
  57.420000000000002   49.669645799999998
  58.280000000000001   49.683512800000003
  59.159999999999997   49.697177900000000
  60.039999999999999   49.710063800000000
  60.930000000000000   49.697122899999997
  61.829999999999998   49.634774899999996
  62.740000000000002   49.022615899999998


# temperature  570.000000000000000
#   -0.000305165222101    0.070321249508301   -5.999796530398144  226.587335791691999 -3091.449723178364366
  49.229999999999997   49.499230500000003
  50.009999999999998   49.520573100000000
  50.799999999999997   49.540929700000000
  51.600000000000001   49.560744800000002
  52.399999999999999   49.579777900000003
  53.219999999999999   49.598388200000002
  54.039999999999999   49.616103299999999
  54.869999999999997   49.632472000000000
  55.710000000000001   49.647953600000001
  56.560000000000002   49.663013900000003
  57.420000000000002   49.677170099999998
  58.280000000000001   49.690550399999999
  59.159999999999997   49.703743299999999
  60.039999999999999   49.716183600000001
  60.930000000000000   49.702816499999997
  61.829999999999998   49.640055599999997
  62.740000000000002   49.027509799999997


# temperature  580.000000000000000
#   -0.000311040150055    0.071610931201419   -6.105780031726807  230.451854982354661 -3143.347120808641648
  49.229999999999997   49.512390500000002
  50.009999999999998   49.533013400000002
  50.799999999999997   49.552675299999997
  51.600000000000001   49.571821100000001
  52.399999999999999   49.590210700000000
  53.219999999999999   49.608199100000000
  54.039999999999999   49.625314500000002
  54.869999999999997   49.641120999999998
  55.710000000000001   49.656077699999997
  56.560000000000002   49.670634900000003
  57.420000000000002   49.684310699999997
  58.280000000000001   49.697228899999999
  59.159999999999997   49.709973499999997
  60.039999999999999   49.721991000000003
  60.930000000000000   49.708219399999997
  61.829999999999998   49.645066499999999
  62.740000000000002   49.032153700000002


# temperature  590.000000000000000
#   -0.000316814905275    0.072878615557542   -6.209954874990972  234.250364441349063 -3194.356613017989730
  49.229999999999997   49.524892899999998
  50.009999999999998   49.544831700000003
  50.799999999999997   49.563833400000000
  51.600000000000001   49.582343100000003
  52.399999999999999   49.600121299999998
  53.219999999999999   49.617518699999998
  54.039999999999999   49.634064100000003
  54.869999999999997   49.649336499999997
  55.710000000000001   49.663794600000003
  56.560000000000002   49.677873599999998
  57.420000000000002   49.691092900000001
  58.280000000000001   49.703572200000004
  59.159999999999997   49.715890999999999
  60.039999999999999   49.727506800000000
  60.930000000000000   49.713350900000002
  61.829999999999998   49.649825900000003
  62.740000000000002   49.036564400000003


# temperature  600.000000000000000
#   -0.000322492839972    0.074125037758208   -6.312381443007243  237.985066585608251 -3244.507831869096663
  49.229999999999997   49.536780700000001
  50.009999999999998   49.556068799999998
  50.799999999999997   49.574442500000004
  51.600000000000001   49.592347199999999
  52.399999999999999   49.609543899999998
  53.219999999999999   49.626379100000001
  54.039999999999999   49.642382499999997
  54.869999999999997   49.657146900000001
  55.710000000000001   49.671130800000000
  56.560000000000002   49.684755199999998
  57.420000000000002   49.697540500000002
  58.280000000000001   49.709602400000001
  59.159999999999997   49.721516399999999
  60.039999999999999   49.732750199999998
  60.930000000000000   49.718229000000001
  61.829999999999998   49.654350100000002
  62.740000000000002   49.040757100000000


# temperature  610.000000000000000
#   -0.000328077333016    0.075350941951837   -6.413121117856130  241.658209931180011 -3293.831193525355957
  49.229999999999997   49.548093500000000
  50.009999999999998   49.566762099999998
  50.799999999999997   49.584538000000002
  51.600000000000001   49.601866700000002
  52.399999999999999   49.618509799999998
  53.219999999999999   49.634810000000002
  54.039999999999999   49.650297600000002
  54.869999999999997   49.664578400000003
  55.710000000000001   49.678111100000002
  56.560000000000002   49.691302800000003
  57.420000000000002   49.703675099999998
  58.280000000000001   49.715339800000002
  59.159999999999997   49.726868500000002
  60.039999999999999   49.737738899999997
  60.930000000000000   49.722870100000002
  61.829999999999998   49.658654400000003
  62.740000000000002   49.044746099999998


# temperature  620.000000000000000
#   -0.000333571193681    0.076556943761373   -6.512224425957014  245.271636188991891 -3342.351428979731281
  49.229999999999997   49.558867700000000
  50.009999999999998   49.576946000000000
  50.799999999999997   49.594152299999998
  51.600000000000001   49.610932300000002
  52.399999999999999   49.627048100000003
  53.219999999999999   49.642838599999997
  54.039999999999999   49.657834800000003
  54.869999999999997   49.671655100000002
  55.710000000000001   49.684757900000001
  56.560000000000002   49.697537599999997
  57.420000000000002   49.709516499999999
  58.280000000000001   49.720802999999997
  59.159999999999997   49.731964699999999
  60.039999999999999   49.742488999999999
  60.930000000000000   49.727289200000001
  61.829999999999998   49.662752800000000
  62.740000000000002   49.048544200000002


# temperature  630.000000000000000
#   -0.000338977349531    0.077743686790339   -6.609744358385880  248.827282845781582 -3390.094674900861264
  49.229999999999997   49.569136899999997
  50.009999999999998   49.586652399999998
  50.799999999999997   49.603315700000003
  51.600000000000001   49.619572499999997
  52.399999999999999   49.635185499999999
  53.219999999999999   49.650490099999999
  54.039999999999999   49.665017900000002
  54.869999999999997   49.678399200000001
  55.710000000000001   49.691092300000001
  56.560000000000002   49.703479199999997
  57.420000000000002   49.715083100000001
  58.280000000000001   49.726009099999999
  59.159999999999997   49.736821200000001
  60.039999999999999   49.747015599999997
  60.930000000000000   49.731500300000000
  61.829999999999998   49.666658300000002
  62.740000000000002   49.052163499999999


# temperature  640.000000000000000
#   -0.000344298622007    0.078911791253129   -6.705731975383482  252.327016569877514 -3437.086112748425421
  49.229999999999997   49.578932100000003
  50.009999999999998   49.595910600000003
  50.799999999999997   49.612055699999999
  51.600000000000001   49.627813400000001
  52.399999999999999   49.642946700000003
  53.219999999999999   49.657787800000001
  54.039999999999999   49.671868699999997
  54.869999999999997   49.684831299999999
  55.710000000000001   49.697133500000000
  56.560000000000002   49.709145700000001
  57.420000000000002   49.720391999999997
  58.280000000000001   49.730974099999997
  59.159999999999997   49.741452600000002
  60.039999999999999   49.751332400000003
  60.930000000000000   49.735516199999999
  61.829999999999998   49.670382699999998
  62.740000000000002   49.055614900000002


# temperature  650.000000000000000
#   -0.000349537704181    0.080061848499510   -6.800235903694404  255.772612821893858 -3483.349659560999498
  49.229999999999997   49.588282000000000
  50.009999999999998   49.604747699999997
  50.799999999999997   49.620398000000002
  51.600000000000001   49.635679199999998
  52.399999999999999   49.650354600000000
  53.219999999999999   49.664753099999999
  54.039999999999999   49.678407300000003
  54.869999999999997   49.690970100000001
  55.710000000000001   49.702899199999997
  56.560000000000002   49.714553799999997
  57.420000000000002   49.725458699999997
  58.280000000000001   49.735712499999998
  59.159999999999997   49.745872599999998
  60.039999999999999   49.755452099999999
  60.930000000000000   49.739348800000002
  61.829999999999998   49.673937100000003
  62.740000000000002   49.058908799999998


# temperature  660.000000000000000
#   -0.000354696778360    0.081194337235533   -6.893295472819158  259.165506624279828 -3528.904582089472115
  49.229999999999997   49.597213099999998
  50.009999999999998   49.613188800000003
  50.799999999999997   49.628366399999997
  51.600000000000001   49.643192200000001
  52.399999999999999   49.657430099999999
  53.219999999999999   49.671405800000002
  54.039999999999999   49.684652499999999
  54.869999999999997   49.696833300000002
  55.710000000000001   49.708405999999997
  56.560000000000002   49.719718899999997
  57.420000000000002   49.730297700000001
  58.280000000000001   49.740237999999998
  59.159999999999997   49.750093999999997
  60.039999999999999   49.759386700000000
  60.930000000000000   49.743009000000001
  61.829999999999998   49.677331700000003
  62.740000000000002   49.062054600000003


# temperature  670.000000000000000
#   -0.000359778629967    0.082309870629528   -6.984961226385995  262.507547611958046 -3573.775896619965351
  49.229999999999997   49.605750000000000
  50.009999999999998   49.621257300000003
  50.799999999999997   49.635982800000001
  51.600000000000001   49.650373299999998
  52.399999999999999   49.664192900000003
  53.219999999999999   49.677764300000000
  54.039999999999999   49.690621399999998
  54.869999999999997   49.702437199999999
  55.710000000000001   49.713669099999997
  56.560000000000002   49.724655499999997
  57.420000000000002   49.734922500000003
  58.280000000000001   49.744563100000001
  59.159999999999997   49.754128399999999
  60.039999999999999   49.763146900000002
  60.930000000000000   49.746507100000002
  61.829999999999998   49.680575800000000
  62.740000000000002   49.065060899999999


# temperature  680.000000000000000
#   -0.000364785276571    0.083408890339116   -7.075269374686595  265.800054216627814 -3617.981267925246812
  49.229999999999997   49.613915599999999
  50.009999999999998   49.628974599999999
  50.799999999999997   49.643267700000003
  51.600000000000001   49.657241700000000
  52.399999999999999   49.670661000000003
  53.219999999999999   49.683845800000000
  54.039999999999999   49.696330199999998
  54.869999999999997   49.707796700000003
  55.710000000000001   49.718702700000001
  56.560000000000002   49.729376600000002
  57.420000000000002   49.739345499999999
  58.280000000000001   49.748699400000000
  59.159999999999997   49.757986799999998
  60.039999999999999   49.766742999999998
  60.930000000000000   49.749852500000003
  61.829999999999998   49.683678299999997
  62.740000000000002   49.067935900000002


# temperature  690.000000000000000
#   -0.000369719035453    0.084491906960319   -7.164262046103365  269.044569572458727 -3661.541558616252132
  49.229999999999997   49.621730999999997
  50.009999999999998   49.636360900000000
  50.799999999999997   49.650239900000003
  51.600000000000001   49.663815200000002
  52.399999999999999   49.676851499999998
  53.219999999999999   49.689666099999997
  54.039999999999999   49.701793600000002
  54.869999999999997   49.712925800000001
  55.710000000000001   49.723519899999999
  56.560000000000002   49.733894800000002
  57.420000000000002   49.743578200000002
  58.280000000000001   49.752657800000001
  59.159999999999997   49.761679100000002
  60.039999999999999   49.770184399999998
  60.930000000000000   49.753053899999998
  61.829999999999998   49.686647200000003
  62.740000000000002   49.070687200000002


# temperature  700.000000000000000
#   -0.000374581819002    0.085559338843716   -7.251973512879527  272.242340361163428 -3704.473462409026070
  49.229999999999997   49.629216000000000
  50.009999999999998   49.643434700000000
  50.799999999999997   49.656917200000002
  51.600000000000001   49.670110500000000
  52.399999999999999   49.682779799999999
  53.219999999999999   49.695239800000003
  54.039999999999999   49.707025600000001
  54.869999999999997   49.717837600000003
  55.710000000000001   49.728132899999999
  56.560000000000002   49.738221400000000
  57.420000000000002   49.747631499999997
  58.280000000000001   49.756448399999996
  59.159999999999997   49.765214800000003
  60.039999999999999   49.773479799999997
  60.930000000000000   49.756119400000003
  61.829999999999998   49.689490200000002
  62.740000000000002   49.073321700000001


# temperature  710.000000000000000
#   -0.000379375958819    0.086611699617099   -7.338446142551046  275.394917989257806 -3746.797973091882795
  49.229999999999997   49.636388900000000
  50.009999999999998   49.650213500000000
  50.799999999999997   49.663315799999999
  51.600000000000001   49.676143000000003
  52.399999999999999   49.688460599999999
  53.219999999999999   49.700580799999997
  54.039999999999999   49.712038999999997
  54.869999999999997   49.722544200000002
  55.710000000000001   49.732553099999997
  56.560000000000002   49.742367199999997
  57.420000000000002   49.751515400000002
  58.280000000000001   49.760080400000000
  59.159999999999997   49.768602600000001
  60.039999999999999   49.776637299999997
  60.930000000000000   49.759056700000002
  61.829999999999998   49.692214200000002
  62.740000000000002   49.075845999999999


# temperature  720.000000000000000
#   -0.000384103005242    0.087649328954427   -7.423707808252409  278.503318176297569 -3788.528686666432804
  49.229999999999997   49.643266699999998
  50.009999999999998   49.656713300000000
  50.799999999999997   49.669451000000002
  51.600000000000001   49.681927199999997
  52.399999999999999   49.693907400000001
  53.219999999999999   49.705701699999999
  54.039999999999999   49.716845900000003
  54.869999999999997   49.727056699999999
  55.710000000000001   49.736791099999998
  56.560000000000002   49.746341999999999
  57.420000000000002   49.755239000000003
  58.280000000000001   49.763562600000000
  59.159999999999997   49.771850700000002
  60.039999999999999   49.779664500000003
  60.930000000000000   49.761872799999999
  61.829999999999998   49.694825799999997
  62.740000000000002   49.078266100000000


# temperature  730.000000000000000
#   -0.000388765069787    0.088672690922426   -7.507796698185389  281.568935871007000 -3829.684425925936921
  49.229999999999997   49.649865499999997
  50.009999999999998   49.662949400000002
  50.799999999999997   49.675337200000001
  51.600000000000001   49.687476400000001
  52.399999999999999   49.699133000000003
  53.219999999999999   49.710614600000000
  54.039999999999999   49.721457299999997
  54.869999999999997   49.731385799999998
  55.710000000000001   49.740856700000002
  56.560000000000002   49.750155100000001
  57.420000000000002   49.758811100000003
  58.280000000000001   49.766903100000000
  59.159999999999997   49.774966499999998
  60.039999999999999   49.782568499999996
  60.930000000000000   49.764574199999998
  61.829999999999998   49.697330999999998
  62.740000000000002   49.080587600000001


# temperature  740.000000000000000
#   -0.000393363834127    0.089682154880770   -7.590743191246214  284.592880359614128 -3870.280112523509615
  49.229999999999997   49.656200100000000
  50.009999999999998   49.668935599999998
  50.799999999999997   49.680987500000001
  51.600000000000001   49.692803200000000
  52.399999999999999   49.704149000000001
  53.219999999999999   49.715330399999999
  54.039999999999999   49.725883799999998
  54.869999999999997   49.735541200000000
  55.710000000000001   49.744759199999997
  56.560000000000002   49.753815199999998
  57.420000000000002   49.762239899999997
  58.280000000000001   49.770109499999997
  59.159999999999997   49.777957299999997
  60.039999999999999   49.785355899999999
  60.930000000000000   49.767167200000003
  61.829999999999998   49.699735599999997
  62.740000000000002   49.082815900000000


# temperature  750.000000000000000
#   -0.000397900975431    0.090678089141457   -7.672577574455887  287.576257323515904 -3910.330624877774426
  49.229999999999997   49.662284300000003
  50.009999999999998   49.674685300000000
  50.799999999999997   49.686414399999997
  51.600000000000001   49.697919400000004
  52.399999999999999   49.708966699999998
  53.219999999999999   49.719859599999999
  54.039999999999999   49.730135099999998
  54.869999999999997   49.739532099999998
  55.710000000000001   49.748507199999999
  56.560000000000002   49.757330400000001
  57.420000000000002   49.765532800000003
  58.280000000000001   49.773188900000001
  59.159999999999997   49.780829500000003
  60.039999999999999   49.788032800000003
  60.930000000000000   49.769657299999999
  61.829999999999998   49.702044899999997
  62.740000000000002   49.084955800000003


# temperature  760.000000000000000
#   -0.000402378156715    0.091660859186318   -7.753329926757162  290.520165775145358 -3949.850772351879641
  49.229999999999997   49.668131299999999
  50.009999999999998   49.680210600000002
  50.799999999999997   49.691629599999999
  51.600000000000001   49.702835800000003
  52.399999999999999   49.713596199999998
  53.219999999999999   49.724211900000000
  54.039999999999999   49.734220299999997
  54.869999999999997   49.743367100000000
  55.710000000000001   49.752108600000000
  56.560000000000002   49.760708100000002
  57.420000000000002   49.768697000000003
  58.280000000000001   49.776147799999997
  59.159999999999997   49.783589399999997
  60.039999999999999   49.790605100000001
  60.930000000000000   49.772050100000001
  61.829999999999998   49.704263900000001
  62.740000000000002   49.087012100000003


# temperature  770.000000000000000
#   -0.000406796883803    0.092630795256678   -7.833027366986925  293.425594329087460 -3988.853831260032621
  49.229999999999997   49.673753099999999
  50.009999999999998   49.685523099999997
  50.799999999999997   49.696643700000003
  51.600000000000001   49.707562799999998
  52.399999999999999   49.718047200000001
  53.219999999999999   49.728396400000001
  54.039999999999999   49.738148000000002
  54.869999999999997   49.747054100000000
  55.710000000000001   49.755571199999999
  56.560000000000002   49.763955500000002
  57.420000000000002   49.771739099999998
  58.280000000000001   49.778992500000001
  59.159999999999997   49.786242799999997
  60.039999999999999   49.793078000000001
  60.930000000000000   49.774350499999997
  61.829999999999998   49.706397099999997
  62.740000000000002   49.088988899999997


# temperature  780.000000000000000
#   -0.000411158648861    0.093588224888505   -7.911696814080905  296.293525018081198 -4027.353004187999886
  49.229999999999997   49.679161100000002
  50.009999999999998   49.690633599999998
  50.799999999999997   49.701467200000003
  51.600000000000001   49.712109900000002
  52.399999999999999   49.722328900000001
  53.219999999999999   49.732421600000002
  54.039999999999999   49.741926100000001
  54.869999999999997   49.750600700000000
  55.710000000000001   49.758901799999997
  56.560000000000002   49.767079099999997
  57.420000000000002   49.774665300000002
  58.280000000000001   49.781728800000003
  59.159999999999997   49.788795000000000
  60.039999999999999   49.795456600000001
  60.930000000000000   49.776563099999997
  61.829999999999998   49.708449000000002
  62.740000000000002   49.090890299999998


# temperature  790.000000000000000
#   -0.000415465001619    0.094533489571680   -7.989366444666299  299.124989860961932 -4065.362241544899007
  49.229999999999997   49.684366199999999
  50.009999999999998   49.695552100000000
  50.799999999999997   49.706109400000003
  51.600000000000001   49.716486099999997
  52.399999999999999   49.726449600000002
  53.219999999999999   49.736295499999997
  54.039999999999999   49.745562100000001
  54.869999999999997   49.754013899999997
  55.710000000000001   49.762107100000001
  56.560000000000002   49.770085199999997
  57.420000000000002   49.777481299999998
  58.280000000000001   49.784362199999997
  59.159999999999997   49.791251199999998
  60.039999999999999   49.797745700000000
  60.930000000000000   49.778692399999997
  61.829999999999998   49.710423700000000
  62.740000000000002   49.092720100000001


# temperature  800.000000000000000
#   -0.000419717235784    0.095466871785305   -8.066059353227041  301.920827042944040 -4102.892739079956300
  49.229999999999997   49.689378099999999
  50.009999999999998   49.700288200000003
  50.799999999999997   49.710579400000000
  51.600000000000001   49.720699900000000
  52.399999999999999   49.730417299999999
  53.219999999999999   49.740025500000002
  54.039999999999999   49.749063100000001
  54.869999999999997   49.757300299999997
  55.710000000000001   49.765193300000000
  56.560000000000002   49.772979700000000
  57.420000000000002   49.780192599999999
  58.280000000000001   49.786897600000003
  59.159999999999997   49.793616000000000
  60.039999999999999   49.799949599999998
  60.930000000000000   49.780742600000004
  61.829999999999998   49.712324899999999
  62.740000000000002   49.094481799999997


# temperature  810.000000000000000
#   -0.000423916820498    0.096388696029310   -8.141802376331722  304.682021659913971 -4139.957846211230390
  49.229999999999997   49.694206500000000
  50.009999999999998   49.704850700000001
  50.799999999999997   49.714885500000001
  51.600000000000001   49.724759200000001
  52.399999999999999   49.734239500000001
  53.219999999999999   49.743618699999999
  54.039999999999999   49.752435599999998
  54.869999999999997   49.760466200000003
  55.710000000000001   49.768166299999997
  56.560000000000002   49.775767799999997
  57.420000000000002   49.782804499999997
  58.280000000000001   49.789339900000002
  59.159999999999997   49.795893999999997
  60.039999999999999   49.802072699999997
  60.930000000000000   49.782717499999997
  61.829999999999998   49.714156299999999
  62.740000000000002   49.096178899999998


# temperature  820.000000000000000
#   -0.000428064822987    0.097299194756647   -8.216614471238520  307.409260034552403 -4176.566685307843727
  49.229999999999997   49.698860099999997
  50.009999999999998   49.709248000000002
  50.799999999999997   49.719035699999999
  51.600000000000001   49.728671499999997
  52.399999999999999   49.737923199999997
  53.219999999999999   49.747081700000003
  54.039999999999999   49.755685900000003
  54.869999999999997   49.763517200000003
  55.710000000000001   49.771031499999999
  56.560000000000002   49.778454900000000
  57.420000000000002   49.785321600000003
  58.280000000000001   49.791693700000003
  59.159999999999997   49.798089300000001
  60.039999999999999   49.804118699999997
  60.930000000000000   49.784620699999998
  61.829999999999998   49.715921199999997
  62.740000000000002   49.097814300000003


# temperature  830.000000000000000
#   -0.000432162649334    0.098198677785417   -8.290521197631088  310.103478095464254 -4212.731912353330699
  49.229999999999997   49.703347299999997
  50.009999999999998   49.713488099999999
  50.799999999999997   49.723037400000003
  51.600000000000001   49.732443699999997
  52.399999999999999   49.741475100000002
  53.219999999999999   49.750420699999999
  54.039999999999999   49.758819799999998
  54.869999999999997   49.766458999999998
  55.710000000000001   49.773794000000002
  56.560000000000002   49.781045700000000
  57.420000000000002   49.787748499999999
  58.280000000000001   49.793963099999999
  59.159999999999997   49.800206000000003
  60.039999999999999   49.806091299999999
  60.930000000000000   49.786455599999996
  61.829999999999998   49.717622800000001
  62.740000000000002   49.099391099999998


# temperature  840.000000000000000
#   -0.000436211531531    0.099087416099416   -8.363544872350971  312.765491603437511 -4248.464522228299757
  49.229999999999997   49.707675899999998
  50.009999999999998   49.717578199999998
  50.799999999999997   49.726897600000001
  51.600000000000001   49.736082500000002
  52.399999999999999   49.744901300000002
  53.219999999999999   49.753641600000002
  54.039999999999999   49.761842700000003
  54.869999999999997   49.769296599999997
  55.710000000000001   49.776458699999999
  56.560000000000002   49.783544700000000
  57.420000000000002   49.790089399999999
  58.280000000000001   49.796152100000000
  59.159999999999997   49.802247700000002
  60.039999999999999   49.807994100000002
  60.930000000000000   49.788225599999997
  61.829999999999998   49.719264199999998
  62.740000000000002   49.100912100000002


# temperature  850.000000000000000
#   -0.000440212543724    0.099965644622621   -8.435704734359344  315.395999983480067 -4283.773872891379142
  49.229999999999997   49.711853200000000
  50.009999999999998   49.721525399999997
  50.799999999999997   49.730622799999999
  51.600000000000001   49.739594099999998
  52.399999999999999   49.748207700000002
  53.219999999999999   49.756749700000000
  54.039999999999999   49.764759900000001
  54.869999999999997   49.772034900000001
  55.710000000000001   49.779030200000001
  56.560000000000002   49.785956300000002
  57.420000000000002   49.792348400000002
  58.280000000000001   49.798264400000001
  59.159999999999997   49.804217899999998
  60.039999999999999   49.809830200000000
  60.930000000000000   49.789933599999998
  61.829999999999998   49.720847999999997
  62.740000000000002   49.102379700000000


# temperature  860.000000000000000
#   -0.000444166770272    0.100833601696960   -8.507020396714969  317.995719545784709 -4318.669600569141949
  49.229999999999997   49.715886300000001
  50.009999999999998   49.725336200000001
  50.799999999999997   49.734219400000001
  51.600000000000001   49.742984399999997
  52.399999999999999   49.751399800000002
  53.219999999999999   49.759750500000003
  54.039999999999999   49.767576300000002
  54.869999999999997   49.774678600000001
  55.710000000000001   49.781512700000000
  56.560000000000002   49.788284400000002
  57.420000000000002   49.794529199999999
  58.280000000000001   49.800303700000001
  59.159999999999997   49.806119899999999
  60.039999999999999   49.811602800000003
  60.930000000000000   49.791582400000003
  61.829999999999998   49.722377000000002
  62.740000000000002   49.103796600000003


# temperature  870.000000000000000
#   -0.000448075369611    0.101691542324636   -8.577512878347715  320.565419337038861 -4353.162088674853294
  49.229999999999997   49.719781699999999
  50.009999999999998   49.729016899999998
  50.799999999999997   49.737693000000000
  51.600000000000001   49.746258800000000
  52.399999999999999   49.754482799999998
  53.219999999999999   49.762648599999999
  54.039999999999999   49.770296299999998
  54.869999999999997   49.777231800000003
  55.710000000000001   49.783910300000002
  56.560000000000002   49.790532900000002
  57.420000000000002   49.796635500000001
  58.280000000000001   49.802273200000002
  59.159999999999997   49.807956799999999
  60.039999999999999   49.813314699999999
  60.930000000000000   49.793174800000003
  61.829999999999998   49.723853699999999
  62.740000000000002   49.105164899999998


# temperature  880.000000000000000
#   -0.000451939359460    0.102539689145577   -8.647200413698631  323.105762170583887 -4387.260209742320512
  49.229999999999997   49.723545500000000
  50.009999999999998   49.732573299999999
  50.799999999999997   49.741049400000001
  51.600000000000001   49.749422500000001
  52.399999999999999   49.757461599999999
  53.219999999999999   49.765448800000001
  54.039999999999999   49.772924400000001
  54.869999999999997   49.779698699999997
  55.710000000000001   49.786226900000003
  56.560000000000002   49.792705400000003
  57.420000000000002   49.798670500000000
  58.280000000000001   49.804176099999999
  59.159999999999997   49.809731599999999
  60.039999999999999   49.814968700000001
  60.930000000000000   49.794713399999999
  61.829999999999998   49.725280400000003
  62.740000000000002   49.106486900000000


# temperature  890.000000000000000
#   -0.000455759787407    0.103378272854144   -8.716102023132311  325.617444057647788 -4420.973356583584064
  49.229999999999997   49.727183699999998
  50.009999999999998   49.736010899999997
  50.799999999999997   49.744293599999999
  51.600000000000001   49.752480599999998
  52.399999999999999   49.760340900000003
  53.219999999999999   49.768155499999999
  54.039999999999999   49.775464700000001
  54.869999999999997   49.782083200000002
  55.710000000000001   49.788465899999998
  56.560000000000002   49.794805199999999
  57.420000000000002   49.800637399999999
  58.280000000000001   49.806015299999999
  59.159999999999997   49.811447000000001
  60.039999999999999   49.816567399999997
  60.930000000000000   49.796200399999996
  61.829999999999998   49.726659400000003
  62.740000000000002   49.107764799999998


# temperature  900.000000000000000
#   -0.000459537437581    0.104207464747082   -8.784231719305202  328.100973883131189 -4454.308311657456215
  49.229999999999997   49.730701799999999
  50.009999999999998   49.739334999999997
  50.799999999999997   49.747430700000002
  51.600000000000001   49.755437700000002
  52.399999999999999   49.763125100000003
  53.219999999999999   49.770772600000001
  54.039999999999999   49.777920999999999
  54.869999999999997   49.784388800000002
  55.710000000000001   49.790630999999998
  56.560000000000002   49.796835600000001
  57.420000000000002   49.802539299999999
  58.280000000000001   49.807793699999998
  59.159999999999997   49.813105700000001
  60.039999999999999   49.818113099999998
  60.930000000000000   49.797638300000003
  61.829999999999998   49.727992800000003
  62.740000000000002   49.109000299999998


# temperature  910.000000000000000
#   -0.000463273562222    0.105027541458276   -8.851612381165955  330.557191355248449 -4487.276479003754503
  49.229999999999997   49.734104899999998
  50.009999999999998   49.742550500000000
  50.799999999999997   49.750465200000001
  51.600000000000001   49.758298099999998
  52.399999999999999   49.765818199999998
  53.219999999999999   49.773304199999998
  54.039999999999999   49.780296900000003
  54.869999999999997   49.786619000000002
  55.710000000000001   49.792725200000000
  56.560000000000002   49.798799500000001
  57.420000000000002   49.804378900000003
  58.280000000000001   49.809513899999999
  59.159999999999997   49.814709999999998
  60.039999999999999   49.819608299999999
  60.930000000000000   49.799029099999998
  61.829999999999998   49.729282499999997
  62.740000000000002   49.110195300000001


# temperature  920.000000000000000
#   -0.000466968828994    0.105838648185387   -8.918255828513086  332.986523476776483 -4519.883503676060172
  49.229999999999997   49.737398100000000
  50.009999999999998   49.745662099999997
  50.799999999999997   49.753401699999998
  51.600000000000001   49.761066000000000
  52.399999999999999   49.768424199999998
  53.219999999999999   49.775753899999998
  54.039999999999999   49.782595999999998
  54.869999999999997   49.788777000000003
  55.710000000000001   49.794751699999999
  56.560000000000002   49.800699899999998
  57.420000000000002   49.806159000000001
  58.280000000000001   49.811178400000003
  59.159999999999997   49.816262500000001
  60.039999999999999   49.821055100000002
  60.930000000000000   49.800374800000000
  61.829999999999998   49.730530399999999
  62.740000000000002   49.111351700000000


# temperature  930.000000000000000
#   -0.000470624281163    0.106641014262016   -8.984180935474555  335.389659631287259 -4552.138687734632185
  49.229999999999997   49.740586000000000
  50.009999999999998   49.748674100000002
  50.799999999999997   49.756244199999998
  51.600000000000001   49.763745299999997
  52.399999999999999   49.770946899999998
  53.219999999999999   49.778125199999998
  54.039999999999999   49.784821600000001
  54.869999999999997   49.790866000000001
  55.710000000000001   49.796713199999999
  56.560000000000002   49.802539500000002
  57.420000000000002   49.807882100000000
  58.280000000000001   49.812789600000002
  59.159999999999997   49.817765199999997
  60.039999999999999   49.822455499999997
  60.930000000000000   49.801677499999997
  61.829999999999998   49.731738399999998
  62.740000000000002   49.112470999999999


# temperature  940.000000000000000
#   -0.000474240544683    0.107434777013112   -9.049398985505041  337.767011465218218 -4584.047534325753077
  49.229999999999997   49.743673000000001
  50.009999999999998   49.751590899999997
  50.799999999999997   49.758996799999998
  51.600000000000001   49.766339899999998
  52.399999999999999   49.773389700000003
  53.219999999999999   49.780421500000003
  54.039999999999999   49.786976600000003
  54.869999999999997   49.792888800000000
  55.710000000000001   49.798612700000000
  56.560000000000002   49.804320699999998
  57.420000000000002   49.809550600000001
  58.280000000000001   49.814349800000002
  59.159999999999997   49.819220299999998
  60.039999999999999   49.823811599999999
  60.930000000000000   49.802938800000000
  61.829999999999998   49.732908100000003
  62.740000000000002   49.113554899999997


# temperature  950.000000000000000
#   -0.000477818668660    0.108220167528613   -9.113929034061638  340.119276230425555 -4615.619476576935085
  49.229999999999997   49.746663499999997
  50.009999999999998   49.754416300000003
  50.799999999999997   49.761663200000001
  51.600000000000001   49.768853200000002
  52.399999999999999   49.775756000000001
  53.219999999999999   49.782645700000003
  54.039999999999999   49.789064099999997
  54.869999999999997   49.794848199999997
  55.710000000000001   49.800452600000000
  56.560000000000002   49.806046199999997
  57.420000000000002   49.811166800000002
  58.280000000000001   49.815860999999998
  59.159999999999997   49.820629799999999
  60.039999999999999   49.825125100000001
  60.930000000000000   49.804160600000003
  61.829999999999998   49.734040999999998
  62.740000000000002   49.114604700000001


# temperature  960.000000000000000
#   -0.000481359374418    0.108997343530260   -9.177783991668027  342.446922916762958 -4646.860778114072673
  49.229999999999997   49.749561200000002
  50.009999999999998   49.757154200000002
  50.799999999999997   49.764246999999997
  51.600000000000001   49.771288599999998
  52.399999999999999   49.778048900000002
  53.219999999999999   49.784801100000003
  54.039999999999999   49.791086900000003
  54.869999999999997   49.796746800000001
  55.710000000000001   49.802235400000001
  56.560000000000002   49.807718100000002
  57.420000000000002   49.812732900000000
  58.280000000000001   49.817325300000000
  59.159999999999997   49.821995500000000
  60.039999999999999   49.826397800000002
  60.930000000000000   49.805344499999997
  61.829999999999998   49.735138900000003
  62.740000000000002   49.115622000000002


# temperature  970.000000000000000
#   -0.000484863386166    0.109766464099069   -9.240976943012486  344.750429259934435 -4677.777860104112733
  49.229999999999997   49.752370100000000
  50.009999999999998   49.759808100000001
  50.799999999999997   49.766751399999997
  51.600000000000001   49.773649200000001
  52.399999999999999   49.780271399999997
  53.219999999999999   49.786890200000002
  54.039999999999999   49.793047500000000
  54.869999999999997   49.798587099999999
  55.710000000000001   49.803963500000002
  56.560000000000002   49.809338599999997
  57.420000000000002   49.814250800000003
  58.280000000000001   49.818744700000003
  59.159999999999997   49.823319200000000
  60.039999999999999   49.827631500000003
  60.930000000000000   49.806491999999999
  61.829999999999998   49.736202900000002
  62.740000000000002   49.116607999999999


