# temperature   10.000000000000000
#    0.000589758637456   -0.127206932385600   10.289382569971565 -369.850076956582086 4985.126312849141868
  49.229999999999997    0.329439000000000
  50.009999999999998    0.314033400000000
  50.799999999999997    0.302928400000000
  51.600000000000001    0.298788200000000
  52.399999999999999    0.296977400000000
  53.219999999999999    0.302491700000000
  54.039999999999999    0.307594600000000
  54.869999999999997    0.320015400000000
  55.710000000000001    0.339283700000000
  56.560000000000002    0.367499400000000
  57.420000000000002    0.400092000000000
  58.280000000000001    0.449688400000000
  59.159999999999997    0.528250500000000
  60.039999999999999    0.652809100000000
  60.930000000000000    0.874144900000000
  61.829999999999998    1.293476200000000
  62.740000000000002    2.356263800000000


# temperature   20.000000000000000
#   -0.000084733923514    0.021414841226541   -1.943723260012175   76.315089600116664 -1096.516417795106690
  49.229999999999997    2.877139700000000
  50.009999999999998    2.863014400000000
  50.799999999999997    2.871285500000000
  51.600000000000001    2.908549500000000
  52.399999999999999    2.958655300000000
  53.219999999999999    3.043054100000000
  54.039999999999999    3.136009300000000
  54.869999999999997    3.273531800000000
  55.710000000000001    3.445288800000000
  56.560000000000002    3.661255100000000
  57.420000000000002    3.910571500000000
  58.280000000000001    4.247902500000000
  59.159999999999997    4.702768100000000
  60.039999999999999    5.309445700000000
  60.930000000000000    6.173550600000000
  61.829999999999998    7.459046300000000
  62.740000000000002    9.418557699999999


# temperature   30.000000000000000
#   -0.000324422696123    0.072026574952722   -5.943463920177490  216.857841209216360 -2946.288873814290582
  49.229999999999997    6.933157600000000
  50.009999999999998    7.001117400000000
  50.799999999999997    7.106928200000000
  51.600000000000001    7.261233000000000
  52.399999999999999    7.440956600000000
  53.219999999999999    7.680441900000000
  54.039999999999999    7.944242800000000
  54.869999999999997    8.282532399999999
  55.710000000000001    8.677890000000000
  56.560000000000002    9.148966100000001
  57.420000000000002    9.678913900000000
  58.280000000000001   10.345423000000000
  59.159999999999997   11.181933200000000
  60.039999999999999   12.217279300000000
  60.930000000000000   13.564985399999999
  61.829999999999998   15.386502200000001
  62.740000000000002   17.730167800000000


# temperature   40.000000000000000
#   -0.000322957162064    0.070469709044819   -5.732615825623685  206.973090055437211 -2787.688676274994123
  49.229999999999997   11.561868199999999
  50.009999999999998   11.753772600000000
  50.799999999999997   11.996123799999999
  51.600000000000001   12.301819399999999
  52.399999999999999   12.643946100000001
  53.219999999999999   13.063852499999999
  54.039999999999999   13.521726700000000
  54.869999999999997   14.069296700000001
  55.710000000000001   14.684369400000000
  56.560000000000002   15.392610800000000
  57.420000000000002   16.172201800000000
  58.280000000000001   17.110170700000001
  59.159999999999997   18.240428099999999
  60.039999999999999   19.583515400000000
  60.930000000000000   21.251796800000001
  61.829999999999998   23.401047699999999
  62.740000000000002   25.926647700000000


# temperature   50.000000000000000
#   -0.000302393344929    0.065720712193774   -5.339111750186587  193.085133736429725 -2606.564092811637238
  49.229999999999997   16.407737099999999
  50.009999999999998   16.731145399999999
  50.799999999999997   17.113134599999999
  51.600000000000001   17.567428400000001
  52.399999999999999   18.064665000000002
  53.219999999999999   18.649732300000000
  54.039999999999999   19.280506200000001
  54.869999999999997   20.005921799999999
  55.710000000000001   20.800833999999998
  56.560000000000002   21.696252900000001
  57.420000000000002   22.667028599999998
  58.280000000000001   23.804318100000000
  59.159999999999997   25.142307400000000
  60.039999999999999   26.695184200000000
  60.930000000000000   28.572826800000001
  61.829999999999998   30.926648199999999
  62.740000000000002   33.533605199999997


# temperature   60.000000000000000
#   -0.000296720818917    0.064611608516243   -5.268966676830188  191.568853006217182 -2598.420944188552767
  49.229999999999997   21.265461500000001
  50.009999999999998   21.707393700000001
  50.799999999999997   22.212186500000001
  51.600000000000001   22.793754700000001
  52.399999999999999   23.421139799999999
  53.219999999999999   24.141140100000001
  54.039999999999999   24.910275800000001
  54.869999999999997   25.774100300000001
  55.710000000000001   26.705766199999999
  56.560000000000002   27.740280200000001
  57.420000000000002   28.850433299999999
  58.280000000000001   30.129518900000001
  59.159999999999997   31.612127399999999
  60.039999999999999   33.308043800000000
  60.930000000000000   35.324560800000000
  61.829999999999998   37.809672200000001
  62.740000000000002   40.444520400000002


# temperature   70.000000000000000
#   -0.000299651438324    0.065445386556560   -5.358165865633371  195.655137612169568 -2662.017707433978558
  49.229999999999997   26.002901600000001
  50.009999999999998   26.543778100000001
  50.799999999999997   27.149363699999999
  51.600000000000001   27.833556999999999
  52.399999999999999   28.564362800000001
  53.219999999999999   29.389726100000001
  54.039999999999999   30.265327100000000
  54.869999999999997   31.233807899999999
  55.710000000000001   32.267359800000001
  56.560000000000002   33.403966199999999
  57.420000000000002   34.615149000000002
  58.280000000000001   35.995465600000003
  59.159999999999997   37.579953199999999
  60.039999999999999   39.375355200000001
  60.930000000000000   41.486480999999998
  61.829999999999998   44.058456399999997
  62.740000000000002   46.692168000000002


# temperature   80.000000000000000
#   -0.000305219433196    0.066821155619356   -5.485996279842363  200.832652318125497 -2735.620353370495195
  49.229999999999997   30.546146000000000
  50.009999999999998   31.166959299999998
  50.799999999999997   31.853004800000001
  51.600000000000001   32.618119800000002
  52.399999999999999   33.429631399999998
  53.219999999999999   34.336241600000001
  54.039999999999999   35.293086500000001
  54.869999999999997   36.340511800000002
  55.710000000000001   37.450164700000002
  56.560000000000002   38.662260000000003
  57.420000000000002   39.947515000000003
  58.280000000000001   41.401309800000000
  59.159999999999997   43.059104499999997
  60.039999999999999   44.925494999999998
  60.930000000000000   47.102944299999997
  61.829999999999998   49.734057999999997
  62.740000000000002   52.350726199999997


# temperature   90.000000000000000
#   -0.000310831217596    0.068158982359500   -5.605241197219723  205.452281135023213 -2798.381242055439543
  49.229999999999997   34.861957300000000
  50.009999999999998   35.546658800000003
  50.799999999999997   36.296454300000001
  51.600000000000001   37.125125199999999
  52.399999999999999   37.999547399999997
  53.219999999999999   38.968958999999998
  54.039999999999999   39.988129200000003
  54.869999999999997   41.095631599999997
  55.710000000000001   42.262803300000002
  56.560000000000002   43.531552699999999
  57.420000000000002   44.872066799999999
  58.280000000000001   46.380297400000003
  59.159999999999997   48.092077699999997
  60.039999999999999   50.010446799999997
  60.930000000000000   52.235659599999998
  61.829999999999998   54.908047900000000
  62.740000000000002   57.498999099999999


# temperature  100.000000000000000
#   -0.000315666458398    0.069288535711558   -5.703469499252662  209.147500168700219 -2846.751758599353707
  49.229999999999997   38.941871800000001
  50.009999999999998   39.677644100000002
  50.799999999999997   40.478071999999997
  51.600000000000001   41.356897600000003
  52.399999999999999   42.280688499999997
  53.219999999999999   43.299082599999998
  54.039999999999999   44.366590600000002
  54.869999999999997   45.520418499999998
  55.710000000000001   46.731726600000002
  56.560000000000002   48.043726999999997
  57.420000000000002   49.426242899999998
  58.280000000000001   50.975642299999997
  59.159999999999997   52.728077999999996
  60.039999999999999   54.685430599999997
  60.930000000000000   56.945879400000003
  61.829999999999998   59.647672000000000
  62.740000000000002   62.208321300000001


# temperature  110.000000000000000
#   -0.000319601747695    0.070194219041256   -5.780763742176889  211.985464154371357 -2882.595980687067822
  49.229999999999997   42.791108399999999
  50.009999999999998   43.567933099999998
  50.799999999999997   44.408861199999997
  51.600000000000001   45.327611800000000
  52.399999999999999   46.290535900000002
  53.219999999999999   47.347580299999997
  54.039999999999999   48.453066800000002
  54.869999999999997   49.643135500000000
  55.710000000000001   50.888847400000003
  56.560000000000002   52.234434200000003
  57.420000000000002   53.649458899999999
  58.280000000000001   55.230603000000002
  59.159999999999997   57.014290400000000
  60.039999999999999   59.001518699999998
  60.930000000000000   61.288515099999998
  61.829999999999998   64.011599700000005
  62.740000000000002   66.539722600000005


# temperature  120.000000000000000
#   -0.000322739698291    0.070907507670112   -5.840669091562066  214.136829607885659 -2908.793356568423405
  49.229999999999997   46.421740200000002
  50.009999999999998   47.231830799999997
  50.799999999999997   48.105451899999998
  51.600000000000001   49.056312300000002
  52.399999999999999   50.050606700000003
  53.219999999999999   51.138526499999998
  54.039999999999999   52.274250500000001
  54.869999999999997   53.493078300000001
  55.710000000000001   54.766017300000001
  56.560000000000002   56.138108199999998
  57.420000000000002   57.578721199999997
  58.280000000000001   59.184780099999998
  59.159999999999997   60.992938600000002
  60.039999999999999   63.003506500000000
  60.930000000000000   65.310873599999994
  61.829999999999998   68.049565099999995
  62.740000000000002   70.544320999999997


# temperature  130.000000000000000
#   -0.000325231200011    0.071467716850317   -5.887040743372412  215.767383799921959 -2927.903651873025410
  49.229999999999997   49.848760900000002
  50.009999999999998   50.686052400000001
  50.799999999999997   51.586325100000003
  51.600000000000001   52.563286099999999
  52.399999999999999   53.583014400000003
  53.219999999999999   54.695899599999997
  54.039999999999999   55.856008299999999
  54.869999999999997   57.097968399999999
  55.710000000000001   58.392761999999998
  56.560000000000002   59.786079999999998
  57.420000000000002   61.247145099999997
  58.280000000000001   62.873072600000000
  59.159999999999997   64.700711200000001
  60.039999999999999   66.729825500000004
  60.930000000000000   69.053072400000005
  61.829999999999998   71.803297900000004
  62.740000000000002   74.264663600000006


# temperature  140.000000000000000
#   -0.000327216144471    0.071909645488200   -5.923132008871558  217.010631821512789 -2941.897127697659471
  49.229999999999997   53.087921399999999
  50.009999999999998   53.947660900000002
  50.799999999999997   54.869874400000000
  51.600000000000001   55.868273899999998
  52.399999999999999   56.908849799999999
  53.219999999999999   58.042155100000002
  54.039999999999999   59.222166299999998
  54.869999999999997   60.482967400000000
  55.710000000000001   61.795532399999999
  56.560000000000002   63.206081900000001
  57.420000000000002   64.683722000000003
  58.280000000000001   66.325722099999993
  59.159999999999997   68.169097500000007
  60.039999999999999   70.213172999999998
  60.930000000000000   72.548968799999997
  61.829999999999998   75.307753199999993
  62.740000000000002   77.736186700000005


# temperature  150.000000000000000
#   -0.000328808828295    0.072261035013156   -5.951466991437505  217.967172221063549 -2952.211195235175182
  49.229999999999997   56.154595299999997
  50.009999999999998   57.033028399999999
  50.799999999999997   57.973476200000000
  51.600000000000001   58.989660100000002
  52.399999999999999   60.047501599999997
  53.219999999999999   61.197689599999997
  54.039999999999999   62.394126700000001
  54.869999999999997   63.670451000000000
  55.710000000000001   64.997639199999995
  56.560000000000002   66.422348299999996
  57.420000000000002   67.913590099999993
  58.280000000000001   69.568759600000007
  59.159999999999997   71.425015599999995
  60.039999999999999   73.481322899999995
  60.930000000000000   75.827152699999999
  61.829999999999998   78.592286099999995
  62.740000000000002   80.988522799999998


# temperature  160.000000000000000
#   -0.000330098118843    0.072543100556148   -5.973939510567157  218.710840715381437 -2959.872590753086570
  49.229999999999997   59.063227699999999
  50.009999999999998   59.957362600000003
  50.799999999999997   60.913100800000002
  51.600000000000001   61.944175700000002
  52.399999999999999   63.016453900000002
  53.219999999999999   64.180739399999993
  54.039999999999999   65.390872099999996
  54.869999999999997   66.680121099999994
  55.710000000000001   68.019472199999996
  56.560000000000002   69.455945999999997
  57.420000000000002   70.958475899999996
  58.280000000000001   72.624560700000004
  59.159999999999997   74.491483900000006
  60.039999999999999   76.557911700000005
  60.930000000000000   78.911846100000005
  61.829999999999998   81.681662599999996
  62.740000000000002   84.046590699999996


# temperature  170.000000000000000
#   -0.000331151578200    0.072771768323507   -5.991949993569217  219.295239603122752 -2965.608257408830468
  49.229999999999997   61.827107499999997
  50.009999999999998   62.734538499999999
  50.799999999999997   63.703206100000003
  51.600000000000001   64.746857800000001
  52.399999999999999   65.831314899999995
  53.219999999999999   67.007480200000003
  54.039999999999999   68.229139399999994
  54.869999999999997   69.529253100000005
  55.710000000000001   70.878820300000001
  56.560000000000002   72.325166899999999
  57.420000000000002   73.837160600000004
  58.280000000000001   75.512386599999999
  59.159999999999997   77.388237399999994
  60.039999999999999   79.463128699999999
  60.930000000000000   81.823666599999996
  61.829999999999998   84.596894000000006
  62.740000000000002   86.931477299999997


# temperature  180.000000000000000
#   -0.000332020722130    0.072959050330278   -6.006540813664015  219.759605658301325 -2969.937725335455525
  49.229999999999997   64.458312699999993
  50.009999999999998   65.377088599999993
  50.799999999999997   66.356774799999997
  51.600000000000001   67.411133899999996
  52.399999999999999   68.505949799999996
  53.219999999999999   69.692210299999999
  54.039999999999999   70.923654200000001
  54.869999999999997   72.232980900000001
  55.710000000000001   73.591205599999995
  56.560000000000002   75.045913100000007
  57.420000000000002   76.565914300000003
  58.280000000000001   78.248867700000005
  59.159999999999997   80.132261299999996
  60.039999999999999   82.214298900000003
  60.930000000000000   84.580257200000005
  61.829999999999998   87.355913299999997
  62.740000000000002   89.661142499999997


# temperature  190.000000000000000
#   -0.000332744318532    0.073113904925729   -6.018480540942150  220.132426478595647 -2973.229059439331650
  49.229999999999997   66.967748000000000
  50.009999999999998   67.896272499999995
  50.799999999999997   68.885416800000002
  51.600000000000001   69.948959500000001
  52.399999999999999   71.052652899999998
  53.219999999999999   72.247558600000005
  54.039999999999999   73.487373700000006
  54.869999999999997   74.804575700000001
  55.710000000000001   76.170196700000005
  56.560000000000002   77.632043400000001
  57.420000000000002   79.158876800000002
  58.280000000000001   80.848417699999999
  59.159999999999997   82.738239100000001
  60.039999999999999   84.826363200000003
  60.930000000000000   87.196798999999999
  61.829999999999998   89.974118000000004
  62.740000000000002   92.250981699999997


# temperature  200.000000000000000
#   -0.000333352110733    0.073243146253326   -6.028347468679799  220.434822631815905 -2975.748693693967198
  49.229999999999997   69.365223900000004
  50.009999999999998   70.302180399999997
  50.799999999999997   71.299498000000000
  51.600000000000001   72.370971499999996
  52.399999999999999   73.482325900000006
  53.219999999999999   74.684687699999998
  54.039999999999999   75.931716600000001
  54.869999999999997   77.255699500000006
  55.710000000000001   78.627686600000004
  56.560000000000002   80.095675200000002
  57.420000000000002   81.628382400000007
  58.280000000000001   83.323582700000003
  59.159999999999997   85.218924500000000
  60.039999999999999   87.312273399999995
  60.930000000000000   89.686427300000005
  61.829999999999998   92.464806999999993
  62.740000000000002   94.714273199999994


# temperature  210.000000000000000
#   -0.000333866820070    0.073351940798816   -6.036575743067779  220.682424719579558 -2977.688875917986479
  49.229999999999997   71.659554600000007
  50.009999999999998   72.603849100000005
  50.799999999999997   73.608273499999996
  51.600000000000001   74.686639200000002
  52.399999999999999   75.804647399999993
  53.219999999999999   77.013481900000002
  54.039999999999999   78.266768499999998
  54.869999999999997   79.596629399999998
  55.710000000000001   80.974132900000001
  56.560000000000002   82.447441999999995
  57.420000000000002   83.985234300000002
  58.280000000000001   85.685330699999994
  59.159999999999997   87.585447299999998
  60.039999999999999   89.683313600000005
  60.930000000000000   92.060568200000006
  61.829999999999998   94.839532100000000
  62.740000000000002   97.062537199999994


# temperature  220.000000000000000
#   -0.000334306178534    0.073444290793366   -6.043498450699033  220.887060329892137 -2979.191548299536407
  49.229999999999997   73.858658399999996
  50.009999999999998   74.809374899999995
  50.799999999999997   75.820014599999993
  51.600000000000001   76.904405199999999
  52.399999999999999   78.028226700000005
  53.219999999999999   79.242714100000001
  54.039999999999999   80.501462200000006
  54.869999999999997   81.836449700000003
  55.710000000000001   83.218763499999994
  56.560000000000002   84.696710699999997
  57.420000000000002   86.238933399999993
  58.280000000000001   87.943292700000001
  59.159999999999997   89.847566099999995
  60.039999999999999   91.949363899999994
  60.930000000000000   94.329212999999996
  61.829999999999998   97.108381399999999
  62.740000000000002   99.305824700000002


# temperature  230.000000000000000
#   -0.000334683891519    0.073523270117100   -6.049369166874624  221.057609802163853 -2980.360385699852486
  49.229999999999997   75.969654599999998
  50.009999999999998   76.926021300000002
  50.799999999999997   77.942125599999997
  51.600000000000001   79.031811300000001
  52.399999999999999   80.160739899999996
  53.219999999999999   81.380191800000006
  54.039999999999999   82.643733299999994
  54.869999999999997   83.983217699999997
  55.710000000000001   85.369749999999996
  56.560000000000002   86.851764000000003
  57.420000000000002   88.397869299999996
  58.280000000000001   90.105962300000002
  59.159999999999997   92.013876100000004
  60.039999999999999   94.119115699999995
  60.930000000000000   96.501141399999995
  61.829999999999998   99.280210499999995
  62.740000000000002  101.452950999999999


# temperature  240.000000000000000
#   -0.000335010759062    0.073591283703562   -6.054384388809374  221.200854964891249 -2981.272305013441382
  49.229999999999997   77.998952799999998
  50.009999999999998   78.960315100000003
  50.799999999999997   79.981247900000000
  51.600000000000001   81.075610999999995
  52.399999999999999   82.209048999999993
  53.219999999999999   83.432883399999994
  54.039999999999999   84.700653799999998
  54.869999999999997   86.044103399999997
  55.710000000000001   87.434354999999996
  56.560000000000002   88.919954000000004
  57.420000000000002   90.469480200000007
  58.280000000000001   92.180861100000001
  59.159999999999997   94.091980500000005
  60.039999999999999   96.200250100000005
  60.930000000000000   98.584104600000003
  61.829999999999998  101.362830299999999
  62.740000000000002  103.511685900000003


# temperature  250.000000000000000
#   -0.000335295566207    0.073650277864285   -6.058702051787084  221.322190935539425 -2981.987291710740919
  49.229999999999997   79.952333999999993
  50.009999999999998   80.918133200000000
  50.799999999999997   81.943352300000001
  51.600000000000001   83.041866499999998
  52.399999999999999   84.179304999999999
  53.219999999999999   85.407026500000001
  54.039999999999999   86.678546200000000
  54.869999999999997   88.025509099999994
  55.710000000000001   89.419055999999998
  56.560000000000002   90.907830899999993
  57.420000000000002   92.460386299999996
  58.280000000000001   94.174677000000003
  59.159999999999997   96.088633400000006
  60.039999999999999   98.199584099999996
  60.930000000000000  100.584976100000006
  61.829999999999998  103.363161899999994
  62.740000000000002  105.488909800000002


# temperature  260.000000000000000
#   -0.000335545018129    0.073701728484976   -6.062440719637873  221.425594394911400 -2982.547615690592920
  49.229999999999997   81.835022300000006
  50.009999999999998   82.804779199999999
  50.799999999999997   83.833819500000004
  51.600000000000001   84.936033699999996
  52.399999999999999   86.077037000000004
  53.219999999999999   87.308221900000007
  54.039999999999999   88.583080100000004
  54.869999999999997   89.933170099999998
  55.710000000000001   91.329649799999999
  56.560000000000002   92.821251300000000
  57.420000000000002   94.376501399999995
  58.280000000000001   96.093379400000003
  59.159999999999997   98.009858399999999
  60.039999999999999  100.123192500000002
  60.930000000000000  102.509876899999995
  61.829999999999998  105.287364199999999
  62.740000000000002  107.390741800000001


# temperature  270.000000000000000
#   -0.000335764689731    0.073746856220686   -6.065697775559497  221.514298294861703 -2982.986937106903497
  49.229999999999997   83.651748600000005
  50.009999999999998   84.625049899999993
  50.799999999999997   85.657510599999995
  51.600000000000001   86.763036299999996
  52.399999999999999   87.907229099999995
  53.219999999999999   89.141512300000002
  54.039999999999999   90.419355999999993
  54.869999999999997   91.772241100000002
  55.710000000000001   93.171342100000004
  56.560000000000002   94.665469999999999
  57.420000000000002   96.223127500000004
  58.280000000000001   97.942315899999997
  59.159999999999997   99.861047600000006
  60.039999999999999  101.976509800000002
  60.930000000000000  104.364278999999996
  61.829999999999998  107.140939900000006
  62.740000000000002  109.222646499999996


# temperature  280.000000000000000
#   -0.000335959089641    0.073786642627805   -6.068550883672748  221.590844691763152 -2983.330819939639696
  49.229999999999997   85.406806599999996
  50.009999999999998   86.383293899999998
  50.799999999999997   87.418827800000003
  51.600000000000001   88.527328499999996
  52.399999999999999   89.674386100000007
  53.219999999999999   90.911451999999997
  54.039999999999999   92.191975700000000
  54.869999999999997   93.547368899999995
  55.710000000000001   94.948822100000001
  56.560000000000002   96.445217099999994
  57.420000000000002   98.005033999999995
  58.280000000000001   99.726293699999999
  59.159999999999997  101.647045399999996
  60.039999999999999  103.764415299999996
  60.930000000000000  106.153092799999996
  61.829999999999998  108.928824000000006
  62.740000000000002  110.989522699999995


# temperature  290.000000000000000
#   -0.000336132009523    0.073821910820091   -6.071064899628375  221.657342056335153 -2983.600148922820608
  49.229999999999997   87.104101799999995
  50.009999999999998   88.083463100000003
  50.799999999999997   89.121767899999995
  51.600000000000001   90.232950900000006
  52.399999999999999   91.382590800000003
  53.219999999999999   92.622164900000001
  54.039999999999999   93.905103400000002
  54.869999999999997   95.262755200000001
  55.710000000000001   96.666326999999995
  56.560000000000002   98.164763899999997
  57.420000000000002   99.726524999999995
  58.280000000000001  101.449648699999997
  59.159999999999997  103.372218300000000
  60.039999999999999  105.491305100000005
  60.930000000000000  107.880740000000003
  61.829999999999998  110.655458499999995
  62.740000000000002  112.695778000000004


# temperature  300.000000000000000
#   -0.000336286555125    0.073853330304431   -6.073292059372665  221.715460296634035 -2983.810763290525756
  49.229999999999997   88.747194399999998
  50.009999999999998   89.729156799999998
  50.799999999999997   90.769968399999996
  51.600000000000001   91.883577799999998
  52.399999999999999   93.035553100000001
  53.219999999999999   94.277395799999994
  54.039999999999999   95.562517299999996
  54.869999999999997   96.922210300000003
  55.710000000000001   98.327696700000004
  56.560000000000002   99.827979099999993
  57.420000000000002  101.391496700000005
  58.280000000000001  103.116303700000003
  59.159999999999997  105.040515299999996
  60.039999999999999  107.161152500000000
  60.930000000000000  109.551215299999996
  61.829999999999998  112.324854700000003
  62.740000000000002  114.345391300000003


# temperature  310.000000000000000
#   -0.000336425031148    0.073881394646367   -6.075270365911523  221.766377201560431 -2983.972695655173084
  49.229999999999997   90.339337099999995
  50.009999999999998   91.323660799999999
  50.799999999999997   92.366747200000006
  51.600000000000001   93.482558400000002
  52.399999999999999   94.636652799999993
  53.219999999999999   95.880553800000001
  54.039999999999999   97.167655300000007
  54.869999999999997   98.529198699999995
  55.710000000000001   99.936420999999996
  56.560000000000002  101.438377000000003
  57.420000000000002  103.003486600000002
  58.280000000000001  104.729818699999996
  59.159999999999997  106.655518200000003
  60.039999999999999  108.777560199999996
  60.930000000000000  111.168139400000001
  61.829999999999998  113.940646799999996
  62.740000000000002  115.941966300000004


# temperature  320.000000000000000
#   -0.000336549789871    0.073906608585005   -6.077038986307896  221.811337082672566 -2984.097661182815500
  49.229999999999997   91.883507600000002
  50.009999999999998   92.869981400000000
  50.799999999999997   93.915138099999993
  51.600000000000001   95.032953399999997
  52.399999999999999   96.188975999999997
  53.219999999999999   97.434750199999996
  54.039999999999999   98.723652799999996
  54.869999999999997  100.086878900000002
  55.710000000000001  101.495679899999999
  56.560000000000002  102.999157999999994
  57.420000000000002  104.565715200000000
  58.280000000000001  106.293433300000004
  59.159999999999997  108.220485300000007
  60.039999999999999  110.343804000000006
  60.930000000000000  112.734803200000002
  61.829999999999998  115.506136999999995
  62.740000000000002  117.488776700000003


# temperature  330.000000000000000
#   -0.000336662509573    0.073929328359926   -6.078625009975151  221.851161719447816 -2984.192231904248274
  49.229999999999997   93.382438199999996
  50.009999999999998   94.370874900000004
  50.799999999999997   95.417921100000001
  51.600000000000001   96.537565499999999
  52.399999999999999   97.695347699999999
  53.219999999999999   98.942831400000003
  54.039999999999999  100.233377099999998
  54.869999999999997  101.598137699999995
  55.710000000000001  103.008378500000006
  56.560000000000002  104.513245200000000
  57.420000000000002  106.081122199999996
  58.280000000000001  107.810103499999997
  59.159999999999997  109.738388400000005
  60.039999999999999  111.862870900000004
  60.930000000000000  114.254206600000003
  61.829999999999998  117.024334300000007
  62.740000000000002  118.988804799999997


# temperature  340.000000000000000
#   -0.000336764659061    0.073949865442397   -6.080052095163493  221.886568072968629 -2984.262146041165579
  49.229999999999997   94.838640400000003
  50.009999999999998   95.828873900000005
  50.799999999999997   96.877649099999999
  51.600000000000001   97.998967199999996
  52.399999999999999   99.158359500000003
  53.219999999999999  100.407407500000005
  54.039999999999999  101.699456200000000
  54.869999999999997  103.065619699999999
  55.710000000000001  104.477177200000000
  56.560000000000002  105.983313999999993
  57.420000000000002  107.552397799999994
  58.280000000000001  109.282533500000000
  59.159999999999997  111.211945400000005
  60.039999999999999  113.337491700000001
  60.930000000000000  115.729091199999999
  61.829999999999998  118.497988000000007
  62.740000000000002  120.444774800000005


# temperature  350.000000000000000
#   -0.000336857575923    0.073968502960733   -6.081341728610359  221.918208979358525 -2984.312738809054281
  49.229999999999997   96.254427699999994
  50.009999999999998   97.246310100000002
  50.799999999999997   98.296671300000000
  51.600000000000001   99.419524899999999
  52.399999999999999  100.580393999999998
  53.219999999999999  101.830877000000001
  54.039999999999999  103.124303999999995
  54.869999999999997  104.491753599999996
  55.710000000000001  105.904518300000007
  56.560000000000002  107.411819600000001
  57.420000000000002  108.982009599999998
  58.280000000000001  110.713203100000001
  59.159999999999997  112.643647900000005
  60.039999999999999  114.770168900000002
  60.930000000000000  117.161968999999999
  61.829999999999998  119.929616699999997
  62.740000000000002  121.859181599999999


# temperature  360.000000000000000
#   -0.000336942294889    0.073985457629084   -6.082510056084780  221.946555036353715 -2984.347259094452056
  49.229999999999997   97.631935400000003
  50.009999999999998   98.625334400000000
  50.799999999999997   99.677153700000005
  51.600000000000001  100.801419300000006
  52.399999999999999  101.963646199999999
  53.219999999999999  103.215448899999998
  54.039999999999999  104.510142700000003
  54.869999999999997  105.878774000000007
  55.710000000000001  107.292648200000002
  56.560000000000002  108.801020100000002
  57.420000000000002  110.372226600000005
  58.280000000000001  112.104391399999997
  59.159999999999997  114.035785200000007
  60.039999999999999  116.163201799999996
  60.930000000000000  118.555147099999999
  61.829999999999998  121.321532500000004
  62.740000000000002  123.234315600000002


# temperature  370.000000000000000
#   -0.000337019755002    0.074000926859257   -6.083571870090666  221.972042940175157 -2984.368898533704396
  49.229999999999997   98.973137600000001
  50.009999999999998   99.967934499999998
  50.799999999999997  101.021097600000004
  51.600000000000001  102.146664400000006
  52.399999999999999  103.310142499999998
  53.219999999999999  104.563161399999998
  54.039999999999999  105.859022400000001
  54.869999999999997  107.228741999999997
  55.710000000000001  108.643638100000004
  56.560000000000002  110.152996400000006
  57.420000000000002  111.725138999999999
  58.280000000000001  113.458198199999998
  59.159999999999997  115.390465699999993
  60.039999999999999  117.518706800000004
  60.930000000000000  119.910748900000002
  61.829999999999998  122.675863600000000
  62.740000000000002  124.572284300000007


# temperature  380.000000000000000
#   -0.000337090906126    0.074015111061736   -6.084542344458382  221.995134293348457 -2984.381507011181384
  49.229999999999997  100.279862699999995
  50.009999999999998  101.275951000000006
  50.799999999999997  102.330354900000003
  51.600000000000001  103.457123400000000
  52.399999999999999  104.621757000000002
  53.219999999999999  105.875899200000006
  54.039999999999999  107.172837900000005
  54.869999999999997  108.543561800000006
  55.710000000000001  109.959401299999996
  56.560000000000002  111.469670399999998
  57.420000000000002  113.042676999999998
  58.280000000000001  114.776561200000003
  59.159999999999997  116.709635199999994
  60.039999999999999  118.838637100000000
  60.930000000000000  121.230733499999999
  61.829999999999998  123.994572599999998
  62.740000000000002  125.875030899999999


# temperature  390.000000000000000
#   -0.000337156195448    0.074028099792502   -6.085427568704961  222.015965450307476 -2984.384718034160414
  49.229999999999997  101.553807199999994
  50.009999999999998  102.551090799999997
  50.799999999999997  103.606642800000003
  51.600000000000001  104.734523400000000
  52.399999999999999  105.900226200000006
  53.219999999999999  107.155407999999994
  54.039999999999999  108.453343700000005
  54.869999999999997  109.824996499999997
  55.710000000000001  111.241708599999995
  56.560000000000002  112.752820400000004
  57.420000000000002  114.326626099999999
  58.280000000000001  116.061273000000000
  59.159999999999997  117.995092700000001
  60.039999999999999  120.124798299999995
  60.930000000000000  122.516911500000006
  61.829999999999998  125.279473400000001
  62.740000000000002  127.144351299999997


# temperature  400.000000000000000
#   -0.000337216363956    0.074040049497393   -6.086239390809899  222.034896839869447 -2984.381540788872371
  49.229999999999997  102.796547700000005
  50.009999999999998  103.794939900000003
  50.799999999999997  104.851556200000005
  51.600000000000001  105.980467899999994
  52.399999999999999  107.147161999999994
  53.219999999999999  108.403307799999993
  54.039999999999999  109.702167700000004
  54.869999999999997  111.074680999999998
  55.710000000000001  112.492202000000006
  56.560000000000002  114.004095100000001
  57.420000000000002  115.578641200000007
  58.280000000000001  117.313994699999995
  59.159999999999997  119.248505300000005
  60.039999999999999  121.378862799999993
  60.930000000000000  123.770960099999996
  61.829999999999998  126.532245599999996
  62.740000000000002  128.381908000000010


# temperature  410.000000000000000
#   -0.000337271964852    0.074051074840847   -6.086986235307599  222.052168425984348 -2984.373508051741737
  49.229999999999997  104.009551799999997
  50.009999999999998  105.008973900000001
  50.799999999999997  106.066578699999994
  51.600000000000001  107.196448200000006
  52.399999999999999  108.364062899999993
  53.219999999999999  109.621104299999999
  54.039999999999999  110.920822400000006
  54.869999999999997  112.294134700000001
  55.710000000000001  113.712406700000003
  56.560000000000002  115.225025400000007
  57.420000000000002  116.800259100000005
  58.280000000000001  118.536268100000001
  59.159999999999997  120.471420199999997
  60.039999999999999  122.602382899999995
  60.930000000000000  124.994435199999998
  61.829999999999998  127.754447299999995
  62.740000000000002  129.589243399999987


# temperature  420.000000000000000
#   -0.000337323367559    0.074061250265312   -6.087673271967613  222.067906488002507 -2984.360758111747145
  49.229999999999997  105.194187700000001
  50.009999999999998  106.194568200000006
  50.799999999999997  107.253092600000002
  51.600000000000001  108.383853299999998
  52.399999999999999  109.552324700000000
  53.219999999999999  110.810199499999996
  54.039999999999999  112.110716100000005
  54.869999999999997  113.484771400000000
  55.710000000000001  114.903741900000000
  56.560000000000002  116.417035799999994
  57.420000000000002  117.992908900000003
  58.280000000000001  119.729527399999995
  59.159999999999997  121.665276100000000
  60.039999999999999  123.796801400000007
  60.930000000000000  126.188783299999997
  61.829999999999998  128.947527000000008
  62.740000000000002  130.767790800000000


# temperature  430.000000000000000
#   -0.000337371146321    0.074070697912740   -6.088309864253905  222.082403403712021 -2984.345960088327956
  49.229999999999997  106.351732699999999
  50.009999999999998  107.353006600000001
  50.799999999999997  108.412387899999999
  51.600000000000001  109.543979300000004
  52.399999999999999  110.713249099999999
  53.219999999999999  111.971900899999994
  54.039999999999999  113.273161500000001
  54.869999999999997  114.647908799999996
  55.710000000000001  116.067530199999993
  56.560000000000002  117.581453499999995
  57.420000000000002  119.157922299999996
  58.280000000000001  120.895108399999998
  59.159999999999997  122.831412700000001
  60.039999999999999  124.963462300000003
  60.930000000000000  127.355351200000001
  61.829999999999998  130.112832700000013
  62.740000000000002  131.918884100000014


# temperature  440.000000000000000
#   -0.000337415438134    0.074079441347763   -6.088897094103457  222.095645472926066 -2984.327617676396130
  49.229999999999997  107.483380999999994
  50.009999999999998  108.485489099999995
  50.799999999999997  109.545670200000004
  51.600000000000001  110.678037099999997
  52.399999999999999  111.848052100000004
  53.219999999999999  113.107429400000001
  54.039999999999999  114.409384399999993
  54.869999999999997  115.784777300000002
  55.710000000000001  117.205006200000000
  56.560000000000002  118.719516999999996
  57.420000000000002  120.296541800000000
  58.280000000000001  122.034257199999999
  59.159999999999997  123.971080000000001
  60.039999999999999  126.103618699999998
  60.930000000000000  128.495394699999991
  61.829999999999998  131.251621699999987
  62.740000000000002  133.043767500000001


# temperature  450.000000000000000
#   -0.000337456726822    0.074087582863245   -6.089442758532251  222.107875048056854 -2984.307943902587795
  49.229999999999997  108.590250699999999
  50.009999999999998  109.593138800000006
  50.799999999999997  110.654067499999996
  51.600000000000001  111.787159399999993
  52.399999999999999  112.957871200000000
  53.219999999999999  114.217926899999995
  54.039999999999999  115.520531099999999
  54.869999999999997  116.896527300000002
  55.710000000000001  118.317323900000005
  56.560000000000002  119.832384099999999
  57.420000000000002  121.409928500000007
  58.280000000000001  123.148138399999993
  59.159999999999997  125.085445800000002
  60.039999999999999  127.218441600000006
  60.930000000000000  129.610086899999999
  61.829999999999998  132.365068199999996
  62.740000000000002  134.143602499999986


# temperature  460.000000000000000
#   -0.000337495141065    0.074095146174057   -6.089948178004988  222.119099757850222 -2984.286022900831995
  49.229999999999997  109.673390100000006
  50.009999999999998  110.677008700000002
  50.799999999999997  111.738637199999999
  51.600000000000001  112.872407899999999
  52.399999999999999  114.043772000000004
  53.219999999999999  115.304463100000007
  54.039999999999999  116.607675000000000
  54.869999999999997  117.984235699999999
  55.710000000000001  119.405563799999996
  56.560000000000002  120.921138499999998
  57.420000000000002  122.499169100000003
  58.280000000000001  124.237841700000004
  59.159999999999997  126.175602600000005
  60.039999999999999  128.309026100000011
  60.930000000000000  130.700525400000004
  61.829999999999998  133.454270299999990
  62.740000000000002  135.219475600000010


# temperature  470.000000000000000
#   -0.000337531110505    0.074102222701131   -6.090420393161899  222.129543108622158 -2984.264030423947133
  49.229999999999997  110.733783099999997
  50.009999999999998  111.738086600000003
  50.799999999999997  112.800371100000007
  51.600000000000001  113.934778399999999
  52.399999999999999  115.106754100000003
  53.219999999999999  116.368041099999999
  54.039999999999999  117.671822700000007
  54.869999999999997  119.048912400000006
  55.710000000000001  120.470738699999998
  56.560000000000002  121.986795700000002
  57.420000000000002  123.565282199999999
  58.280000000000001  125.304388099999997
  59.159999999999997  127.242574099999999
  60.039999999999999  129.376398599999987
  60.930000000000000  131.767738000000008
  61.829999999999998  134.520256799999999
  62.740000000000002  136.272404399999999


# temperature  480.000000000000000
#   -0.000337564677798    0.074108817241183   -6.090859213124928  222.139162480014619 -2984.240519629760911
  49.229999999999997  111.772354399999998
  50.009999999999998  112.777301100000003
  50.799999999999997  113.840201300000004
  51.600000000000001  114.975206200000002
  52.399999999999999  116.147756099999995
  53.219999999999999  117.409602699999994
  54.039999999999999  118.713919099999998
  54.869999999999997  120.091505200000000
  55.710000000000001  121.513799199999994
  56.560000000000002  123.030309200000005
  57.420000000000002  124.609223499999999
  58.280000000000001  126.348736000000002
  59.159999999999997  128.287320899999997
  60.039999999999999  130.421521600000005
  60.930000000000000  132.812689000000006
  61.829999999999998  135.563992500000012
  62.740000000000002  137.303343200000000


# temperature  490.000000000000000
#   -0.000337596108864    0.074114984948640   -6.091268713866943  222.148076820509004 -2984.216366719218968
  49.229999999999997  112.789974099999995
  50.009999999999998  113.795525499999997
  50.799999999999997  114.859004499999998
  51.600000000000001  115.994571100000002
  52.399999999999999  117.167660799999993
  53.219999999999999  118.430033600000002
  54.039999999999999  119.734852700000005
  54.869999999999997  121.112905200000000
  55.710000000000001  122.535638700000007
  56.560000000000002  124.052574600000000
  57.420000000000002  125.631891100000004
  58.280000000000001  127.371785399999993
  59.159999999999997  129.310745200000014
  60.039999999999999  131.445299500000004
  60.930000000000000  133.836284100000000
  61.829999999999998  136.586383500000011
  62.740000000000002  138.313188300000007


# temperature  500.000000000000000
#   -0.000337625664927    0.074120781370779   -6.091653142182389  222.156417699024502 -2984.192741415405180
  49.229999999999997  113.787462099999999
  50.009999999999998  114.793582700000002
  50.799999999999997  115.857606200000006
  51.600000000000001  116.993701599999994
  52.399999999999999  118.167299299999996
  53.219999999999999  119.430167499999996
  54.039999999999999  120.735459700000007
  54.869999999999997  122.113950900000006
  55.710000000000001  123.537098000000000
  56.560000000000002  125.054434900000004
  57.420000000000002  126.634129700000003
  58.280000000000001  128.374383300000005
  59.159999999999997  130.313695800000005
  60.039999999999999  132.448582799999997
  60.930000000000000  134.839375200000006
  61.829999999999998  137.588281999999992
  62.740000000000002  139.302782400000012


# temperature  510.000000000000000
#   -0.000337653340062    0.074126201080649   -6.092011553015517  222.164121710562398 -2984.168101992734137
  49.229999999999997  114.765591200000003
  50.009999999999998  115.772248200000007
  50.799999999999997  116.836784699999995
  51.600000000000001  117.973378400000001
  52.399999999999999  119.147454900000000
  53.219999999999999  120.410790100000000
  54.039999999999999  121.716528100000005
  54.869999999999997  123.095432400000007
  55.710000000000001  124.518969299999995
  56.560000000000002  126.036684100000002
  57.420000000000002  127.616735399999996
  58.280000000000001  129.357327199999986
  59.159999999999997  131.296972000000011
  60.039999999999999  133.432172400000013
  60.930000000000000  135.822764199999995
  61.829999999999998  138.570490400000011
  62.740000000000002  140.272918900000008


# temperature  520.000000000000000
#   -0.000337679387909    0.074131297966608   -6.092348084955686  222.171319486511806 -2984.143700240245835
  49.229999999999997  115.725091199999994
  50.009999999999998  116.732254499999996
  50.799999999999997  117.797274799999997
  51.600000000000001  118.934338600000004
  52.399999999999999  120.108866699999993
  53.219999999999999  121.372642600000006
  54.039999999999999  122.678801100000001
  54.869999999999997  124.058094999999994
  55.710000000000001  125.481999500000001
  56.560000000000002  127.000071000000005
  57.420000000000002  128.580458499999992
  58.280000000000001  130.321369099999998
  59.159999999999997  132.261327399999999
  60.039999999999999  134.396823299999994
  60.930000000000000  136.787207200000012
  61.829999999999998  139.533764800000000
  62.740000000000002  141.224345800000009


# temperature  530.000000000000000
#   -0.000337704064038    0.074136126569652   -6.092666962605032  222.178146904346278 -2984.120912583102836
  49.229999999999997  116.666651999999999
  50.009999999999998  117.674293300000002
  50.799999999999997  118.739770399999998
  51.600000000000001  119.877278300000000
  52.399999999999999  121.052232900000007
  53.219999999999999  122.316425199999998
  54.039999999999999  123.622980799999993
  54.869999999999997  125.002642499999993
  55.710000000000001  126.426894000000004
  56.560000000000002  127.945302600000005
  57.420000000000002  129.526007600000014
  58.280000000000001  131.267219000000011
  59.159999999999997  133.207473200000010
  60.039999999999999  135.343248200000005
  60.930000000000000  137.733417800000012
  61.829999999999998  140.478818899999993
  62.740000000000002  142.157768599999997


# temperature  540.000000000000000
#   -0.000337727087418    0.074140621034603   -6.092962314243456  222.184365127079644 -2984.095931586577535
  49.229999999999997  117.590925900000002
  50.009999999999998  118.599019200000001
  50.799999999999997  119.664928200000006
  51.600000000000001  120.802855800000003
  52.399999999999999  121.978213699999998
  53.219999999999999  123.242799800000000
  54.039999999999999  124.549730800000006
  54.869999999999997  125.929739999999995
  55.710000000000001  127.354319700000005
  56.560000000000002  128.873046899999991
  57.420000000000002  130.454051999999990
  58.280000000000001  132.195547699999992
  59.159999999999997  134.136081600000011
  60.039999999999999  136.272120400000006
  60.930000000000000  138.662070000000000
  61.829999999999998  141.406326900000010
  62.740000000000002  143.073853899999989


# temperature  550.000000000000000
#   -0.000337749000536    0.074144900680926   -6.093243853205898  222.190317499242440 -2984.073102220519104
  49.229999999999997  118.498530799999997
  50.009999999999998  119.507052000000002
  50.799999999999997  120.573369400000004
  51.600000000000001  121.711694399999999
  52.399999999999999  122.887433900000005
  53.219999999999999  124.152392800000001
  54.039999999999999  125.459679100000002
  54.869999999999997  126.840017000000003
  55.710000000000001  128.264907200000010
  56.560000000000002  129.783936100000005
  57.420000000000002  131.365225199999998
  58.280000000000001  133.106989700000014
  59.159999999999997  135.047788300000008
  60.039999999999999  137.184076699999991
  60.930000000000000  139.573801400000008
  61.829999999999998  142.316926499999994
  62.740000000000002  143.973232300000006


# temperature  560.000000000000000
#   -0.000337769626272    0.074148923696552   -6.093507803333497  222.195847238891417 -2984.049848454625590
  49.229999999999997  119.390052200000000
  50.009999999999998  120.398978700000001
  50.799999999999997  121.465683100000007
  51.600000000000001  122.604384400000001
  52.399999999999999  123.780485499999998
  53.219999999999999  125.045797699999994
  54.039999999999999  126.353420600000007
  54.869999999999997  127.734069599999998
  55.710000000000001  129.159254000000004
  56.560000000000002  130.678568799999994
  57.420000000000002  132.260126899999989
  58.280000000000001  134.002145799999994
  59.159999999999997  135.943195099999997
  60.039999999999999  138.079719899999986
  60.930000000000000  140.469215499999990
  61.829999999999998  143.211221099999989
  62.740000000000002  144.856500299999993


# temperature  570.000000000000000
#   -0.000337789240968    0.074152749692671   -6.093758885611535  222.201113847568365 -2984.028014459484439
  49.229999999999997  120.266045599999998
  50.009999999999998  121.275356599999995
  50.799999999999997  122.342427700000002
  51.600000000000001  123.481486000000004
  52.399999999999999  124.657929899999999
  53.219999999999999  125.923577300000005
  54.039999999999999  127.231519300000002
  54.869999999999997  128.612463200000008
  55.710000000000001  130.037926499999998
  56.560000000000002  131.557512500000001
  57.420000000000002  133.139325600000006
  58.280000000000001  134.881585599999994
  59.159999999999997  136.822872600000011
  60.039999999999999  138.959621499999997
  60.930000000000000  141.348884199999986
  61.829999999999998  144.089782600000007
  62.740000000000002  145.724223499999994


# temperature  580.000000000000000
#   -0.000337807697579    0.074156343474774   -6.093993883881896  222.205982597124034 -2984.005375524999181
  49.229999999999997  121.127038600000006
  50.009999999999998  122.136714499999997
  50.799999999999997  123.204133499999998
  51.600000000000001  124.343530500000000
  52.399999999999999  125.520299899999998
  53.219999999999999  126.786265499999999
  54.039999999999999  128.094510299999996
  54.869999999999997  129.475733999999989
  55.710000000000001  130.901462000000009
  56.560000000000002  132.421305499999988
  57.420000000000002  134.003360600000008
  58.280000000000001  135.745849300000003
  59.159999999999997  137.687361799999991
  60.039999999999999  139.824323399999997
  60.930000000000000  142.213350100000014
  61.829999999999998  144.953153500000013
  62.740000000000002  146.576937899999990


# temperature  590.000000000000000
#   -0.000337825184899    0.074159746818467   -6.094216183552710  222.210570068703305 -2983.983294872934493
  49.229999999999997  121.973532300000002
  50.009999999999998  122.983554900000001
  50.799999999999997  124.051304299999998
  51.600000000000001  125.191023200000004
  52.399999999999999  126.368101600000003
  53.219999999999999  127.634369699999993
  54.039999999999999  128.942902199999992
  54.869999999999997  130.324391499999990
  55.710000000000001  131.750370800000013
  56.560000000000002  133.270459100000011
  57.420000000000002  134.852744000000001
  58.280000000000001  136.595449800000011
  59.159999999999997  138.537176499999987
  60.039999999999999  140.674340000000001
  60.930000000000000  143.063128000000006
  61.829999999999998  145.801848699999994
  62.740000000000002  147.415152699999993


# temperature  600.000000000000000
#   -0.000337841918837    0.074163005437249   -6.094429329455828  222.214992929852059 -2983.963067793311438
  49.229999999999997  122.806003500000003
  50.009999999999998  123.816355700000003
  50.799999999999997  124.884419199999996
  51.600000000000001  126.024444000000003
  52.399999999999999  127.201816300000004
  53.219999999999999  128.468371999999988
  54.039999999999999  129.777177999999992
  54.869999999999997  131.158919800000007
  55.710000000000001  132.585138099999995
  56.560000000000002  134.105459200000013
  57.420000000000002  135.687962599999992
  58.280000000000001  137.430874600000010
  59.159999999999997  139.372804900000006
  60.039999999999999  141.510160399999990
  60.930000000000000  143.898707400000006
  61.829999999999998  146.636357400000009
  62.740000000000002  148.239351499999998


# temperature  610.000000000000000
#   -0.000337857697527    0.074166072904264   -6.094629268109150  222.219090354124461 -2983.942207542046617
  49.229999999999997  123.624905900000002
  50.009999999999998  124.635571799999994
  50.799999999999997  125.703934000000004
  51.600000000000001  126.844250000000002
  52.399999999999999  128.021902000000011
  53.219999999999999  129.288731500000011
  54.039999999999999  130.597797700000001
  54.869999999999997  131.979779500000006
  55.710000000000001  133.406225199999994
  56.560000000000002  134.926767899999987
  57.420000000000002  136.509479199999987
  58.280000000000001  138.252587299999988
  59.159999999999997  140.194711299999994
  60.039999999999999  142.332249499999989
  60.930000000000000  144.720553599999988
  61.829999999999998  147.457144900000003
  62.740000000000002  149.049994099999992


# temperature  620.000000000000000
#   -0.000337872683072    0.074168983891506   -6.094818711807140  222.222952129289865 -2983.921709176104741
  49.229999999999997  124.430671799999999
  50.009999999999998  125.441636399999993
  50.799999999999997  126.510283000000001
  51.600000000000001  127.650876299999993
  52.399999999999999  128.828794600000009
  53.219999999999999  130.095885000000010
  54.039999999999999  131.405199000000010
  54.869999999999997  132.787409300000007
  55.710000000000001  134.214071499999989
  56.560000000000002  135.734825300000011
  57.420000000000002  137.317734599999994
  58.280000000000001  139.061029300000001
  59.159999999999997  141.003337799999997
  60.039999999999999  143.141049900000013
  60.930000000000000  145.529109500000004
  61.829999999999998  148.264654000000007
  62.740000000000002  149.847518299999990


# temperature  630.000000000000000
#   -0.000337887038743    0.074171774001244   -6.095000510460730  222.226675638665597 -2983.902715011458440
  49.229999999999997  125.223713200000006
  50.009999999999998  126.234962499999995
  50.799999999999997  127.303880100000001
  51.600000000000001  128.444737599999996
  52.399999999999999  129.622909700000008
  53.219999999999999  130.890248899999989
  54.039999999999999  132.199799100000007
  54.869999999999997  133.582226899999995
  55.710000000000001  135.009095500000001
  56.560000000000002  136.530050700000004
  57.420000000000002  138.113148599999988
  58.280000000000001  139.856620999999990
  59.159999999999997  141.799105200000014
  60.039999999999999  143.936983099999992
  60.930000000000000  146.324796999999990
  61.829999999999998  149.059306399999997
  62.740000000000002  150.632340900000003


# temperature  640.000000000000000
#   -0.000337900632158    0.074174412251693   -6.095171912204714  222.230149731336638 -2983.883472552931380
  49.229999999999997  126.004423200000005
  50.009999999999998  127.015944099999999
  50.799999999999997  128.085119999999989
  51.600000000000001  129.226229600000011
  52.399999999999999  130.404643800000002
  53.219999999999999  131.672220299999992
  54.039999999999999  132.981995799999993
  54.869999999999997  134.364631000000003
  55.710000000000001  135.791696400000006
  56.560000000000002  137.312843700000002
  57.420000000000002  138.896121499999992
  58.280000000000001  140.639763200000004
  59.159999999999997  142.582415099999992
  60.039999999999999  144.720450999999997
  60.930000000000000  147.108018200000004
  61.829999999999998  149.841504200000003
  62.740000000000002  151.404859200000004


# temperature  650.000000000000000
#   -0.000337913600587    0.074176928864876   -6.095335356744216  222.233458424081988 -2983.864975993259577
  49.229999999999997  126.773177000000004
  50.009999999999998  127.784957199999994
  50.799999999999997  128.854379499999993
  51.600000000000001  129.995729799999992
  52.399999999999999  131.174374999999998
  53.219999999999999  132.442178200000001
  54.039999999999999  133.752168600000005
  54.869999999999997  135.135001700000004
  55.710000000000001  136.562254899999999
  56.560000000000002  138.083585699999986
  57.420000000000002  139.667035199999987
  58.280000000000001  141.410838399999989
  59.159999999999997  143.353650299999998
  60.039999999999999  145.491837099999998
  60.930000000000000  147.879156800000004
  61.829999999999998  150.611630700000006
  62.740000000000002  152.165452200000004


# temperature  660.000000000000000
#   -0.000337925937323    0.074179320681170   -6.095490401713776  222.236575989978206 -2983.846666793825079
  49.229999999999997  127.530333299999995
  50.009999999999998  128.542361000000000
  50.799999999999997  129.612018699999993
  51.600000000000001  130.753598799999992
  52.399999999999999  131.932464699999997
  53.219999999999999  133.200484399999993
  54.039999999999999  134.510680299999990
  54.869999999999997  135.893702200000007
  55.710000000000001  137.321134800000010
  56.560000000000002  138.842640899999992
  57.420000000000002  140.426254400000005
  58.280000000000001  142.170211700000010
  59.159999999999997  144.113176399999986
  60.039999999999999  146.251507199999992
  60.930000000000000  148.638578999999993
  61.829999999999998  151.370052200000003
  62.740000000000002  152.914481899999998


# temperature  670.000000000000000
#   -0.000337937704176    0.074181600586797   -6.095638009645592  222.239531278132091 -2983.828782191012124
  49.229999999999997  128.276234600000009
  50.009999999999998  129.288499099999996
  50.799999999999997  130.358381600000001
  51.600000000000001  131.500181300000008
  52.399999999999999  132.679258199999992
  53.219999999999999  133.947485000000000
  54.039999999999999  135.257877100000002
  54.869999999999997  136.641079399999995
  55.710000000000001  138.068683499999992
  56.560000000000002  139.590357200000000
  57.420000000000002  141.174127499999997
  58.280000000000001  142.918231999999989
  59.159999999999997  144.861342699999994
  60.039999999999999  146.999811200000011
  60.930000000000000  149.386634700000002
  61.829999999999998  152.117118400000010
  62.740000000000002  153.652293799999995


# temperature  680.000000000000000
#   -0.000337949035872    0.074183797986163   -6.095780542397153  222.242405774492795 -2983.812303760323630
  49.229999999999997  129.011208799999991
  50.009999999999998  130.023699700000009
  50.799999999999997  131.093797099999989
  51.600000000000001  132.235806900000000
  52.399999999999999  133.415085599999998
  53.219999999999999  134.683510600000005
  54.039999999999999  135.994090400000005
  54.869999999999997  137.377465199999989
  55.710000000000001  138.805233299999998
  56.560000000000002  140.327067400000004
  57.420000000000002  141.910987500000005
  58.280000000000001  143.655232799999993
  59.159999999999997  145.598483100000010
  60.039999999999999  147.737083299999995
  60.930000000000000  150.123658400000011
  61.829999999999998  152.853163400000000
  62.740000000000002  154.379218199999997


# temperature  690.000000000000000
#   -0.000337959847481    0.074185893328895   -6.095916285347879  222.245130726337436 -2983.796147391134127
  49.229999999999997  129.735569700000013
  50.009999999999998  130.748277300000012
  50.799999999999997  131.818580400000002
  51.600000000000001  132.960791300000011
  52.399999999999999  134.140263000000004
  53.219999999999999  135.408877799999999
  54.039999999999999  136.719637199999994
  54.869999999999997  138.103176999999988
  55.710000000000001  139.531102000000004
  56.560000000000002  141.053089699999987
  57.420000000000002  142.637153299999994
  58.280000000000001  144.381533100000013
  59.159999999999997  146.324917099999993
  60.039999999999999  148.463643200000007
  60.930000000000000  150.849970000000013
  61.829999999999998  153.578507300000012
  62.740000000000002  155.095571400000011


# temperature  700.000000000000000
#   -0.000337970172583    0.074187892812651   -6.096045616268878  222.247712836691278 -2983.780249966256179
  49.229999999999997  130.449617899999993
  50.009999999999998  131.462533000000008
  50.799999999999997  132.533032899999995
  51.600000000000001  133.675436399999995
  52.399999999999999  134.855093000000011
  53.219999999999999  136.123889600000012
  54.039999999999999  137.434821099999994
  54.869999999999997  138.818518699999998
  55.710000000000001  140.246593999999988
  56.560000000000002  141.768729000000008
  57.420000000000002  143.352929899999992
  58.280000000000001  145.097438399999987
  59.159999999999997  147.040950400000014
  60.039999999999999  149.179797100000002
  60.930000000000000  151.565875699999992
  61.829999999999998  154.293455999999992
  62.740000000000002  155.801655699999998


# temperature  710.000000000000000
#   -0.000337979952669    0.074189783060738   -6.096167363294740  222.250104746979247 -2983.763849459880475
  49.229999999999997  131.153641300000004
  50.009999999999998  132.166755300000005
  50.799999999999997  133.237443799999994
  51.600000000000001  134.380031699999989
  52.399999999999999  135.559865599999995
  53.219999999999999  136.828836499999994
  54.039999999999999  138.139932799999997
  54.869999999999997  139.523781600000007
  55.710000000000001  140.952000900000002
  56.560000000000002  142.474277000000001
  57.420000000000002  144.058609600000011
  58.280000000000001  145.803241399999990
  59.159999999999997  147.746875899999992
  60.039999999999999  149.885838299999989
  60.930000000000000  152.271669099999997
  61.829999999999998  154.998302599999988
  62.740000000000002  156.497760800000009


# temperature  720.000000000000000
#   -0.000337989416162    0.074191614552941   -6.096285672509176  222.252455583513296 -2983.748903183681250
  49.229999999999997  131.847916199999986
  50.009999999999998  132.861220900000006
  50.799999999999997  133.932089999999988
  51.600000000000001  135.074854899999991
  52.399999999999999  136.254858700000000
  53.219999999999999  137.523996899999986
  54.039999999999999  138.835251199999988
  54.869999999999997  140.219244900000007
  55.710000000000001  141.647602199999994
  56.560000000000002  143.170013699999998
  57.420000000000002  144.754472499999991
  58.280000000000001  146.499222400000008
  59.159999999999997  148.442974399999997
  60.039999999999999  150.582047600000010
  60.930000000000000  152.967631100000006
  61.829999999999998  155.693328299999990
  62.740000000000002  157.184164500000009


# temperature  730.000000000000000
#   -0.000337998497412    0.074193371785159   -6.096399151941115  222.254708446216370 -2983.734503134227452
  49.229999999999997  132.532707499999987
  50.009999999999998  133.546195100000006
  50.799999999999997  134.617237499999987
  51.600000000000001  135.760172200000000
  52.399999999999999  136.940338999999994
  53.219999999999999  138.209637700000002
  54.039999999999999  139.521043600000013
  54.869999999999997  140.905176200000000
  55.710000000000001  142.333665900000000
  56.560000000000002  143.856207500000011
  57.420000000000002  145.440787300000011
  58.280000000000001  147.185650399999986
  59.159999999999997  149.129515199999986
  60.039999999999999  151.268694699999998
  60.930000000000000  153.654031300000014
  61.829999999999998  156.378802400000012
  62.740000000000002  157.861132900000001


# temperature  740.000000000000000
#   -0.000338007124865    0.074195037784924   -6.096506277967816  222.256801453269333 -2983.719676014365632
  49.229999999999997  133.208269599999994
  50.009999999999998  134.221932799999990
  50.799999999999997  135.293141499999990
  51.600000000000001  136.436239099999995
  52.399999999999999  137.616562399999992
  53.219999999999999  138.886015200000003
  54.039999999999999  140.197566700000010
  54.869999999999997  141.581832499999990
  55.710000000000001  143.010449399999999
  56.560000000000002  144.533115799999990
  57.420000000000002  146.117811799999998
  58.280000000000001  147.862783400000012
  59.159999999999997  149.806756500000006
  60.039999999999999  151.946038100000010
  60.930000000000000  154.331128500000005
  61.829999999999998  157.054983399999998
  62.740000000000002  158.528921499999996


# temperature  750.000000000000000
#   -0.000338015463442    0.074196649860492   -6.096610186900567  222.258850039450977 -2983.705972310084235
  49.229999999999997  133.874846800000000
  50.009999999999998  134.888678700000014
  50.799999999999997  135.960047000000003
  51.600000000000001  137.103301100000010
  52.399999999999999  138.283774599999987
  53.219999999999999  139.553375600000010
  54.039999999999999  140.865066899999988
  54.869999999999997  142.249460599999992
  55.710000000000001  143.678199599999999
  56.560000000000002  145.200985900000006
  57.420000000000002  146.785793500000011
  58.280000000000001  148.530869400000000
  59.159999999999997  150.474946399999993
  60.039999999999999  152.614326000000005
  60.930000000000000  154.999170999999990
  61.829999999999998  157.722119600000013
  62.740000000000002  159.187775600000009


# temperature  760.000000000000000
#   -0.000338023476580    0.074198198632266   -6.096709968612418  222.260814267091291 -2983.692714218519086
  49.229999999999997  134.532673899999992
  50.009999999999998  135.546668000000011
  50.799999999999997  136.618189500000000
  51.600000000000001  137.761594000000002
  52.399999999999999  138.942212000000012
  53.219999999999999  140.211955399999994
  54.039999999999999  141.523781000000014
  54.869999999999997  142.908297500000003
  55.710000000000001  144.337153800000010
  56.560000000000002  145.860055499999987
  57.420000000000002  147.444970299999994
  58.280000000000001  149.190146199999987
  59.159999999999997  151.134323099999989
  60.039999999999999  153.273796900000008
  60.930000000000000  155.658397299999990
  61.829999999999998  158.380449199999987
  62.740000000000002  159.837930599999993


# temperature  770.000000000000000
#   -0.000338031106730    0.074199670761318   -6.096804454219670  222.262647719068497 -2983.679183968385132
  49.229999999999997  135.181976600000013
  50.009999999999998  136.196126600000014
  50.799999999999997  137.267795400000011
  51.600000000000001  138.411344600000007
  52.399999999999999  139.592101399999990
  53.219999999999999  140.861981799999995
  54.039999999999999  142.173936599999990
  54.869999999999997  143.558571000000001
  55.710000000000001  144.987540099999990
  56.560000000000002  146.510552899999993
  57.420000000000002  148.095570799999990
  58.280000000000001  149.840842799999990
  59.159999999999997  151.785115700000006
  60.039999999999999  153.924679900000001
  60.930000000000000  156.309036700000007
  61.829999999999998  159.030201400000010
  62.740000000000002  160.479613000000001


# temperature  780.000000000000000
#   -0.000338038548350    0.074201109824488   -6.096897276196670  222.264483317884867 -2983.667167386181518
  49.229999999999997  135.822972200000009
  50.009999999999998  136.837272100000007
  50.799999999999997  137.909082600000005
  51.600000000000001  139.052770799999990
  52.399999999999999  140.233661200000000
  53.219999999999999  141.503673499999991
  54.039999999999999  142.815752500000002
  54.869999999999997  144.200500400000010
  55.710000000000001  145.629578000000009
  56.560000000000002  147.152697600000010
  57.420000000000002  148.737814600000007
  58.280000000000001  150.483179000000007
  59.159999999999997  152.427544299999994
  60.039999999999999  154.567195599999991
  60.930000000000000  156.951309600000002
  61.829999999999998  159.671596399999999
  62.740000000000002  161.113040399999988


# temperature  790.000000000000000
#   -0.000338045619309    0.074202473676369   -6.096984772106184  222.266178980813606 -2983.654576462795831
  49.229999999999997  136.455869600000000
  50.009999999999998  137.470313900000008
  50.799999999999997  138.542260599999992
  51.600000000000001  139.686082699999986
  52.399999999999999  140.867101600000012
  53.219999999999999  142.137240899999995
  54.039999999999999  143.449439500000011
  54.869999999999997  144.834296399999999
  55.710000000000001  146.263478399999997
  56.560000000000002  147.786700900000000
  57.420000000000002  149.371913400000011
  58.280000000000001  151.117366599999997
  59.159999999999997  153.061820699999998
  60.039999999999999  155.201555799999994
  60.930000000000000  157.585428199999996
  61.829999999999998  160.304846300000008
  62.740000000000002  161.738422299999996


# temperature  800.000000000000000
#   -0.000338052498142    0.074203802927640   -6.097070383660105  222.267863029673521 -2983.643174063780862
  49.229999999999997  137.080870099999999
  50.009999999999998  138.095453300000003
  50.799999999999997  139.167531099999991
  51.600000000000001  140.311482100000006
  52.399999999999999  141.492624799999987
  53.219999999999999  142.762886500000008
  54.039999999999999  144.075200200000012
  54.869999999999997  145.460162099999991
  55.710000000000001  146.889444599999990
  56.560000000000002  148.412766299999987
  57.420000000000002  149.998070600000005
  58.280000000000001  151.743609200000009
  59.159999999999997  153.688149000000010
  60.039999999999999  155.827964799999990
  60.930000000000000  158.211596500000013
  61.829999999999998  160.930154899999991
  62.740000000000002  162.355960000000010


# temperature  810.000000000000000
#   -0.000338059026035    0.074205060970907   -6.097150939302622  222.269412686581092 -2983.631157890816667
  49.229999999999997  137.698167500000011
  50.009999999999998  138.712884599999995
  50.799999999999997  139.785088699999989
  51.600000000000001  140.929163899999992
  52.399999999999999  142.110425800000002
  53.219999999999999  143.380805400000014
  54.039999999999999  144.693229900000006
  54.869999999999997  146.078292900000008
  55.710000000000001  147.507672299999996
  56.560000000000002  149.031089500000007
  57.420000000000002  150.616482300000001
  58.280000000000001  152.362103200000007
  59.159999999999997  154.306725400000005
  60.039999999999999  156.446618900000004
  60.930000000000000  158.830011100000007
  61.829999999999998  161.547718699999990
  62.740000000000002  162.965847800000006


# temperature  820.000000000000000
#   -0.000338065358241    0.074206282348795   -6.097229302718669  222.270932344388314 -2983.619927518308486
  49.229999999999997  138.307948699999997
  50.009999999999998  139.322794799999997
  50.799999999999997  140.395120499999990
  51.600000000000001  141.539315399999992
  52.399999999999999  142.720692200000002
  53.219999999999999  143.991185500000000
  54.039999999999999  145.303716900000012
  54.869999999999997  146.688877200000007
  55.710000000000001  148.118349899999998
  56.560000000000002  149.641859299999993
  57.420000000000002  151.227337500000004
  58.280000000000001  152.973037500000004
  59.159999999999997  154.917739100000006
  60.039999999999999  157.057707499999992
  60.930000000000000  159.440861299999995
  61.829999999999998  162.157726800000006
  62.740000000000002  163.568272500000006


# temperature  830.000000000000000
#   -0.000338071390649    0.074207443533247   -6.097303469727842  222.272345367680828 -2983.608363385967095
  49.229999999999997  138.910393800000008
  50.009999999999998  139.925364300000012
  50.799999999999997  140.997807200000011
  51.600000000000001  142.142117500000012
  52.399999999999999  143.323605100000009
  53.219999999999999  144.594208100000003
  54.039999999999999  145.906842600000004
  54.869999999999997  147.292096600000008
  55.710000000000001  148.721659399999993
  56.560000000000002  150.245257699999996
  57.420000000000002  151.830818099999988
  58.280000000000001  153.576594400000005
  59.159999999999997  155.521372600000007
  60.039999999999999  157.661413199999998
  60.930000000000000  160.044329800000014
  61.829999999999998  162.760361799999998
  62.740000000000002  164.163414399999994


# temperature  840.000000000000000
#   -0.000338077309822    0.074208586050477   -6.097376884865878  222.273777568851102 -2983.598162172636421
  49.229999999999997  139.505676599999987
  50.009999999999998  140.520767100000000
  50.799999999999997  141.593322999999998
  51.600000000000001  142.737744600000013
  52.399999999999999  143.919339100000002
  53.219999999999999  145.190048100000013
  54.039999999999999  146.502781900000002
  54.869999999999997  147.888126300000010
  55.710000000000001  149.317775799999993
  56.560000000000002  150.841460000000012
  57.420000000000002  152.427099700000014
  58.280000000000001  154.172949600000010
  59.159999999999997  156.117801700000001
  60.039999999999999  158.257911900000011
  60.930000000000000  160.640592599999991
  61.829999999999998  163.355799399999995
  62.740000000000002  164.751447299999995


# temperature  850.000000000000000
#   -0.000338082993773    0.074209681987844   -6.097447151954569  222.275137143162766 -2983.587990473771242
  49.229999999999997  140.093964800000009
  50.009999999999998  141.109171099999998
  50.799999999999997  142.181836000000004
  51.600000000000001  143.326365000000010
  52.399999999999999  144.508062700000011
  53.219999999999999  145.778873900000008
  54.039999999999999  147.091703700000011
  54.869999999999997  148.477135199999992
  55.710000000000001  149.906868500000002
  56.560000000000002  151.430635599999988
  57.420000000000002  153.016351799999995
  58.280000000000001  154.762272599999989
  59.159999999999997  156.707196000000010
  60.039999999999999  158.847373400000009
  60.930000000000000  161.229819399999997
  61.829999999999998  163.944209300000011
  62.740000000000002  165.332538599999992


# temperature  860.000000000000000
#   -0.000338088454426    0.074210734422352   -6.097514549179622  222.276434336443174 -2983.577968544546366
  49.229999999999997  140.675420300000013
  50.009999999999998  141.690738399999987
  50.799999999999997  142.763508400000006
  51.600000000000001  143.908141199999989
  52.399999999999999  145.089938399999994
  53.219999999999999  146.360848400000009
  54.039999999999999  147.673770800000000
  54.869999999999997  149.059286399999991
  55.710000000000001  150.489100600000000
  56.560000000000002  152.012947800000006
  57.420000000000002  153.598737900000003
  58.280000000000001  155.344727000000006
  59.159999999999997  157.289719200000008
  60.039999999999999  159.429961600000013
  60.930000000000000  161.812174099999993
  61.829999999999998  164.525755299999986
  62.740000000000002  165.906850300000002


# temperature  870.000000000000000
#   -0.000338093699522    0.074211743598952   -6.097578962105311  222.277659204576707 -2983.567861377566260
  49.229999999999997  141.250199400000014
  50.009999999999998  142.265625599999993
  50.799999999999997  143.338497100000012
  51.600000000000001  144.483229999999992
  52.399999999999999  145.665123399999999
  53.219999999999999  146.936128900000000
  54.039999999999999  148.249140699999998
  54.869999999999997  149.634737500000000
  55.710000000000001  151.064629700000012
  56.560000000000002  152.588554399999992
  57.420000000000002  154.174415900000014
  58.280000000000001  155.920470899999998
  59.159999999999997  157.865529600000002
  60.039999999999999  160.005834599999986
  60.930000000000000  162.387814999999989
  61.829999999999998  165.100595499999997
  62.740000000000002  166.474538599999988


# temperature  880.000000000000000
#   -0.000338098823761    0.074212731313743   -6.097642257800226  222.278882014828184 -2983.558641424570396
  49.229999999999997  141.818453299999987
  50.009999999999998  142.833983799999999
  50.799999999999997  143.906953299999998
  51.600000000000001  145.051783000000000
  52.399999999999999  146.233769400000000
  53.219999999999999  147.504867100000013
  54.039999999999999  148.817965399999991
  54.869999999999997  150.203640500000006
  55.710000000000001  151.633608199999998
  56.560000000000002  153.157607700000000
  57.420000000000002  154.743538099999995
  58.280000000000001  156.489656900000000
  59.159999999999997  158.434779800000001
  60.039999999999999  160.575145300000003
  60.930000000000000  162.956894799999986
  61.829999999999998  165.668882499999995
  62.740000000000002  167.035754099999991


# temperature  890.000000000000000
#   -0.000338103703231    0.074213670121999   -6.097702150716331  222.280017653133228 -2983.549105149602838
  49.229999999999997  142.380327899999997
  50.009999999999998  143.395959199999993
  50.799999999999997  144.469023399999998
  51.600000000000001  145.613946700000014
  52.399999999999999  146.796022899999997
  53.219999999999999  148.067209899999995
  54.039999999999999  149.380391699999990
  54.869999999999997  150.766142400000007
  55.710000000000001  152.196183100000013
  56.560000000000002  153.720255000000009
  57.420000000000002  155.306252099999995
  58.280000000000001  157.052432299999992
  59.159999999999997  158.997617300000002
  60.039999999999999  161.138041399999992
  60.930000000000000  163.519561399999986
  61.829999999999998  166.230763800000005
  62.740000000000002  167.590642800000012


# temperature  900.000000000000000
#   -0.000338108465380    0.074214587158456   -6.097760789430392  222.281140782641017 -2983.540204311399066
  49.229999999999997  142.935964399999989
  50.009999999999998  143.951693299999988
  50.799999999999997  145.024848899999995
  51.600000000000001  146.169862700000010
  52.399999999999999  147.352025700000013
  53.219999999999999  148.623299099999997
  54.039999999999999  149.936561699999999
  54.869999999999997  151.322385599999990
  55.710000000000001  152.752496799999989
  56.560000000000002  154.276638700000007
  57.420000000000002  155.862700300000000
  58.280000000000001  157.608939899999996
  59.159999999999997  159.554184899999996
  60.039999999999999  161.694665500000013
  60.930000000000000  164.075957399999993
  61.829999999999998  166.786382199999991
  62.740000000000002  168.139345600000013


# temperature  910.000000000000000
#   -0.000338113133695    0.074215487999572   -6.097818659221212  222.282269539474015 -2983.532177917530134
  49.229999999999997  143.485499299999987
  50.009999999999998  144.501322600000009
  50.799999999999997  145.574566699999991
  51.600000000000001  146.719668000000013
  52.399999999999999  147.901915000000002
  53.219999999999999  149.173272099999991
  54.039999999999999  150.486612699999995
  54.869999999999997  151.872507299999995
  55.710000000000001  153.302686700000010
  56.560000000000002  154.826896500000004
  57.420000000000002  156.413020399999994
  58.280000000000001  158.159317399999992
  59.159999999999997  160.104620399999988
  60.039999999999999  162.245155799999992
  60.930000000000000  164.626220799999999
  61.829999999999998  167.335875600000008
  62.740000000000002  168.681998599999986


# temperature  920.000000000000000
#   -0.000338117543824    0.074216335510687   -6.097872612751745  222.283285105064806 -2983.523333996445672
  49.229999999999997  144.029064900000009
  50.009999999999998  145.044979500000011
  50.799999999999997  146.118309199999999
  51.600000000000001  147.263495100000000
  52.399999999999999  148.445823499999989
  53.219999999999999  149.717261400000012
  54.039999999999999  151.030677700000012
  54.869999999999997  152.416640599999994
  55.710000000000001  153.846886000000012
  56.560000000000002  155.371161499999999
  57.420000000000002  156.957345699999991
  58.280000000000001  158.703698199999991
  59.159999999999997  160.649057400000004
  60.039999999999999  162.789645699999994
  60.930000000000000  165.170485299999996
  61.829999999999998  167.879377199999993
  62.740000000000002  169.218733799999995


# temperature  930.000000000000000
#   -0.000338121820959    0.074217157852912   -6.097925013838925  222.284275010232705 -2983.514872887991714
  49.229999999999997  144.566789099999994
  50.009999999999998  145.582792000000012
  50.799999999999997  146.656204500000001
  51.600000000000001  147.801472399999994
  52.399999999999999  148.983879400000006
  53.219999999999999  150.255395800000002
  54.039999999999999  151.568885300000005
  54.869999999999997  152.954914199999990
  55.710000000000001  154.385223499999995
  56.560000000000002  155.909562700000009
  57.420000000000002  157.495805300000001
  58.280000000000001  159.242211400000002
  59.159999999999997  161.187624999999997
  60.039999999999999  163.328264600000011
  60.930000000000000  165.708880099999988
  61.829999999999998  168.417016399999994
  62.740000000000002  169.749678499999987


# temperature  940.000000000000000
#   -0.000338126018356    0.074217966751764   -6.097976819393399  222.285273317450901 -2983.507233994457692
  49.229999999999997  145.098795599999988
  50.009999999999998  146.114884200000006
  50.799999999999997  147.188376599999998
  51.600000000000001  148.333723899999995
  52.399999999999999  149.516207199999997
  53.219999999999999  150.787799600000000
  54.039999999999999  152.101359900000006
  54.869999999999997  153.487452800000000
  55.710000000000001  154.917823999999996
  56.560000000000002  156.442224799999991
  57.420000000000002  158.028523900000010
  58.280000000000001  159.774981999999994
  59.159999999999997  161.720448199999993
  60.039999999999999  163.861137399999990
  60.930000000000000  166.241530200000000
  61.829999999999998  168.948917999999992
  62.740000000000002  170.274956400000008


# temperature  950.000000000000000
#   -0.000338129997068    0.074218730122838   -6.098025254419544  222.286173298191130 -2983.498872284479148
  49.229999999999997  145.625204400000001
  50.009999999999998  146.641375900000014
  50.799999999999997  147.714945900000004
  51.600000000000001  148.860370100000011
  52.399999999999999  150.042927200000008
  53.219999999999999  151.314593199999990
  54.039999999999999  152.628222200000010
  54.869999999999997  154.014376999999996
  55.710000000000001  155.444808099999989
  56.560000000000002  156.969268699999986
  57.420000000000002  158.555622599999992
  58.280000000000001  160.302130900000009
  59.159999999999997  162.247648099999992
  60.039999999999999  164.388385400000004
  60.930000000000000  166.768556799999999
  61.829999999999998  169.475203099999987
  62.740000000000002  170.794687000000010


# temperature  960.000000000000000
#   -0.000338133942903    0.074219490839378   -6.098074009814995  222.287115288822918 -2983.491771451615023
  49.229999999999997  146.146131900000000
  50.009999999999998  147.162383699999992
  50.799999999999997  148.236028800000014
  51.600000000000001  149.381527500000004
  52.399999999999999  150.564156099999991
  53.219999999999999  151.835893599999991
  54.039999999999999  153.149589099999986
  54.869999999999997  154.535803700000002
  55.710000000000001  155.966292900000013
  56.560000000000002  157.490811500000007
  57.420000000000002  159.077218499999987
  58.280000000000001  160.823775399999988
  59.159999999999997  162.769342099999989
  60.039999999999999  164.910125899999997
  60.930000000000000  167.290077300000007
  61.829999999999998  169.995988899999986
  62.740000000000002  171.308986099999998


# temperature  970.000000000000000
#   -0.000338137684069    0.074220208710532   -6.098119568328706  222.287962663101098 -2983.483939582772564
  49.229999999999997  146.661690599999986
  50.009999999999998  147.678020299999986
  50.799999999999997  148.751738100000011
  51.600000000000001  149.897309000000007
  52.399999999999999  151.080006999999995
  53.219999999999999  152.351813700000008
  54.039999999999999  153.665573700000010
  54.869999999999997  155.051846399999988
  55.710000000000001  156.482391900000010
  56.560000000000002  158.006966699999992
  57.420000000000002  159.593425099999990
  58.280000000000001  161.340029100000010
  59.159999999999997  163.285643700000008
  60.039999999999999  165.426472700000005
  60.930000000000000  167.806205500000004
  61.829999999999998  170.511389100000002
  62.740000000000002  171.817966000000013


