   0.000000000000000        -8.055566957935838
  10.000000000000000        -8.055569592162405
  20.000000000000000        -8.055736587040231
  30.000000000000000        -8.056383270852415
  40.000000000000000        -8.057658987564578
  50.000000000000000        -8.059601298667705
  60.000000000000000        -8.062196345026686
  70.000000000000000        -8.065408831989473
  80.000000000000000        -8.069196858189992
  90.000000000000000        -8.073518617300499
 100.000000000000000        -8.078335107711009
 110.000000000000000        -8.083610994120100
 120.000000000000000        -8.089314669620675
 130.000000000000000        -8.095417993463158
 140.000000000000000        -8.101895920169129
 150.000000000000000        -8.108726122415087
 160.000000000000000        -8.115888634536034
 170.000000000000000        -8.123365543488939
 180.000000000000000        -8.131140716492123
 190.000000000000000        -8.139199570101644
 200.000000000000000        -8.147528874296635
 210.000000000000000        -8.156116581663197
 220.000000000000000        -8.164951685453122
 230.000000000000000        -8.174024100241180
 240.000000000000000        -8.183324552207131
 250.000000000000000        -8.192844493510892
 260.000000000000000        -8.202576024881468
 270.000000000000000        -8.212511820794582
 280.000000000000000        -8.222645082348150
 290.000000000000000        -8.232969480921160
 300.000000000000000        -8.243479110746222
 310.000000000000000        -8.254168453217863
 320.000000000000000        -8.265032341629080
 330.000000000000000        -8.276065934464432
 340.000000000000000        -8.287264677200769
 350.000000000000000        -8.298624294973015
 360.000000000000000        -8.310140748585715
 370.000000000000000        -8.321810243440311
 380.000000000000000        -8.333629184389423
 390.000000000000000        -8.345594181836635
 400.000000000000000        -8.357702023222359
 410.000000000000000        -8.369949663663357
 420.000000000000000        -8.382334223544612
 430.000000000000000        -8.394852974316253
 440.000000000000000        -8.407503310480953
 450.000000000000000        -8.420282772946397
 460.000000000000000        -8.433189013166118
 470.000000000000000        -8.446219807849392
 480.000000000000000        -8.459373034276185
 490.000000000000000        -8.472646680377711
 500.000000000000000        -8.486038819875617
 510.000000000000000        -8.499547633054270
 520.000000000000000        -8.513171374615936
 530.000000000000000        -8.526908392157708
 540.000000000000000        -8.540757109814331
 550.000000000000000        -8.554716026760175
 560.000000000000000        -8.568783717514441
 570.000000000000000        -8.582958824912215
 580.000000000000000        -8.597240060273426
 590.000000000000000        -8.611626200352145
 600.000000000000000        -8.626116082983911
 610.000000000000000        -8.640708610237521
 620.000000000000000        -8.655402737441030
 630.000000000000000        -8.670197483413576
 640.000000000000000        -8.685091920473980
 650.000000000000000        -8.700085171335841
 660.000000000000000        -8.715176421337100
 670.000000000000000        -8.730364897112679
 680.000000000000000        -8.745649888710595
 690.000000000000000        -8.761030726347117
 700.000000000000000        -8.776506803275524
 710.000000000000000        -8.792077547152783
 720.000000000000000        -8.807742446681893
 730.000000000000000        -8.823501041803286
 740.000000000000000        -8.839352912488618
 750.000000000000000        -8.855297699631205
 760.000000000000000        -8.871335086595803
 770.000000000000000        -8.887464813212704
 780.000000000000000        -8.903686667004855
 790.000000000000000        -8.920000491293102
 800.000000000000000        -8.936406181450007
 810.000000000000000        -8.952903687756415
 820.000000000000000        -8.969493018593999
 830.000000000000000        -8.986174239119514
 840.000000000000000        -9.002947472979423
 850.000000000000000        -9.019812908441947
 860.000000000000000        -9.036770802309423
 870.000000000000000        -9.053821459344841
 880.000000000000000        -9.070965295382400
 890.000000000000000        -9.088202742043965
 900.000000000000000        -9.105534364423022
 910.000000000000000        -9.122960771387856
 920.000000000000000        -9.140482679650734
 930.000000000000000        -9.158100907761520
 940.000000000000000        -9.175816336581173
 950.000000000000000        -9.193629953436000
 960.000000000000000        -9.211542895464230
 970.000000000000000        -9.229556402752968
