# Temperature: 0.000000
# Parameters: -8.055567 0.336096 4.493143 56.861251
  49.229999999999997        -7.832085746780309
  50.009999999999998        -7.880756679934017
  50.799999999999997        -7.922641182679707
  51.600000000000001        -7.958104963078264
  52.399999999999999        -7.987496644459477
  53.219999999999999        -8.011208787497864
  54.039999999999999        -8.029581194109914
  54.869999999999997        -8.042903889444254
  55.710000000000001        -8.051395366804590
  56.560000000000002        -8.055276258989471
  57.420000000000002        -8.054723156605545
  58.280000000000001        -8.049961444964245
  59.159999999999997        -8.041202995462804
  60.039999999999999        -8.028632339293505
  60.930000000000000        -8.012487890610965
  61.829999999999998        -7.992990950557308
  62.740000000000002        -7.970362472122559


# Temperature: 10.000000
# Parameters: -8.055570 0.335977 4.499583 56.861437
  49.229999999999997        -7.832092452458717
  50.009999999999998        -7.880763029081765
  50.799999999999997        -7.922647198098173
  51.600000000000001        -7.958110870708391
  52.399999999999999        -7.987502495086156
  53.219999999999999        -8.011214810171316
  54.039999999999999        -8.029587289333209
  54.869999999999997        -8.042910146350057
  55.710000000000001        -8.051401990605317
  56.560000000000002        -8.055283522265247
  57.420000000000002        -8.054731054174242
  58.280000000000001        -8.049970263915956
  59.159999999999997        -8.041213470623804
  60.039999999999999        -8.028645665663360
  60.930000000000000        -8.012506940127061
  61.829999999999998        -7.993021027649641
  62.740000000000002        -7.970433433124652


# Temperature: 20.000000
# Parameters: -8.055737 0.335207 4.532113 56.864764
  49.229999999999997        -7.832238813476908
  50.009999999999998        -7.880907044667152
  50.799999999999997        -7.922790262244183
  51.600000000000001        -7.958254839654594
  52.399999999999999        -7.987648130605911
  53.219999999999999        -8.011364224501499
  54.039999999999999        -8.029740830713072
  54.869999999999997        -8.043070456630334
  55.710000000000001        -8.051571151966520
  56.560000000000002        -8.055464208687331
  57.420000000000002        -8.054925144698156
  58.280000000000001        -8.050183189415714
  59.159999999999997        -8.041452964912740
  60.039999999999999        -8.028922431916268
  60.930000000000000        -8.012840478705492
  61.829999999999998        -7.993445934464762
  62.740000000000002        -7.971022037261322


# Temperature: 30.000000
# Parameters: -8.056383 0.333876 4.578287 56.873927
  49.229999999999997        -7.832739720398978
  50.009999999999998        -7.881410215144345
  50.799999999999997        -7.923298835611875
  51.600000000000001        -7.958772862121211
  52.399999999999999        -7.988177573454348
  53.219999999999999        -8.011910007647584
  54.039999999999999        -8.030304633167470
  54.869999999999997        -8.043658573646624
  55.710000000000001        -8.052188415364293
  56.560000000000002        -8.056116945849379
  57.420000000000002        -8.055618242374663
  58.280000000000001        -8.050928567545995
  59.159999999999997        -8.042265869328229
  60.039999999999999        -8.029821459214750
  60.930000000000000        -8.013855744327072
  61.829999999999998        -7.994624517039427
  62.740000000000002        -7.972426113041521


# Temperature: 40.000000
# Parameters: -8.057659 0.332225 4.627508 56.888902
  49.229999999999997        -7.833695140690944
  50.009999999999998        -7.882378902729865
  50.799999999999997        -7.924285400515302
  51.600000000000001        -7.959783150823518
  52.399999999999999        -7.989214824787840
  53.219999999999999        -8.012981426848166
  54.039999999999999        -8.031413495342370
  54.869999999999997        -8.044813502899402
  55.710000000000001        -8.053395966055108
  56.560000000000002        -8.057385982532704
  57.420000000000002        -8.056955613755740
  58.280000000000001        -8.052349727777951
  59.159999999999997        -8.043789769466658
  60.039999999999999        -8.031469599924035
  60.930000000000000        -8.015661355508469
  61.829999999999998        -7.996637258024497
  62.740000000000002        -7.974692360799617


# Temperature: 50.000000
# Parameters: -8.059601 0.330406 4.676220 56.908686
  49.229999999999997        -7.835143702998854
  50.009999999999998        -7.883854219347268
  50.799999999999997        -7.925793160386367
  51.600000000000001        -7.961330430667282
  52.399999999999999        -7.990805775491788
  53.219999999999999        -8.014624689098676
  54.039999999999999        -8.033113453222857
  54.869999999999997        -8.046579771337001
  55.710000000000001        -8.055235691209424
  56.560000000000002        -8.059309264378399
  57.420000000000002        -8.058970102155616
  58.280000000000001        -8.054472334100568
  59.159999999999997        -8.046040933075830
  60.039999999999999        -8.033871537654745
  60.930000000000000        -8.018247807183730
  61.829999999999998        -7.999457871575184
  62.740000000000002        -7.977779564969423


# Temperature: 60.000000
# Parameters: -8.062196 0.328496 4.723692 56.932160
  49.229999999999997        -7.837096550978696
  50.009999999999998        -7.885846884754168
  50.799999999999997        -7.927831964384562
  51.600000000000001        -7.963423128835060
  52.399999999999999        -7.992956992363469
  53.219999999999999        -8.016843808478326
  54.039999999999999        -8.035405416791255
  54.869999999999997        -8.048954416852949
  55.710000000000001        -8.057700153431835
  56.560000000000002        -8.061874107600936
  57.420000000000002        -8.061643171089234
  58.280000000000001        -8.057271040707747
  59.159999999999997        -8.048986253589225
  60.039999999999999        -8.036985677508655
  60.930000000000000        -8.021564222220345
  61.829999999999998        -8.003025529829703
  62.740000000000002        -7.981619193932184


# Temperature: 70.000000
# Parameters: -8.065409 0.326537 4.769975 56.958426
  49.229999999999997        -7.839547496128805
  50.009999999999998        -7.888348934014157
  50.799999999999997        -7.930391743628011
  51.600000000000001        -7.966048706641011
  52.399999999999999        -7.995653170495148
  53.219999999999999        -8.019620303432653
  54.039999999999999        -8.038267392044244
  54.869999999999997        -8.051911600302212
  55.710000000000001        -8.060759436276092
  56.560000000000002        -8.065046172286456
  57.420000000000002        -8.064935807396374
  58.280000000000001        -8.060701778751589
  59.159999999999997        -8.052576231284936
  60.039999999999999        -8.040756879531719
  60.930000000000000        -8.025549625583990
  61.829999999999998        -8.007273295193007
  62.740000000000002        -7.986140164387498


# Temperature: 80.000000
# Parameters: -8.069197 0.324548 4.815263 56.986834
  49.229999999999997        -7.842479813637363
  50.009999999999998        -7.891341604701237
  50.799999999999997        -7.933451509446942
  51.600000000000001        -7.969183744995601
  52.399999999999999        -7.998868309059280
  53.219999999999999        -8.022925377892276
  54.039999999999999        -8.041667614587412
  54.869999999999997        -8.055416479104151
  55.710000000000001        -8.064375568190446
  56.560000000000002        -8.068784208666701
  57.420000000000002        -8.068803404323868
  58.280000000000001        -8.064716440430757
  59.159999999999997        -8.056759112213769
  60.039999999999999        -8.045129717716229
  60.930000000000000        -8.030144898479909
  61.829999999999998        -8.012138388212517
  62.740000000000002        -7.991277438509795


# Temperature: 90.000000
# Parameters: -8.073519 0.322540 4.859739 57.016927
  49.229999999999997        -7.845871376838477
  50.009999999999998        -7.894800946039159
  50.799999999999997        -7.936985385384970
  51.600000000000001        -7.972800346411087
  52.399999999999999        -8.002572410768362
  53.219999999999999        -8.026726834236577
  54.039999999999999        -8.045571610807903
  54.869999999999997        -8.059432284998000
  55.710000000000001        -8.068509496630476
  56.560000000000002        -8.073046834310841
  57.420000000000002        -8.073202237117366
  58.280000000000001        -8.069268903736782
  59.159999999999997        -8.061486328401090
  60.039999999999999        -8.050053199886349
  60.930000000000000        -8.035296661842413
  61.829999999999998        -8.017565110300394
  62.740000000000002        -7.996974079181763


# Temperature: 100.000000
# Parameters: -8.078335 0.320516 4.903548 57.048386
  49.229999999999997        -7.849698019379220
  50.009999999999998        -7.898701296111791
  50.799999999999997        -7.940966169396425
  51.600000000000001        -7.976869715854514
  52.399999999999999        -8.006735066873631
  53.219999999999999        -8.030992604398227
  54.039999999999999        -8.049945619117748
  54.869999999999997        -8.063923579457972
  55.710000000000001        -8.073124144480360
  56.560000000000002        -8.077795316930194
  57.420000000000002        -8.078091926606731
  58.280000000000001        -8.074317139508796
  59.159999999999997        -8.066714179966782
  60.039999999999999        -8.055481988608346
  60.930000000000000        -8.040957992505469
  61.829999999999998        -8.023505021998874
  62.740000000000002        -8.003180981559929


# Temperature: 110.000000
# Parameters: -8.083611 0.318482 4.946804 57.080985
  49.229999999999997        -7.853935476446166
  50.009999999999998        -7.903017214798238
  50.799999999999997        -7.945367222215139
  51.600000000000001        -7.981363997295195
  52.399999999999999        -8.011327197324894
  53.219999999999999        -8.035692363578999
  54.039999999999999        -8.054758062715708
  54.869999999999997        -8.068857560626899
  55.710000000000001        -8.078185524211195
  56.560000000000002        -8.082994486433405
  57.420000000000002        -8.083436137757404
  58.280000000000001        -8.079823648805462
  59.159999999999997        -8.072404004062724
  60.039999999999999        -8.061376292365816
  60.930000000000000        -8.047088012777872
  61.829999999999998        -8.029916224736812
  62.740000000000002        -8.009855902979604


# Temperature: 120.000000
# Parameters: -8.089315 0.316437 4.989598 57.114562
  49.229999999999997        -7.858560429483131
  50.009999999999998        -7.907724463195730
  50.799999999999997        -7.950163379409621
  51.600000000000001        -7.986257099736492
  52.399999999999999        -8.016321783523942
  53.219999999999999        -8.040798162469834
  54.039999999999999        -8.059980061581866
  54.869999999999997        -8.074204447830377
  55.710000000000001        -8.083662983514030
  56.560000000000002        -8.088612832350512
  57.420000000000002        -8.089202517484813
  58.280000000000001        -8.085755244219005
  59.159999999999997        -8.078521783103648
  60.039999999999999        -8.067701290343081
  60.930000000000000        -8.053651142143437
  61.829999999999998        -8.036762431155257
  62.740000000000002        -8.016962404763591


# Temperature: 130.000000
# Parameters: -8.095418 0.314384 5.032001 57.148999
  49.229999999999997        -7.863550985020150
  50.009999999999998        -7.912800433736552
  50.799999999999997        -7.955331321387263
  51.600000000000001        -7.991524988451625
  52.399999999999999        -8.021694087010511
  53.219999999999999        -8.046284559913406
  54.039999999999999        -8.065585474971128
  54.869999999999997        -8.079937425609760
  55.710000000000001        -8.089529064345887
  56.560000000000002        -8.094622260272770
  57.420000000000002        -8.095362351597259
  58.280000000000001        -8.092082601102614
  59.159999999999997        -8.085037589242614
  60.039999999999999        -8.074426474294448
  60.930000000000000        -8.060616323050514
  61.829999999999998        -8.044012085181492
  62.740000000000002        -8.024468889382119


# Temperature: 140.000000
# Parameters: -8.101896 0.312322 5.074073 57.184210
  49.229999999999997        -7.868886853975227
  50.009999999999998        -7.918224281814195
  50.799999999999997        -7.960849649053461
  51.600000000000001        -7.997145718149310
  52.399999999999999        -8.027421618369486
  53.219999999999999        -8.052128525480061
  54.039999999999999        -8.071550743876395
  54.869999999999997        -8.086032421926920
  55.710000000000001        -8.095759208584685
  56.560000000000002        -8.100997734285553
  57.420000000000002        -8.101890142970399
  58.280000000000001        -8.098779769413637
  59.159999999999997        -8.091925022627937
  60.039999999999999        -8.081525012178453
  60.930000000000000        -8.067956324433498
  61.829999999999998        -8.051637591964266
  62.740000000000002        -8.032347785821742


# Temperature: 150.000000
# Parameters: -8.108726 0.310251 5.115862 57.220131
  49.229999999999997        -7.874549370310013
  50.009999999999998        -7.923976901945537
  50.799999999999997        -7.966698822662465
  51.600000000000001        -8.003099317930438
  52.399999999999999        -8.033483989021947
  53.219999999999999        -8.058309257056763
  54.039999999999999        -8.077854651614105
  54.869999999999997        -8.092467832474837
  55.710000000000001        -8.102331438809925
  56.560000000000002        -8.107716914219145
  57.420000000000002        -8.108763196976707
  58.280000000000001        -8.105823708358150
  59.159999999999997        -8.099160703554283
  60.039999999999999        -8.088973200924741
  60.930000000000000        -8.075647139549114
  61.829999999999998        -8.059614680471590
  62.740000000000002        -8.040574888345335


# Temperature: 160.000000
# Parameters: -8.115889 0.308172 5.157411 57.256713
  49.229999999999997        -7.880521415370680
  50.009999999999998        -7.930040826201080
  50.799999999999997        -7.972861033300505
  51.600000000000001        -8.009367642042681
  52.399999999999999        -8.039862720522713
  53.219999999999999        -8.064807948687609
  54.039999999999999        -8.084478076118318
  54.869999999999997        -8.099224228405378
  55.710000000000001        -8.109226037010524
  56.560000000000002        -8.114759801190923
  57.420000000000002        -8.115961243189862
  58.280000000000001        -8.113193883221113
  59.159999999999997        -8.106723835090747
  60.039999999999999        -8.096749993823664
  60.930000000000000        -8.083667494710349
  61.829999999999998        -8.067921876986166
  62.740000000000002        -8.049128807186127


# Temperature: 170.000000
# Parameters: -8.123366 0.306085 5.198757 57.293922
  49.229999999999997        -7.886787308026733
  50.009999999999998        -7.936400096724493
  50.799999999999997        -7.979320047421846
  51.600000000000001        -8.015934189542309
  52.399999999999999        -8.046541049712186
  53.219999999999999        -8.071607580179270
  54.039999999999999        -8.091403743271254
  54.869999999999997        -8.106284096186281
  55.710000000000001        -8.116425262676850
  56.560000000000002        -8.122108432896024
  57.420000000000002        -8.123466104764745
  58.280000000000001        -8.120871909872145
  59.159999999999997        -8.114595831003811
  60.039999999999999        -8.104836610829976
  60.930000000000000        -8.091998433679478
  61.829999999999998        -8.076540072915597
  62.740000000000002        -8.057990529102948


# Temperature: 180.000000
# Parameters: -8.131141 0.303989 5.239933 57.331729
  49.229999999999997        -7.893332682372700
  50.009999999999998        -7.943040122705789
  50.799999999999997        -7.986061054494119
  51.600000000000001        -8.022783932247419
  52.399999999999999        -8.053503740086773
  53.219999999999999        -8.078692707742887
  54.039999999999999        -8.098616007180915
  54.869999999999997        -8.113631597150246
  55.710000000000001        -8.123913097839852
  56.560000000000002        -8.129746616209337
  57.420000000000002        -8.131261420675182
  58.280000000000001        -8.128841262493280
  59.159999999999997        -8.122760002756579
  60.039999999999999        -8.113216210015679
  60.930000000000000        -8.100622975647379
  61.829999999999998        -8.085452173443862
  62.740000000000002        -8.067143061885986


# Temperature: 190.000000
# Parameters: -8.139200 0.301884 5.280967 57.370117
  49.229999999999997        -7.900144361284116
  50.009999999999998        -7.949947543573043
  50.799999999999997        -7.993070514643641
  51.600000000000001        -8.029903157201133
  52.399999999999999        -8.060736905606396
  53.219999999999999        -8.086049280546588
  54.039999999999999        -8.106100655332925
  54.869999999999997        -8.121252365391801
  55.710000000000001        -8.131675028385086
  56.560000000000002        -8.137659696062444
  57.420000000000002        -8.139332402153757
  58.280000000000001        -8.137087019654532
  59.159999999999997        -8.131201300402191
  60.039999999999999        -8.121873620172041
  60.930000000000000        -8.109525838507693
  61.829999999999998        -8.094642804222662
  62.740000000000002        -8.076571134829573


# Temperature: 200.000000
# Parameters: -8.147529 0.299771 5.321885 57.409070
  49.229999999999997        -7.907210242410633
  50.009999999999998        -7.957110107730512
  50.799999999999997        -8.000336029102128
  51.600000000000001        -8.037279321571905
  52.399999999999999        -8.068227865594805
  53.219999999999999        -8.093664480069428
  54.039999999999999        -8.113844734470911
  54.869999999999997        -8.129133323283410
  55.710000000000001        -8.139697860605269
  56.560000000000002        -8.145834364741164
  57.420000000000002        -8.147665626442961
  58.280000000000001        -8.145595652882907
  59.159999999999997        -8.139906093897880
  60.039999999999999        -8.130795109686503
  60.930000000000000        -8.118693204624481
  61.829999999999998        -8.104098079211919
  62.740000000000002        -8.086260961390559


# Temperature: 210.000000
# Parameters: -8.156117 0.297649 5.362711 57.448578
  49.229999999999997        -7.914519188314820
  50.009999999999998        -7.964516550260327
  50.799999999999997        -8.007846213762685
  51.600000000000001        -8.044900921027383
  52.399999999999999        -8.075965001712753
  53.219999999999999        -8.101526575001685
  54.039999999999999        -8.121836407569665
  54.869999999999997        -8.137262528084381
  55.710000000000001        -8.147969555372059
  56.560000000000002        -8.154258486729502
  57.420000000000002        -8.156248872003419
  58.280000000000001        -8.154354853579214
  59.159999999999997        -8.148861985511783
  60.039999999999999        -8.139968201022382
  60.930000000000000        -8.128112525984069
  61.829999999999998        -8.113805392358083
  62.740000000000002        -8.096200036048748


# Temperature: 220.000000
# Parameters: -8.164952 0.295518 5.403468 57.488636
  49.229999999999997        -7.922060923865961
  50.009999999999998        -7.972156495498416
  50.799999999999997        -8.015590589318602
  51.600000000000001        -8.052757379873213
  52.399999999999999        -8.083937642914659
  53.219999999999999        -8.109624801019409
  54.039999999999999        -8.130064817026870
  54.869999999999997        -8.145629040314715
  55.710000000000001        -8.156479089254923
  56.560000000000002        -8.162920965010656
  57.420000000000002        -8.165070966159202
  58.280000000000001        -8.163353375481259
  59.159999999999997        -8.158057661613997
  60.039999999999999        -8.149381513182062
  60.930000000000000        -8.137772361476108
  61.829999999999998        -8.123753260057324
  62.740000000000002        -8.106376969515111


# Temperature: 230.000000
# Parameters: -8.174024 0.293377 5.444174 57.529238
  49.229999999999997        -7.929825956435224
  50.009999999999998        -7.980020361683284
  50.799999999999997        -8.023559490057856
  51.600000000000001        -8.060838950519683
  52.399999999999999        -8.092135958696710
  53.219999999999999        -8.117949252996089
  54.039999999999999        -8.138519982056888
  54.869999999999997        -8.154222804566077
  55.710000000000001        -8.165216344659946
  56.560000000000002        -8.171811613586575
  57.420000000000002        -8.174121659690256
  58.280000000000001        -8.172580911329106
  59.159999999999997        -8.167482753795435
  60.039999999999999        -8.159024623862283
  60.930000000000000        -8.147662242158159
  61.829999999999998        -8.133931178128709
  62.740000000000002        -8.116781349850656


# Temperature: 240.000000
# Parameters: -8.183325 0.291227 5.484850 57.570385
  49.229999999999997        -7.937805491945134
  50.009999999999998        -7.988099281151182
  50.799999999999997        -8.031743976803277
  51.600000000000001        -8.069136622276211
  52.399999999999999        -8.100550875146313
  53.219999999999999        -8.126490787578568
  54.039999999999999        -8.147192697120984
  54.869999999999997        -8.163034557259859
  55.710000000000001        -8.174171997895792
  56.560000000000002        -8.180921055908179
  57.420000000000002        -8.183391526299031
  58.280000000000001        -8.182027983003898
  59.159999999999997        -8.177127736261623
  60.039999999999999        -8.168887958556535
  60.930000000000000        -8.157772554139507
  61.829999999999998        -8.144329504698012
  62.740000000000002        -8.127403619131691


# Temperature: 250.000000
# Parameters: -8.192844 0.289068 5.525511 57.612075
  49.229999999999997        -7.945991368538273
  50.009999999999998        -7.996385029859116
  50.799999999999997        -8.040135764362716
  51.600000000000001        -8.077642051910775
  52.399999999999999        -8.109173987882292
  53.219999999999999        -8.135240947527928
  54.039999999999999        -8.156074450049642
  54.869999999999997        -8.172055734405228
  55.710000000000001        -8.183337438332444
  56.560000000000002        -8.190240635742690
  57.420000000000002        -8.192871863113570
  58.280000000000001        -8.191685845140189
  59.159999999999997        -8.186983822190067
  60.039999999999999        -8.178962693130975
  60.930000000000000        -8.168094439084241
  61.829999999999998        -8.154939357591518
  62.740000000000002        -8.138234982244311


# Temperature: 260.000000
# Parameters: -8.202576 0.286899 5.566174 57.654312
  49.229999999999997        -7.954375991282438
  50.009999999999998        -8.004869960017139
  50.799999999999997        -8.048727152088487
  51.600000000000001        -8.086347487990793
  52.399999999999999        -8.117997499869306
  53.219999999999999        -8.144191887096788
  54.039999999999999        -8.165157349492725
  54.869999999999997        -8.181278402158567
  55.710000000000001        -8.192704690669231
  56.560000000000002        -8.199762338405236
  57.420000000000002        -8.202554619174078
  58.280000000000001        -8.201546411539692
  59.159999999999997        -8.197042889107552
  60.039999999999999        -8.189240669873895
  60.930000000000000        -8.178619713369997
  61.829999999999998        -8.165752535567609
  62.740000000000002        -8.149267312569600


# Temperature: 270.000000
# Parameters: -8.212512 0.284720 5.606858 57.697100
  49.229999999999997        -7.962952284495019
  50.009999999999998        -8.013546948267026
  50.799999999999997        -8.057510973092455
  51.600000000000001        -8.095245720098228
  52.399999999999999        -8.127014156122987
  53.219999999999999        -8.153336310880155
  54.039999999999999        -8.174434060661039
  54.869999999999997        -8.190695187382904
  55.710000000000001        -8.202266349639965
  56.560000000000002        -8.209478723391136
  57.420000000000002        -8.212432321846656
  58.280000000000001        -8.211602177439291
  59.159999999999997        -8.207297403231030
  60.039999999999999        -8.199714328055158
  60.930000000000000        -8.189340791392404
  61.829999999999998        -8.176761437475525
  62.740000000000002        -8.160493085652345


# Temperature: 280.000000
# Parameters: -8.222645 0.282532 5.647575 57.740442
  49.229999999999997        -7.971713636812404
  50.009999999999998        -8.022409343860968
  50.799999999999997        -8.066480538279039
  51.600000000000001        -8.104330020789721
  52.399999999999999        -8.136217196034336
  53.219999999999999        -8.162667420957678
  54.039999999999999        -8.183897751432163
  54.869999999999997        -8.200299226863031
  55.710000000000001        -8.212015519900218
  56.560000000000002        -8.219382868408879
  57.420000000000002        -8.222498019819852
  58.280000000000001        -8.221846166653306
  59.159999999999997        -8.217740361427731
  60.039999999999999        -8.210376639667768
  60.930000000000000        -8.200250625452364
  61.829999999999998        -8.187959005251901
  62.740000000000002        -8.171905311833315


# Temperature: 290.000000
# Parameters: -8.232969 0.280333 5.688338 57.784346
  49.229999999999997        -7.980653861805782
  50.009999999999998        -8.031450926168082
  50.799999999999997        -8.075629591778860
  51.600000000000001        -8.113594105175956
  52.399999999999999        -8.145600299475536
  53.219999999999999        -8.172178869218035
  54.039999999999999        -8.193542043638409
  54.869999999999997        -8.210084115484175
  55.710000000000001        -8.221945770424565
  56.560000000000002        -8.229468316522375
  57.420000000000002        -8.232745234392631
  58.280000000000001        -8.232271875606463
  59.159999999999997        -8.228365237321007
  60.039999999999999        -8.221221055533691
  60.930000000000000        -8.211342650825451
  61.829999999999998        -8.199338662771623
  62.740000000000002        -8.183497484427965


# Temperature: 300.000000
# Parameters: -8.243479 0.278124 5.729163 57.828818
  49.229999999999997        -7.989767161706215
  50.009999999999998        -8.040665866326643
  50.799999999999997        -8.084952276746680
  51.600000000000001        -8.123032083246057
  52.399999999999999        -8.155157552597908
  53.219999999999999        -8.181864714865457
  54.039999999999999        -8.203360971609778
  54.869999999999997        -8.220043860629254
  55.710000000000001        -8.232051086830964
  56.560000000000002        -8.239729032621060
  57.420000000000002        -8.243167907653044
  58.280000000000001        -8.242873226694716
  59.159999999999997        -8.239165934651137
  60.039999999999999        -8.232241462810386
  60.930000000000000        -8.222610739122725
  61.829999999999998        -8.210894274390771
  62.740000000000002        -8.195263529977952


# Temperature: 310.000000
# Parameters: -8.254168 0.275905 5.770063 57.873866
  49.229999999999997        -7.999048088020446
  50.009999999999998        -8.050048690969160
  50.799999999999997        -8.094443092867923
  51.600000000000001        -8.132638432920491
  52.399999999999999        -8.164883407411258
  53.219999999999999        -8.191719386071949
  54.039999999999999        -8.213348939680467
  54.869999999999997        -8.230172849013215
  55.710000000000001        -8.242325834069415
  56.560000000000002        -8.250159361962833
  57.420000000000002        -8.253760368276168
  58.280000000000001        -8.253644530973894
  59.159999999999997        -8.250136747891126
  60.039999999999999        -8.243432137315187
  60.930000000000000        -8.234049154760836
  61.829999999999998        -8.222620099343853
  62.740000000000002        -8.207197767830518


# Temperature: 320.000000
# Parameters: -8.265032 0.273675 5.811051 57.919499
  49.229999999999997        -8.008491517693084
  50.009999999999998        -8.059594252166010
  50.799999999999997        -8.104096871484442
  51.600000000000001        -8.142407961703306
  52.399999999999999        -8.174772651727539
  53.219999999999999        -8.201737649920929
  54.039999999999999        -8.223500697314652
  54.869999999999997        -8.240465808335278
  55.710000000000001        -8.252764725329166
  56.560000000000002        -8.260754000117693
  57.420000000000002        -8.264517294212759
  58.280000000000001        -8.264580450848358
  59.159999999999997        -8.261272323898940
  60.039999999999999        -8.254787715541797
  60.930000000000000        -8.245652520759938
  61.829999999999998        -8.234510754432474
  62.740000000000002        -8.219294872827135


# Temperature: 330.000000
# Parameters: -8.276066 0.271435 5.852137 57.965728
  49.229999999999997        -8.018092623050247
  50.009999999999998        -8.069297700478359
  50.799999999999997        -8.113908742428874
  51.600000000000001        -8.152335782844315
  52.399999999999999        -8.184820378068032
  53.219999999999999        -8.211914581314439
  54.039999999999999        -8.233811300758695
  54.869999999999997        -8.250917781368271
  55.710000000000001        -8.263362785763796
  56.560000000000002        -8.271507956692824
  57.420000000000002        -8.275433682632880
  58.280000000000001        -8.275675972087482
  59.159999999999997        -8.272567633933987
  60.039999999999999        -8.266303153203225
  60.930000000000000        -8.257415785578059
  61.829999999999998        -8.246561186041806
  62.740000000000002        -8.231549844210722


# Temperature: 340.000000
# Parameters: -8.287265 0.269184 5.893338 58.012561
  49.229999999999997        -8.027846845888901
  50.009999999999998        -8.079154462156772
  50.799999999999997        -8.123874113296115
  51.600000000000001        -8.162417284246317
  52.399999999999999        -8.195021959825569
  53.219999999999999        -8.222245538098912
  54.039999999999999        -8.244276092312637
  54.869999999999997        -8.261524093829404
  55.710000000000001        -8.274115328653401
  56.560000000000002        -8.282416535640490
  57.420000000000002        -8.286504822978827
  58.280000000000001        -8.286926369623593
  59.159999999999997        -8.284017943600753
  60.039999999999999        -8.277973705539695
  60.930000000000000        -8.269334196164014
  61.829999999999998        -8.258766635938532
  62.740000000000002        -8.243957976605707


# Temperature: 350.000000
# Parameters: -8.298624 0.266922 5.934659 58.060011
  49.229999999999997        -8.037749879857607
  50.009999999999998        -8.089160213230574
  50.799999999999997        -8.133988645605513
  51.600000000000001        -8.172648113955114
  52.399999999999999        -8.205373029499558
  53.219999999999999        -8.232726138263788
  54.039999999999999        -8.254890675455949
  54.869999999999997        -8.272280337797463
  55.710000000000001        -8.285017932603226
  56.560000000000002        -8.293475301055958
  57.420000000000002        -8.297726271054460
  58.280000000000001        -8.298327188896288
  59.159999999999997        -8.295618785901722
  60.039999999999999        -8.289794896225855
  60.930000000000000        -8.281403271010317
  61.829999999999998        -8.271122621578739
  62.740000000000002        -8.256514836180211


# Temperature: 360.000000
# Parameters: -8.310141 0.264649 5.976121 58.108090
  49.229999999999997        -8.047797648691581
  50.009999999999998        -8.099310862925002
  50.799999999999997        -8.144248234072341
  51.600000000000001        -8.183024152176017
  52.399999999999999        -8.215869454858193
  53.219999999999999        -8.243352235067290
  54.039999999999999        -8.265650894119016
  54.869999999999997        -8.283182343729290
  55.710000000000001        -8.296066420815126
  56.560000000000002        -8.304680065776827
  57.420000000000002        -8.309093827260259
  58.280000000000001        -8.309874220978207
  59.159999999999997        -8.307365945690975
  60.039999999999999        -8.301762500787950
  60.930000000000000        -8.293618775278949
  61.829999999999998        -8.283624907087983
  62.740000000000002        -8.269216233698979


# Temperature: 370.000000
# Parameters: -8.321810 0.262366 6.017726 58.156810
  49.229999999999997        -8.057986287557009
  50.009999999999998        -8.109602533969127
  50.799999999999997        -8.154648988988555
  51.600000000000001        -8.193541496763860
  52.399999999999999        -8.226507321319190
  53.219999999999999        -8.254119906672154
  54.039999999999999        -8.276552811954604
  54.869999999999997        -8.294226166986244
  55.710000000000001        -8.307256835176918
  56.560000000000002        -8.316026863399498
  57.420000000000002        -8.320603518974067
  58.280000000000001        -8.321563485992213
  59.159999999999997        -8.319255430654259
  60.039999999999999        -8.313872520693167
  60.930000000000000        -8.305976708364245
  61.829999999999998        -8.296269489787749
  62.740000000000002        -8.282058210013398


# Temperature: 380.000000
# Parameters: -8.333629 0.260070 6.059492 58.206185
  49.229999999999997        -8.068312130613929
  50.009999999999998        -8.120031548085876
  50.799999999999997        -8.165187220676390
  51.600000000000001        -8.204196448713041
  52.399999999999999        -8.237282919512689
  53.219999999999999        -8.265025430234974
  54.039999999999999        -8.287592697827899
  54.869999999999997        -8.305408068142093
  55.710000000000001        -8.318585429007387
  56.560000000000002        -8.327511938951352
  57.420000000000002        -8.332251580859001
  58.280000000000001        -8.333391210310008
  59.159999999999997        -8.331283461981146
  60.039999999999999        -8.326121168839665
  60.930000000000000        -8.318473276945809
  61.829999999999998        -8.309052576357635
  62.740000000000002        -8.295037016369402


# Temperature: 390.000000
# Parameters: -8.345594 0.257764 6.101426 58.256228
  49.229999999999997        -8.078771693396995
  50.009999999999998        -8.130594410445637
  50.799999999999997        -8.175859424978396
  51.600000000000001        -8.214985492465424
  52.399999999999999        -8.248192725589137
  53.219999999999999        -8.276065272578361
  54.039999999999999        -8.298767011306527
  54.869999999999997        -8.316724495363779
  55.710000000000001        -8.330048643218490
  56.560000000000002        -8.339131726089354
  57.420000000000002        -8.344034440353472
  58.280000000000001        -8.345353814115020
  59.159999999999997        -8.343446454672931
  60.039999999999999        -8.338504852973760
  60.930000000000000        -8.331104885660672
  61.829999999999998        -8.321970569361822
  62.740000000000002        -8.308149094715374


# Temperature: 400.000000
# Parameters: -8.357702 0.255446 6.143540 58.306955
  49.229999999999997        -8.089361661414776
  50.009999999999998        -8.141287797229142
  50.799999999999997        -8.186662267711045
  51.600000000000001        -8.225905285546066
  52.399999999999999        -8.259233387745757
  53.219999999999999        -8.287236075680982
  54.039999999999999        -8.310072384004890
  54.869999999999997        -8.328172075083570
  55.710000000000001        -8.341643098023937
  56.560000000000002        -8.350882836735810
  57.420000000000002        -8.355948703161221
  58.280000000000001        -8.357447896892436
  59.159999999999997        -8.355740999923388
  60.039999999999999        -8.351020161179942
  60.930000000000000        -8.343868117411199
  61.829999999999998        -8.335020054811956
  62.740000000000002        -8.321391069410728


# Temperature: 410.000000
# Parameters: -8.369950 0.253117 6.185850 58.358382
  49.229999999999997        -8.100078875639793
  50.009999999999998        -8.152108543190355
  50.799999999999997        -8.197592575336888
  51.600000000000001        -8.236952647162537
  52.399999999999999        -8.270401715862283
  53.219999999999999        -8.298534641131157
  54.039999999999999        -8.321505612329178
  54.869999999999997        -8.339747596452673
  55.710000000000001        -8.353365573247094
  56.560000000000002        -8.362762047604804
  57.420000000000002        -8.367991139777782
  58.280000000000001        -8.369670224992078
  59.159999999999997        -8.368163858900209
  60.039999999999999        -8.363663847370923
  60.930000000000000        -8.356759726110097
  61.829999999999998        -8.348197784547889
  62.740000000000002        -8.334759729606672


# Temperature: 420.000000
# Parameters: -8.382334 0.250776 6.228364 58.410524
  49.229999999999997        -8.110920328362816
  50.009999999999998        -8.163053628182928
  50.799999999999997        -8.208647322527444
  51.600000000000001        -8.248124543694946
  52.399999999999999        -8.281694672173117
  53.219999999999999        -8.309957923908303
  54.039999999999999        -8.333063642967398
  54.869999999999997        -8.351447999940534
  55.710000000000001        -8.365213007284561
  56.560000000000002        -8.374766287765098
  57.420000000000002        -8.380158675126205
  58.280000000000001        -8.382017717118444
  59.159999999999997        -8.380711946162188
  60.039999999999999        -8.376432822996216
  60.930000000000000        -8.369776615951897
  61.829999999999998        -8.361500663800578
  62.740000000000002        -8.348252016809081


# Temperature: 430.000000
# Parameters: -8.394853 0.248423 6.271086 58.463399
  49.229999999999997        -8.121883145573607
  50.009999999999998        -8.174120174050916
  50.799999999999997        -8.219823620762510
  51.600000000000001        -8.259418080404528
  52.399999999999999        -8.293109354684509
  53.219999999999999        -8.321503016836544
  54.039999999999999        -8.344743563561538
  54.869999999999997        -8.363270368007013
  55.710000000000001        -8.377182475341213
  56.560000000000002        -8.386892630348713
  57.420000000000002        -8.392448377156384
  58.280000000000001        -8.394487436039292
  59.159999999999997        -8.393382321367802
  60.039999999999999        -8.389324142532166
  60.930000000000000        -8.382915841412943
  61.829999999999998        -8.374925747046371
  62.740000000000002        -8.361865017623517


# Temperature: 440.000000
# Parameters: -8.407503 0.246059 6.314039 58.517026
  49.229999999999997        -8.132964581778797
  50.009999999999998        -8.185305428045970
  50.799999999999997        -8.231118714184452
  51.600000000000001        -8.270830496251518
  52.399999999999999        -8.304642995101714
  53.219999999999999        -8.333167145402571
  54.039999999999999        -8.356542594416162
  54.869999999999997        -8.375211914738115
  55.710000000000001        -8.389271187357343
  56.560000000000002        -8.399138281150243
  57.420000000000002        -8.404857445444351
  58.280000000000001        -8.407076578221377
  59.159999999999997        -8.406172174765251
  60.039999999999999        -8.402334993117693
  60.930000000000000        -8.396174588595729
  61.829999999999998        -8.388470221424182
  62.740000000000002        -8.375595952354542


# Temperature: 450.000000
# Parameters: -8.420283 0.243682 6.357226 58.571421
  49.229999999999997        -8.144162010674044
  50.009999999999998        -8.196606759718041
  50.799999999999997        -8.242529965088240
  51.600000000000001        -8.282359146275905
  52.399999999999999        -8.316292945355436
  53.219999999999999        -8.344947656354961
  54.039999999999999        -8.368458078134140
  54.869999999999997        -8.387269978591002
  55.710000000000001        -8.401476476607987
  56.560000000000002        -8.411500567226160
  57.420000000000002        -8.417383206010156
  58.280000000000001        -8.419782466575468
  59.159999999999997        -8.419078825119595
  60.039999999999999        -8.415462689372154
  60.930000000000000        -8.409550167973904
  61.829999999999998        -8.402131399480520
  62.740000000000002        -8.389442164641453


# Temperature: 460.000000
# Parameters: -8.433189 0.241293 6.400665 58.626606
  49.229999999999997        -8.155472920998331
  50.009999999999998        -8.208021650551128
  50.799999999999997        -8.254054849775740
  51.600000000000001        -8.294001502633847
  52.399999999999999        -8.328056671383278
  53.219999999999999        -8.356842011485607
  54.039999999999999        -8.380487470288807
  54.869999999999997        -8.399442012029734
  55.710000000000001        -8.413795793484351
  56.560000000000002        -8.423976935858393
  57.420000000000002        -8.430023100953592
  58.280000000000001        -8.432602538019230
  59.159999999999997        -8.432099708312075
  60.039999999999999        -8.428704664067510
  60.930000000000000        -8.423040012319435
  61.829999999999998        -8.415906712950918
  62.740000000000002        -8.403401117312573


# Temperature: 470.000000
# Parameters: -8.446220 0.238892 6.444361 58.682601
  49.229999999999997        -8.166894903060426
  50.009999999999998        -8.219547685671863
  50.799999999999997        -8.265690949227878
  51.600000000000001        -8.305755143196993
  52.399999999999999        -8.339931746911184
  53.219999999999999        -8.368847779338324
  54.039999999999999        -8.392628336314699
  54.869999999999997        -8.411725576343137
  55.710000000000001        -8.426226694093131
  56.560000000000002        -8.436564940044359
  57.420000000000002        -8.442774680162799
  58.280000000000001        -8.445534341404374
  59.159999999999997        -8.445232368012269
  60.039999999999999        -8.442058458800485
  60.930000000000000        -8.436641659083337
  61.829999999999998        -8.429793701359248
  62.740000000000002        -8.417470377875285


# Temperature: 480.000000
# Parameters: -8.459373 0.236478 6.488330 58.739427
  49.229999999999997        -8.178425648738866
  50.009999999999998        -8.231182553849512
  50.799999999999997        -8.277435948068216
  51.600000000000001        -8.317617745333919
  52.399999999999999        -8.351915846198448
  53.219999999999999        -8.380962631063129
  54.039999999999999        -8.404878343216128
  54.869999999999997        -8.424118334389821
  55.710000000000001        -8.438766839220081
  56.560000000000002        -8.449262236424106
  57.420000000000002        -8.455635598204973
  58.280000000000001        -8.458575525079539
  59.159999999999997        -8.458474451532389
  60.039999999999999        -8.455521716737589
  60.930000000000000        -8.450352753504971
  61.829999999999998        -8.443790010981299
  62.740000000000002        -8.431647619552461


# Temperature: 490.000000
# Parameters: -8.472647 0.234052 6.532578 58.797106
  49.229999999999997        -8.190062942154148
  50.009999999999998        -8.242924034022433
  50.799999999999997        -8.289287620052981
  51.600000000000001        -8.329587081764425
  52.399999999999999        -8.364006736782743
  53.219999999999999        -8.393184331088410
  54.039999999999999        -8.417235252312201
  54.869999999999997        -8.436618044379616
  55.710000000000001        -8.451413981892900
  56.560000000000002        -8.462066575952482
  57.420000000000002        -8.468603601889255
  58.280000000000001        -8.471723836890291
  59.159999999999997        -8.471823702572300
  60.039999999999999        -8.469092180542257
  60.930000000000000        -8.464171035138495
  61.829999999999998        -8.457893382407653
  62.740000000000002        -8.445930608845343


# Temperature: 500.000000
# Parameters: -8.486039 0.231614 6.577125 58.855663
  49.229999999999997        -8.201804653450141
  50.009999999999998        -8.254769993225223
  50.799999999999997        -8.301243829107488
  51.600000000000001        -8.341661012268121
  52.399999999999999        -8.376202276370822
  53.219999999999999        -8.405510730902369
  54.039999999999999        -8.429696911981845
  54.869999999999997        -8.449222552618590
  55.710000000000001        -8.464165967381232
  56.560000000000002        -8.474975802862703
  57.420000000000002        -8.481676532339582
  58.280000000000001        -8.484977112778438
  59.159999999999997        -8.485277957073803
  60.039999999999999        -8.482767683047014
  60.930000000000000        -8.478094335780009
  61.829999999999998        -8.472101648470833
  62.740000000000002        -8.460317205533542


# Temperature: 510.000000
# Parameters: -8.499548 0.229162 6.621975 58.915120
  49.229999999999997        -8.213648737757683
  50.009999999999998        -8.266718382443008
  50.799999999999997        -8.313302524144014
  51.600000000000001        -8.353837480575153
  52.399999999999999        -8.388500404547131
  53.219999999999999        -8.417939771125873
  54.039999999999999        -8.442261258700215
  54.869999999999997        -8.461929791436200
  55.710000000000001        -8.477020725941678
  56.560000000000002        -8.487987841192814
  57.420000000000002        -8.494852313594000
  58.280000000000001        -8.498333276782022
  59.159999999999997        -8.498835132856389
  60.039999999999999        -8.496546141034921
  60.930000000000000        -8.492120571176146
  61.829999999999998        -8.486412725953905
  62.740000000000002        -8.474805351274350


# Temperature: 520.000000
# Parameters: -8.513171 0.226698 6.667146 58.975505
  49.229999999999997        -8.225593225866733
  50.009999999999998        -8.278767230392894
  50.799999999999997        -8.325461727661105
  51.600000000000001        -8.366114509184071
  52.399999999999999        -8.400899140700933
  53.219999999999999        -8.430469465966056
  54.039999999999999        -8.454926305638025
  54.869999999999997        -8.474737771930300
  55.710000000000001        -8.489976264526392
  56.560000000000002        -8.501100698931392
  57.420000000000002        -8.508128949495383
  58.280000000000001        -8.511790328598213
  59.159999999999997        -8.512493230653650
  60.039999999999999        -8.510425552130293
  60.930000000000000        -8.506247738951222
  61.829999999999998        -8.500824615590460
  62.740000000000002        -8.489393068566315


# Temperature: 530.000000
# Parameters: -8.526908 0.224221 6.712649 59.036843
  49.229999999999997        -8.237636224226367
  50.009999999999998        -8.290914638341834
  50.799999999999997        -8.337719541962139
  51.600000000000001        -8.378490194179685
  52.399999999999999        -8.413396579880621
  53.219999999999999        -8.443097907362029
  54.039999999999999        -8.467690141625107
  54.869999999999997        -8.487644580857875
  55.710000000000001        -8.503030668855926
  56.560000000000002        -8.514312457653284
  57.420000000000002        -8.521504519545722
  58.280000000000001        -8.525346347729005
  59.159999999999997        -8.526250327894729
  60.039999999999999        -8.524403992725849
  60.930000000000000        -8.520473913425102
  61.829999999999998        -8.515335390663935
  62.740000000000002        -8.504078455567107


# Temperature: 540.000000
# Parameters: -8.540757 0.221731 6.758494 59.099162
  49.229999999999997        -8.249775907689807
  50.009999999999998        -8.303158779070188
  50.799999999999997        -8.350074134645348
  51.600000000000001        -8.390962703160236
  52.399999999999999        -8.425990884502296
  53.219999999999999        -8.455823257729897
  54.039999999999999        -8.480550927004710
  54.869999999999997        -8.500648375452892
  55.710000000000001        -8.516182094091398
  56.560000000000002        -8.527621270446760
  57.420000000000002        -8.534977177869713
  58.280000000000001        -8.538999484153386
  59.159999999999997        -8.540104572485760
  60.039999999999999        -8.538479607618440
  60.930000000000000        -8.534797240431063
  61.829999999999998        -8.529943199080465
  62.740000000000002        -8.518859680911385


# Temperature: 550.000000
# Parameters: -8.554716 0.219227 6.804698 59.162492
  49.229999999999997        -8.262010515368704
  50.009999999999998        -8.315497891689610
  50.799999999999997        -8.362523740676679
  51.600000000000001        -8.403530267982388
  52.399999999999999        -8.438680287459052
  53.219999999999999        -8.468643744780621
  54.039999999999999        -8.493506886378517
  54.869999999999997        -8.513747380317033
  55.710000000000001        -8.529428761725212
  56.560000000000002        -8.541025358804220
  57.420000000000002        -8.548545140777627
  58.280000000000001        -8.552747954181626
  59.159999999999997        -8.554054177627735
  60.039999999999999        -8.552650611045488
  60.930000000000000        -8.549215933170101
  61.829999999999998        -8.544646255077469
  62.740000000000002        -8.533734980601523


# Temperature: 560.000000
# Parameters: -8.568784 0.216710 6.851271 59.226864
  49.229999999999997        -8.274338351669568
  50.009999999999998        -8.327930274388054
  50.799999999999997        -8.375066660316936
  51.600000000000001        -8.416191185797667
  52.399999999999999        -8.451463080720284
  53.219999999999999        -8.481557660483595
  54.039999999999999        -8.506556309643070
  54.869999999999997        -8.526939882237565
  55.710000000000001        -8.542768958544633
  56.560000000000002        -8.554523007440075
  57.420000000000002        -8.562206690911019
  58.280000000000001        -8.566590039418859
  59.159999999999997        -8.568097425962213
  60.039999999999999        -8.566915281502842
  60.930000000000000        -8.563728270138068
  61.829999999999998        -8.559442838187225
  62.740000000000002        -8.548702654898324


# Temperature: 570.000000
# Parameters: -8.582959 0.214180 6.898229 59.292308
  49.229999999999997        -8.286757778002359
  50.009999999999998        -8.340454288575476
  50.799999999999997        -8.387701249793947
  51.600000000000001        -8.428943812833902
  52.399999999999999        -8.464337619477394
  53.219999999999999        -8.494563355884516
  54.039999999999999        -8.519697547844066
  54.869999999999997        -8.540224230187329
  55.710000000000001        -8.556201030413222
  56.560000000000002        -8.568112559108611
  57.420000000000002        -8.575960174133458
  58.280000000000001        -8.580524081582940
  59.159999999999997        -8.582232656097773
  60.039999999999999        -8.581271958635512
  60.930000000000000        -8.578332588907116
  61.829999999999998        -8.574331288054742
  62.740000000000002        -8.563761062102472


# Temperature: 580.000000
# Parameters: -8.597240 0.211636 6.945584 59.358858
  49.229999999999997        -8.299267212780483
  50.009999999999998        -8.353068350592435
  50.799999999999997        -8.400425923375417
  51.600000000000001        -8.441786559213089
  52.399999999999999        -8.477302312815953
  53.219999999999999        -8.507659241105381
  54.039999999999999        -8.532929006957794
  54.869999999999997        -8.553598828069763
  55.710000000000001        -8.569723381234420
  56.560000000000002        -8.581792417713269
  57.420000000000002        -8.589803988129821
  58.280000000000001        -8.594548480431607
  59.159999999999997        -8.596458266755723
  60.039999999999999        -8.595719039091952
  60.930000000000000        -8.593027286125704
  61.829999999999998        -8.589310002364897
  62.740000000000002        -8.578908620627372


# Temperature: 590.000000
# Parameters: -8.611626 0.209079 6.993352 59.426550
  49.229999999999997        -8.311865127275095
  50.009999999999998        -8.365770928600803
  50.799999999999997        -8.413239149223216
  51.600000000000001        -8.454717892060676
  52.399999999999999        -8.490355624752127
  53.219999999999999        -8.520843777053077
  54.039999999999999        -8.546249148927572
  54.869999999999997        -8.567062136791758
  55.710000000000001        -8.583334469842262
  56.560000000000002        -8.595561038978801
  57.420000000000002        -8.603736589661294
  58.280000000000001        -8.608661689616762
  59.159999999999997        -8.610772710551542
  60.039999999999999        -8.610254973414786
  60.930000000000000        -8.607810813372879
  61.829999999999998        -8.604377433733170
  62.740000000000002        -8.594143800707750


# Temperature: 600.000000
# Parameters: -8.626116 0.206507 7.041548 59.495421
  49.229999999999997        -8.324550044578659
  50.009999999999998        -8.378560544656619
  50.799999999999997        -8.426139446284107
  51.600000000000001        -8.467736327214146
  52.399999999999999        -8.503496071123399
  53.219999999999999        -8.534115478528664
  54.039999999999999        -8.559656483372322
  54.869999999999997        -8.580612667008664
  55.710000000000001        -8.597032803782822
  56.560000000000002        -8.609416931487708
  57.420000000000002        -8.617756486273947
  58.280000000000001        -8.622862214611624
  59.159999999999997        -8.625174492958447
  60.039999999999999        -8.624878267077234
  60.930000000000000        -8.622681674049010
  61.829999999999998        -8.619532087632781
  62.740000000000002        -8.609465126472500


# Temperature: 610.000000
# Parameters: -8.640709 0.203922 7.090184 59.565507
  49.229999999999997        -8.337320534422831
  50.009999999999998        -8.391435765382258
  50.799999999999997        -8.439125380144038
  51.600000000000001        -8.480840432332297
  52.399999999999999        -8.516722216479291
  53.219999999999999        -8.547472906972381
  54.039999999999999        -8.573149573805143
  54.869999999999997        -8.594248977051445
  55.710000000000001        -8.610816943459916
  56.560000000000002        -8.623358652534529
  57.420000000000002        -8.631862232153040
  58.280000000000001        -8.637148611674306
  59.159999999999997        -8.639662166088845
  60.039999999999999        -8.639587471155275
  60.930000000000000        -8.637638421302929
  61.829999999999998        -8.634772516176135
  62.740000000000002        -8.624871166616849


# Temperature: 620.000000
# Parameters: -8.655403 0.201323 7.139280 59.636851
  49.229999999999997        -8.350175212142025
  50.009999999999998        -8.404395208184988
  50.799999999999997        -8.452195565100997
  51.600000000000001        -8.494028816530987
  52.399999999999999        -8.530032669935659
  53.219999999999999        -8.560914671500084
  54.039999999999999        -8.586727026232607
  54.869999999999997        -8.607969673963101
  55.710000000000001        -8.624685491770839
  56.560000000000002        -8.637384805016561
  57.420000000000002        -8.646052432268721
  58.280000000000001        -8.651519481629249
  59.159999999999997        -8.654234331803607
  60.039999999999999        -8.654381186473355
  60.930000000000000        -8.652679653886228
  61.829999999999998        -8.650097322260528
  62.740000000000002        -8.640360540620916


# Temperature: 630.000000
# Parameters: -8.670197 0.198709 7.188848 59.709494
  49.229999999999997        -8.363112739709834
  50.009999999999998        -8.417437528819846
  50.799999999999997        -8.465348656910020
  51.600000000000001        -8.507300136601680
  52.399999999999999        -8.543426086211117
  53.219999999999999        -8.574439425793960
  54.039999999999999        -8.600387493300477
  54.869999999999997        -8.621773407280118
  55.710000000000001        -8.638637099288498
  56.560000000000002        -8.651494038470281
  57.420000000000002        -8.660325732011769
  58.280000000000001        -8.665973469867232
  59.159999999999997        -8.668889636529935
  60.039999999999999        -8.669258057385820
  60.930000000000000        -8.667804017189679
  61.829999999999998        -8.665505151276738
  62.740000000000002        -8.655931910458298


# Temperature: 640.000000
# Parameters: -8.685092 0.196081 7.238905 59.783480
  49.229999999999997        -8.376131817447632
  50.009999999999998        -8.430561429681056
  50.799999999999997        -8.478583356928908
  51.600000000000001        -8.520653090792896
  52.399999999999999        -8.556901161481328
  53.219999999999999        -8.588045863956824
  54.039999999999999        -8.614129669111566
  54.869999999999997        -8.635658872141732
  55.710000000000001        -8.652670459079285
  56.560000000000002        -8.665685043889228
  57.420000000000002        -8.674680823412141
  58.280000000000001        -8.680509268418216
  59.159999999999997        -8.683626767115657
  60.039999999999999        -8.684216771776928
  60.930000000000000        -8.683010198061117
  61.829999999999998        -8.680994690072593
  62.740000000000002        -8.671583980596072


# Temperature: 650.000000
# Parameters: -8.700085 0.193439 7.289473 59.858857
  49.229999999999997        -8.389231187133845
  50.009999999999998        -8.443765649437767
  50.799999999999997        -8.491898401753955
  51.600000000000001        -8.534086416737354
  52.399999999999999        -8.570456633379013
  53.219999999999999        -8.601732721548542
  54.039999999999999        -8.627952287152889
  54.869999999999997        -8.649624800998533
  55.710000000000001        -8.666784301520932
  56.560000000000002        -8.679956551651136
  57.420000000000002        -8.689116434774723
  58.280000000000001        -8.695125604550656
  59.159999999999997        -8.698444452902084
  60.039999999999999        -8.699256056915138
  60.930000000000000        -8.698296924805422
  61.829999999999998        -8.696564670062255
  62.740000000000002        -8.687315495921942


# Temperature: 660.000000
# Parameters: -8.715176 0.190782 7.340563 59.935674
  49.229999999999997        -8.402409628894674
  50.009999999999998        -8.457048967179750
  50.799999999999997        -8.505292569438506
  51.600000000000001        -8.547598889379124
  52.399999999999999        -8.584091274775389
  53.219999999999999        -8.615498773513181
  54.039999999999999        -8.641854120295662
  54.869999999999997        -8.663669964648882
  55.710000000000001        -8.680977399484656
  56.560000000000002        -8.694307332554368
  57.420000000000002        -8.703631337934302
  58.280000000000001        -8.709821246990064
  59.159999999999997        -8.713341462614727
  60.039999999999999        -8.714374681525955
  60.930000000000000        -8.713662964075251
  61.829999999999998        -8.712213857898384
  62.740000000000002        -8.703125237598535


# Temperature: 670.000000
# Parameters: -8.730365 0.188111 7.392202 60.013982
  49.229999999999997        -8.415665957058387
  50.009999999999998        -8.470410198271702
  50.799999999999997        -8.518764674310832
  51.600000000000001        -8.561189320973622
  52.399999999999999        -8.597803898962299
  53.219999999999999        -8.629342828996883
  54.039999999999999        -8.655833978722447
  54.869999999999997        -8.677793172238921
  55.710000000000001        -8.695248559007315
  56.560000000000002        -8.708736193672209
  57.420000000000002        -8.718224336854888
  58.280000000000001        -8.724595002809721
  59.159999999999997        -8.728316599181163
  60.039999999999999        -8.729571447500538
  60.930000000000000        -8.729107119834612
  61.829999999999998        -8.727941059617834
  62.740000000000002        -8.719012027209104


# Temperature: 680.000000
# Parameters: -8.745650 0.185425 7.444399 60.093836
  49.229999999999997        -8.428999024301026
  50.009999999999998        -8.483848190207535
  50.799999999999997        -8.532313563864845
  51.600000000000001        -8.574856561087612
  52.399999999999999        -8.611593351360803
  53.219999999999999        -8.643263734457129
  54.039999999999999        -8.669890705781452
  54.869999999999997        -8.691993267116853
  55.710000000000001        -8.709596623437115
  56.560000000000002        -8.723241977316441
  57.420000000000002        -8.732894273848256
  58.280000000000001        -8.739445711212134
  59.159999999999997        -8.743368703876747
  60.039999999999999        -8.744845195077810
  60.930000000000000        -8.744628231286006
  61.829999999999998        -8.743745115459536
  62.740000000000002        -8.734974718466120


# Temperature: 690.000000
# Parameters: -8.761031 0.182724 7.497184 60.175293
  49.229999999999997        -8.442407713355001
  50.009999999999998        -8.497361828828936
  50.799999999999997        -8.545938119796524
  51.600000000000001        -8.588599488307796
  52.399999999999999        -8.625458512630452
  53.219999999999999        -8.657260368480623
  54.039999999999999        -8.684023181095805
  54.869999999999997        -8.706269127869382
  55.710000000000001        -8.724020469287906
  56.560000000000002        -8.737823558964484
  57.420000000000002        -8.747640024391833
  58.280000000000001        -8.754372246638297
  59.159999999999997        -8.758496650106052
  60.039999999999999        -8.760194798698770
  60.930000000000000        -8.760225171834001
  61.829999999999998        -8.759624898828060
  62.740000000000002        -8.751012199284121


# Temperature: 700.000000
# Parameters: -8.776507 0.180008 7.550563 60.258413
  49.229999999999997        -8.455890941154788
  50.009999999999998        -8.510950025888247
  50.799999999999997        -8.559637255931070
  51.600000000000001        -8.602417016459372
  52.399999999999999        -8.639398294523595
  53.219999999999999        -8.671331642819711
  54.039999999999999        -8.698230314344999
  54.869999999999997        -8.720619663139571
  55.710000000000001        -8.738519006239180
  56.560000000000002        -8.752479846222981
  57.420000000000002        -8.762460496092258
  58.280000000000001        -8.769373516694850
  59.159999999999997        -8.773699344439287
  60.039999999999999        -8.775619161824352
  60.930000000000000        -8.775896848048815
  61.829999999999998        -8.775579318366470
  62.740000000000002        -8.767123390743290


# Temperature: 710.000000
# Parameters: -8.792078 0.177276 7.604575 60.343262
  49.229999999999997        -8.469447651581948
  50.009999999999998        -8.524611728376312
  50.799999999999997        -8.573409918222895
  51.600000000000001        -8.616308089423901
  52.399999999999999        -8.653411639885364
  53.219999999999999        -8.685476498246672
  54.039999999999999        -8.712511047337744
  54.869999999999997        -8.735043813699706
  55.710000000000001        -8.753091174026794
  56.560000000000002        -8.767209778827784
  57.420000000000002        -8.777354625576105
  58.280000000000001        -8.784448459044794
  59.159999999999997        -8.788975723503032
  60.039999999999999        -8.791117223153984
  60.930000000000000        -8.791642195520593
  61.829999999999998        -8.791607310701346
  62.740000000000002        -8.783307242943748


# Temperature: 720.000000
# Parameters: -8.807742 0.174530 7.659236 60.429907
  49.229999999999997        -8.483076821683685
  50.009999999999998        -8.538345910231055
  50.799999999999997        -8.587255078537073
  51.600000000000001        -8.630271680102883
  52.399999999999999        -8.667497519544408
  53.219999999999999        -8.699693906626583
  54.039999999999999        -8.726864348829830
  54.869999999999997        -8.749540548305578
  55.710000000000001        -8.767735941406542
  56.560000000000002        -8.782012325534691
  57.420000000000002        -8.792321383672025
  58.280000000000001        -8.799596041407501
  59.159999999999997        -8.804324755016653
  60.039999999999999        -8.806687948334185
  60.930000000000000        -8.807460181968706
  61.829999999999998        -8.807707843552054
  62.740000000000002        -8.799562736041974


# Temperature: 730.000000
# Parameters: -8.823501 0.171768 7.714561 60.518417
  49.229999999999997        -8.496777454417863
  50.009999999999998        -8.552151573373912
  50.799999999999997        -8.601171738795038
  51.600000000000001        -8.644306788344903
  52.399999999999999        -8.681654935422163
  53.219999999999999        -8.713982867808024
  54.039999999999999        -8.741289219706269
  54.869999999999997        -8.764108867842200
  55.710000000000001        -8.782452305117728
  56.560000000000002        -8.796886484119430
  57.420000000000002        -8.807359766082893
  58.280000000000001        -8.814815259485846
  59.159999999999997        -8.819745434683028
  60.039999999999999        -8.822330333067828
  60.930000000000000        -8.823349802059605
  61.829999999999998        -8.823879913657898
  62.740000000000002        -8.815888878177965


# Temperature: 740.000000
# Parameters: -8.839353 0.168991 7.770587 60.608870
  49.229999999999997        -8.510548580725855
  50.009999999999998        -8.566027749782684
  50.799999999999997        -8.615158928901739
  51.600000000000001        -8.658412444054903
  52.399999999999999        -8.695882914314296
  53.219999999999999        -8.728342408586666
  54.039999999999999        -8.755784685726304
  54.869999999999997        -8.778747795995958
  55.710000000000001        -8.797239291956020
  56.560000000000002        -8.811831277231965
  57.420000000000002        -8.822468795458672
  58.280000000000001        -8.830105136966218
  59.159999999999997        -8.835236785152123
  60.039999999999999        -8.838043398968452
  60.930000000000000        -8.839310077406825
  61.829999999999998        -8.840122544705268
  62.740000000000002        -8.832284705475226


# Temperature: 750.000000
# Parameters: -8.855298 0.166198 7.827332 60.701346
  49.229999999999997        -8.524389255386840
  50.009999999999998        -8.579973492163697
  50.799999999999997        -8.629215703636355
  51.600000000000001        -8.672587699939216
  52.399999999999999        -8.710180509963561
  53.219999999999999        -8.742771580632411
  54.039999999999999        -8.770349798559835
  54.869999999999997        -8.793456383400329
  55.710000000000001        -8.812095952554891
  56.560000000000002        -8.826845757578623
  57.420000000000002        -8.837647523469265
  58.280000000000001        -8.845464723445666
  59.159999999999997        -8.850797856020982
  60.039999999999999        -8.853826195633108
  60.930000000000000        -8.855340058643845
  61.829999999999998        -8.856434785254788
  62.740000000000002        -8.848749279967922


# Temperature: 760.000000
# Parameters: -8.871335 0.163389 7.884824 60.795929
  49.229999999999997        -8.538298561163510
  50.009999999999998        -8.593987883279642
  50.799999999999997        -8.643341140579446
  51.600000000000001        -8.686831635651250
  52.399999999999999        -8.724546800986944
  53.219999999999999        -8.757269463598666
  54.039999999999999        -8.784983635787421
  54.869999999999997        -8.808233709708723
  55.710000000000001        -8.827021362422052
  56.560000000000002        -8.841928998594257
  57.420000000000002        -8.852895023549525
  58.280000000000001        -8.860893093395472
  59.159999999999997        -8.866427720724461
  60.039999999999999        -8.869677795460218
  60.930000000000000        -8.871438818169088
  61.829999999999998        -8.872815711850585
  62.740000000000002        -8.865281686491596


# Temperature: 770.000000
# Parameters: -8.887465 0.160565 7.943085 60.892708
  49.229999999999997        -8.552275602583508
  50.009999999999998        -8.608070025585311
  50.799999999999997        -8.657534346331509
  51.600000000000001        -8.701143353645799
  52.399999999999999        -8.738980888802809
  53.219999999999999        -8.771835157867372
  54.039999999999999        -8.799685297791001
  54.869999999999997        -8.823078873230227
  55.710000000000001        -8.842014621939436
  56.560000000000002        -8.857080101697234
  57.420000000000002        -8.868210397117815
  58.280000000000001        -8.876389346161144
  59.159999999999997        -8.882125477571646
  60.039999999999999        -8.885597298831724
  60.930000000000000        -8.887605454291641
  61.829999999999998        -8.889264422801750
  62.740000000000002        -8.881881034756024


# Temperature: 780.000000
# Parameters: -8.903687 0.157725 8.002159 60.991782
  49.229999999999997        -8.566319506975859
  50.009999999999998        -8.622219046409727
  50.799999999999997        -8.671794445112287
  51.600000000000001        -8.715521980215458
  52.399999999999999        -8.753481899703752
  53.219999999999999        -8.786467789731127
  54.039999999999999        -8.814453909826744
  54.869999999999997        -8.837990998184583
  55.710000000000001        -8.857074855326790
  56.560000000000002        -8.872298189034444
  57.420000000000002        -8.883592765284602
  58.280000000000001        -8.891952603889578
  59.159999999999997        -8.897890249745855
  60.039999999999999        -8.901583824785238
  60.930000000000000        -8.903839089158398
  61.829999999999998        -8.905780041291600
  62.740000000000002        -8.898546460381638


# Temperature: 790.000000
# Parameters: -8.920000 0.154869 8.062057 61.093249
  49.229999999999997        -8.580429424470962
  50.009999999999998        -8.636434095883292
  50.799999999999997        -8.686120587052184
  51.600000000000001        -8.729966664454203
  52.399999999999999        -8.768048979674473
  53.219999999999999        -8.801166504138200
  54.039999999999999        -8.829288617879348
  54.869999999999997        -8.852969231592919
  55.710000000000001        -8.872201207532386
  56.560000000000002        -8.887582406590584
  57.420000000000002        -8.899041272998158
  58.280000000000001        -8.907582010492616
  59.159999999999997        -8.913721181158930
  60.039999999999999        -8.917636519305457
  60.930000000000000        -8.920138866681199
  61.829999999999998        -8.922361711231977
  62.740000000000002        -8.915277116608122


# Temperature: 800.000000
# Parameters: -8.936406 0.151997 8.122825 61.197219
  49.229999999999997        -8.594604525927751
  50.009999999999998        -8.650714343828509
  50.799999999999997        -8.700511941973701
  51.600000000000001        -8.744476574111687
  52.399999999999999        -8.782681300610326
  53.219999999999999        -8.815930471947523
  54.039999999999999        -8.844188591771317
  54.869999999999997        -8.868012740168455
  55.710000000000001        -8.887392845269448
  56.560000000000002        -8.902931921078878
  57.420000000000002        -8.914555088008131
  58.280000000000001        -8.923276732683483
  59.159999999999997        -8.929617435414819
  60.039999999999999        -8.933754545996326
  60.930000000000000        -8.936503952536846
  61.829999999999998        -8.939008599336107
  62.740000000000002        -8.932072181549387


# Temperature: 810.000000
# Parameters: -8.952904 0.149109 8.184486 61.303807
  49.229999999999997        -8.608844002933679
  50.009999999999998        -8.665058982869262
  50.799999999999997        -8.714967699391444
  51.600000000000001        -8.759050900775364
  52.399999999999999        -8.797378049953062
  53.219999999999999        -8.830758880600843
  54.039999999999999        -8.859153017907975
  54.869999999999997        -8.883120712389371
  55.710000000000001        -8.902648958052575
  56.560000000000002        -8.918345918904652
  57.420000000000002        -8.930133395683420
  58.280000000000001        -8.939035957903929
  59.159999999999997        -8.945578202028125
  60.039999999999999        -8.949937092299596
  60.930000000000000        -8.952933532094235
  61.829999999999998        -8.955719894082169
  62.740000000000002        -8.948930850938599


# Temperature: 820.000000
# Parameters: -8.969493 0.146205 8.247092 61.413139
  49.229999999999997        -8.623147067804730
  50.009999999999998        -8.679467222212253
  50.799999999999997        -8.729487071621394
  51.600000000000001        -8.773688853651938
  52.399999999999999        -8.812138437945812
  53.219999999999999        -8.845650940341294
  54.039999999999999        -8.874181105496026
  54.869999999999997        -8.898292357462369
  55.710000000000001        -8.917968751979199
  56.560000000000002        -8.933823609274610
  57.420000000000002        -8.945775404194302
  58.280000000000001        -8.954858891214954
  59.159999999999997        -8.961602685023420
  60.039999999999999        -8.966183364312691
  60.930000000000000        -8.969426812487217
  61.829999999999998        -8.972494800531157
  62.740000000000002        -8.965852343310296


# Temperature: 830.000000
# Parameters: -8.986174 0.143284 8.310665 61.525343
  49.229999999999997        -8.637512949439710
  50.009999999999998        -8.693938291792715
  50.799999999999997        -8.744069286525930
  51.600000000000001        -8.788389661640215
  52.399999999999999        -8.826961692450954
  53.219999999999999        -8.860605877994827
  54.039999999999999        -8.889272083434275
  54.869999999999997        -8.913526901176976
  55.710000000000001        -8.933351454911692
  56.560000000000002        -8.949364217978276
  57.420000000000002        -8.961480340366732
  58.280000000000001        -8.970744759442509
  59.159999999999997        -8.977690112263083
  60.039999999999999        -8.982492586788714
  60.930000000000000        -8.985983018468893
  61.829999999999998        -8.989332546545455
  62.740000000000002        -8.982835892745413


# Temperature: 840.000000
# Parameters: -9.002947 0.140348 8.375250 61.640562
  49.229999999999997        -8.651940898502373
  50.009999999999998        -8.708471440201553
  50.799999999999997        -8.758713591659530
  51.600000000000001        -8.803152572294671
  52.399999999999999        -8.841847062059394
  53.219999999999999        -8.875622941115919
  54.039999999999999        -8.904425196167921
  54.869999999999997        -8.928823590051241
  55.710000000000001        -8.948796312331684
  56.560000000000002        -8.964966989460850
  57.420000000000002        -8.977247447609479
  58.280000000000001        -8.986692808068218
  59.159999999999997        -8.993839726119459
  60.039999999999999        -8.998864003136433
  60.930000000000000        -9.002601395520889
  61.829999999999998        -9.006232377606684
  62.740000000000002        -8.999880755089842


# Temperature: 850.000000
# Parameters: -9.019813 0.137395 8.440886 61.758945
  49.229999999999997        -8.666430179130023
  50.009999999999998        -8.723065934685343
  50.799999999999997        -8.773419254268774
  51.600000000000001        -8.817976850789035
  52.399999999999999        -8.856793809872002
  53.219999999999999        -8.890701393841873
  54.039999999999999        -8.919639708870690
  54.869999999999997        -8.944181688222470
  55.710000000000001        -8.964302587340047
  56.560000000000002        -8.980631186823206
  57.420000000000002        -8.993075990059845
  58.280000000000001        -9.002702298120106
  59.159999999999997        -9.010050789693423
  60.039999999999999        -9.015296877493151
  60.930000000000000        -9.019281203634797
  61.829999999999998        -9.023193554742868
  62.740000000000002        -9.016986200699440


# Temperature: 860.000000
# Parameters: -9.036771 0.134426 8.507626 61.880659
  49.229999999999997        -8.680980077224909
  50.009999999999998        -8.737721057000634
  50.799999999999997        -8.788185555073785
  51.600000000000001        -8.832861779916280
  52.399999999999999        -8.871801217645329
  53.219999999999999        -8.905840516892807
  54.039999999999999        -8.934914902262705
  54.869999999999997        -8.959600476410778
  55.710000000000001        -8.979869560656903
  56.560000000000002        -8.996356091821893
  57.420000000000002        -9.008965246365101
  58.280000000000001        -9.018772510318293
  59.159999999999997        -9.026322581632241
  60.039999999999999        -9.031790486433284
  60.930000000000000        -9.036021723530741
  61.829999999999998        -9.040215359710553
  62.740000000000002        -9.034151519622167


# Temperature: 870.000000
# Parameters: -9.053821 0.131440 8.575492 62.005868
  49.229999999999997        -8.695589891126403
  50.009999999999998        -8.752436106523223
  50.799999999999997        -8.803011795523206
  51.600000000000001        -8.847806658015775
  52.399999999999999        -8.886868584755168
  53.219999999999999        -8.921039609644517
  54.039999999999999        -8.950250074683332
  54.869999999999997        -8.975079250882684
  55.710000000000001        -8.995496529585193
  56.560000000000002        -9.012140999686997
  57.420000000000002        -9.024914513828184
  58.280000000000001        -9.034902739892866
  59.159999999999997        -9.042654399238861
  60.039999999999999        -9.048344127259773
  60.930000000000000        -9.052822251475236
  61.829999999999998        -9.057297087739830
  62.740000000000002        -9.051376017452373


# Temperature: 880.000000
# Parameters: -9.070965 0.128438 8.644573 62.134773
  49.229999999999997        -8.710258936793121
  50.009999999999998        -8.767210399211725
  50.799999999999997        -8.817897288466378
  51.600000000000001        -8.862810798973284
  52.399999999999999        -8.901995226123713
  53.219999999999999        -8.936297985982769
  54.039999999999999        -8.965644538981913
  54.869999999999997        -8.990617326560381
  55.710000000000001        -9.011182806974258
  56.560000000000002        -9.027985224304286
  57.420000000000002        -9.040923104262010
  58.280000000000001        -9.051092299693167
  59.159999999999997        -9.059045553289764
  60.039999999999999        -9.064957111785532
  60.930000000000000        -9.069682099281193
  61.829999999999998        -9.074438053752887
  62.740000000000002        -9.068659015330807


# Temperature: 890.000000
# Parameters: -9.088203 0.125421 8.714873 62.267561
  49.229999999999997        -8.724986546766502
  50.009999999999998        -8.782043266571153
  50.799999999999997        -8.832841365408314
  51.600000000000001        -8.877873534293819
  52.399999999999999        -8.917180470146693
  53.219999999999999        -8.951614974303293
  54.039999999999999        -8.981097625627029
  54.869999999999997        -9.006214031839598
  55.710000000000001        -9.026927721219828
  56.560000000000002        -9.043888094069491
  57.420000000000002        -9.056990348135164
  58.280000000000001        -9.067340518114927
  59.159999999999997        -9.075495373217111
  60.039999999999999        -9.081628767369864
  60.930000000000000        -9.086600593271493
  61.829999999999998        -9.091637585109034
  62.740000000000002        -9.085999849944615


# Temperature: 900.000000
# Parameters: -9.105534 0.122387 8.786488 62.404460
  49.229999999999997        -8.739772066025099
  50.009999999999998        -8.796934053580062
  50.799999999999997        -8.847843372363993
  51.600000000000001        -8.892994208955935
  52.399999999999999        -8.932423662839090
  53.219999999999999        -8.966989920621074
  54.039999999999999        -8.996608677524383
  54.869999999999997        -9.021868710662465
  55.710000000000001        -9.042730617300457
  56.560000000000002        -9.059848952924742
  57.420000000000002        -9.073115586280494
  58.280000000000001        -9.083646739100272
  59.159999999999997        -9.092003200890176
  60.039999999999999        -9.098358436918474
  60.930000000000000        -9.103577078424690
  61.829999999999998        -9.108895025750398
  62.740000000000002        -9.103397873527335


# Temperature: 910.000000
# Parameters: -9.122961 0.119336 8.859448 62.545699
  49.229999999999997        -8.754614855093863
  50.009999999999998        -8.811882120763398
  50.799999999999997        -8.862902669858364
  51.600000000000001        -8.908172182448153
  52.399999999999999        -8.947724162653003
  53.219999999999999        -8.982422183388206
  54.039999999999999        -9.012177054162501
  54.869999999999997        -9.037580721481078
  55.710000000000001        -9.058590851595390
  56.560000000000002        -9.075867157249281
  57.420000000000002        -9.089298177150097
  58.280000000000001        -9.100010317992023
  59.159999999999997        -9.108568392688204
  60.039999999999999        -9.115145477847030
  60.930000000000000        -9.120610910083604
  61.829999999999998        -9.126209734129075
  62.740000000000002        -9.120852450749622


# Temperature: 920.000000
# Parameters: -9.140483 0.116270 8.933834 62.691537
  49.229999999999997        -8.769514290044135
  50.009999999999998        -8.826886843156084
  50.799999999999997        -8.878018629817067
  51.600000000000001        -8.923406828768966
  52.399999999999999        -8.963081344623347
  53.219999999999999        -8.997911135566753
  54.039999999999999        -9.027802128503446
  54.869999999999997        -9.053349437257502
  55.710000000000001        -9.074507798103120
  56.560000000000002        -9.091942080005172
  57.420000000000002        -9.105537493706038
  58.280000000000001        -9.116430627752244
  59.159999999999997        -9.125190322609686
  60.039999999999999        -9.131989261044746
  60.930000000000000        -9.137701461210296
  61.829999999999998        -9.143581081134277
  62.740000000000002        -9.138362961828523


# Temperature: 930.000000
# Parameters: -9.158101 0.113188 9.009723 62.842256
  49.229999999999997        -8.784469757311527
  50.009999999999998        -8.841947606157296
  50.799999999999997        -8.893190640748562
  51.600000000000001        -8.938697533317557
  52.399999999999999        -8.978494593112879
  53.219999999999999        -9.013456163592325
  54.039999999999999        -9.043483286982825
  54.869999999999997        -9.069174243390920
  55.710000000000001        -9.090480842222828
  56.560000000000002        -9.108073107628027
  57.420000000000002        -9.121832920311071
  58.280000000000001        -9.132907053780116
  59.159999999999997        -9.141868372944526
  60.039999999999999        -9.148889169837950
  60.930000000000000        -9.154848116167525
  61.829999999999998        -9.161008453201614
  62.740000000000002        -9.155928801491061


# Temperature: 940.000000
# Parameters: -9.175816 0.110090 9.087171 62.998150
  49.229999999999997        -8.799480657841613
  50.009999999999998        -8.857063812785468
  50.799999999999997        -8.908418102562001
  51.600000000000001        -8.954043698075926
  52.399999999999999        -8.993963310103601
  53.219999999999999        -9.029056667374071
  54.039999999999999        -9.059219927436937
  54.869999999999997        -9.085054538754054
  55.710000000000001        -9.106509382827236
  56.560000000000002        -9.124259636917715
  57.420000000000002        -9.138183855837923
  58.280000000000001        -9.149438993911938
  59.159999999999997        -9.158601943601871
  60.039999999999999        -9.165844605172222
  60.930000000000000        -9.172050272791587
  61.829999999999998        -9.178491249203809
  62.740000000000002        -9.173549373792088


# Temperature: 950.000000
# Parameters: -9.193630 0.106977 9.166240 63.159541
  49.229999999999997        -8.814546406053513
  50.009999999999998        -8.872234875386864
  50.799999999999997        -8.923700428640073
  51.600000000000001        -8.969444735390343
  52.399999999999999        -9.009486905868927
  53.219999999999999        -9.044712059258257
  54.039999999999999        -9.075011464284902
  54.869999999999997        -9.100989736729598
  55.710000000000001        -9.122592831226186
  56.560000000000002        -9.140501081256929
  57.420000000000002        -9.154589710560007
  58.280000000000001        -9.166025859457548
  59.159999999999997        -9.175390445891564
  60.039999999999999        -9.182854975248118
  60.930000000000000        -9.189307341355894
  61.829999999999998        -9.196028880450701
  62.740000000000002        -9.191224099369281


# Temperature: 960.000000
# Parameters: -9.211543 0.103849 9.247034 63.326796
  49.229999999999997        -8.829666427767036
  50.009999999999998        -8.887460220817720
  50.799999999999997        -8.939037044802591
  51.600000000000001        -8.984900070044187
  52.399999999999999        -9.025064808301517
  53.219999999999999        -9.060421764028268
  54.039999999999999        -9.090857319200820
  54.869999999999997        -9.116979261064509
  55.710000000000001        -9.138730611166633
  56.560000000000002        -9.156796864392623
  57.420000000000002        -9.171049910297130
  58.280000000000001        -9.182667074163904
  59.159999999999997        -9.192233300451282
  60.039999999999999        -9.199919704849023
  60.930000000000000        -9.206618747680258
  61.829999999999998        -9.213620771725672
  62.740000000000002        -9.208952408188157


# Temperature: 970.000000
# Parameters: -9.229556 0.100706 9.329644 63.500308
  49.229999999999997        -8.844840160202679
  50.009999999999998        -8.902739284225680
  50.799999999999997        -8.954427388270050
  51.600000000000001        -9.000409139257957
  52.399999999999999        -9.040696451512593
  53.219999999999999        -9.076185217868174
  54.039999999999999        -9.106756931478044
  54.869999999999997        -9.133022546906430
  55.710000000000001        -9.154922159869077
  56.560000000000002        -9.173146420436019
  57.420000000000002        -9.187563888124085
  58.280000000000001        -9.199362073178651
  59.159999999999997        -9.209129945537949
  60.039999999999999        -9.217038229122581
  60.930000000000000        -9.223983923803043
  61.829999999999998        -9.231266358176370
  62.740000000000002        -9.226733744724196


