        0.000000000000000        56.861250640119039
       10.000000000000000        56.861437223708968
       20.000000000000000        56.864763571863982
       30.000000000000000        56.873927488912393
       40.000000000000000        56.888902409917911
       50.000000000000000        56.908685869402838
       60.000000000000000        56.932160019803447
       70.000000000000000        56.958426049505313
       80.000000000000000        56.986833826105219
       90.000000000000000        57.016927033488486
      100.000000000000000        57.048386129475617
      110.000000000000000        57.080985095433462
      120.000000000000000        57.114561920443826
      130.000000000000000        57.148999014759440
      140.000000000000000        57.184209908263973
      150.000000000000000        57.220130517667471
      160.000000000000000        57.256712973890714
      170.000000000000000        57.293921517117163
      180.000000000000000        57.331729425665685
      190.000000000000000        57.370117011088958
      200.000000000000000        57.409070019583609
      210.000000000000000        57.448578483520940
      220.000000000000000        57.488635773539613
      230.000000000000000        57.529238303286355
      240.000000000000000        57.570384565515859
      250.000000000000000        57.612075153773958
      260.000000000000000        57.654312363819180
      270.000000000000000        57.697099720451085
      280.000000000000000        57.740442196924185
      290.000000000000000        57.784345905014611
      300.000000000000000        57.828817887347974
      310.000000000000000        57.873866142089028
      320.000000000000000        57.919499464867975
      330.000000000000000        57.965727719311786
      340.000000000000000        58.012561237806224
      350.000000000000000        58.060011437047500
      360.000000000000000        58.108090042745729
      370.000000000000000        58.156810000262809
      380.000000000000000        58.206184609877980
      390.000000000000000        58.256228104312399
      400.000000000000000        58.306955363958743
      410.000000000000000        58.358381929375412
      420.000000000000000        58.410524235940883
      430.000000000000000        58.463399482161968
      440.000000000000000        58.517025572824274
      450.000000000000000        58.571421251506230
      460.000000000000000        58.626606237525884
      470.000000000000000        58.682600947189584
      480.000000000000000        58.739426846154032
      490.000000000000000        58.797106183840306
      500.000000000000000        58.855662612046835
      510.000000000000000        58.915120210923853
      520.000000000000000        58.975504817234572
      530.000000000000000        59.036842866248421
      540.000000000000000        59.099162386049422
      550.000000000000000        59.162492450714431
      560.000000000000000        59.226863632896027
      570.000000000000000        59.292307824955550
      580.000000000000000        59.358858432431994
      590.000000000000000        59.426550352235815
      600.000000000000000        59.495420548010266
      610.000000000000000        59.565507158818782
      620.000000000000000        59.636850804745244
      630.000000000000000        59.709493549895079
      640.000000000000000        59.783479972871532
      650.000000000000000        59.858857086070671
      660.000000000000000        59.935673609935542
      670.000000000000000        60.013982091943561
      680.000000000000000        60.093835657709278
      690.000000000000000        60.175293069545006
      700.000000000000000        60.258413380674334
      710.000000000000000        60.343262215541159
      720.000000000000000        60.429906779970921
      730.000000000000000        60.518416927219086
      740.000000000000000        60.608870349547395
      750.000000000000000        60.701346123746319
      760.000000000000000        60.795928873083085
      770.000000000000000        60.892708162464459
      780.000000000000000        60.991782009902032
      790.000000000000000        61.093248705559581
      800.000000000000000        61.197219402057861
      810.000000000000000        61.303806971698947
      820.000000000000000        61.413138818120622
      830.000000000000000        61.525343151882048
      840.000000000000000        61.640561801920342
      850.000000000000000        61.758945353680950
      860.000000000000000        61.880658754549458
      870.000000000000000        62.005867887587009
      880.000000000000000        62.134773484562146
      890.000000000000000        62.267560522897789
      900.000000000000000        62.404460026493808
      910.000000000000000        62.545698690558439
      920.000000000000000        62.691536605083691
      930.000000000000000        62.842255779796389
      940.000000000000000        62.998150139915772
      950.000000000000000        63.159541378607202
      960.000000000000000        63.326796153275737
      970.000000000000000        63.500307651409898
