# Sigma = 0.500000
      -15.0000000000        0.0000000000
      -14.9000000000        0.0000000000
      -14.8000000000        0.0000000000
      -14.7000000000        0.0000000000
      -14.6000000000        0.0000000000
      -14.5000000000        0.0000000000
      -14.4000000000        0.0000000000
      -14.3000000000        0.0000000000
      -14.2000000000        0.0000000000
      -14.1000000000        0.0000000000
      -14.0000000000        0.0000000000
      -13.9000000000        0.0000000000
      -13.8000000000        0.0000000000
      -13.7000000000        0.0000000000
      -13.6000000000        0.0000000000
      -13.5000000000        0.0000000000
      -13.4000000000        0.0000000000
      -13.3000000000        0.0000000000
      -13.2000000000        0.0000000000
      -13.1000000000        0.0000000000
      -13.0000000000        0.0000000000
      -12.9000000000        0.0000000000
      -12.8000000000        0.0000000000
      -12.7000000000        0.0000000000
      -12.6000000000        0.0000000000
      -12.5000000000        0.0000000000
      -12.4000000000        0.0000000000
      -12.3000000000        0.0000000000
      -12.2000000000        0.0000000000
      -12.1000000000        0.0000000000
      -12.0000000000        0.0000000000
      -11.9000000000        0.0000000000
      -11.8000000000        0.0000000000
      -11.7000000000        0.0000000000
      -11.6000000000        0.0000000000
      -11.5000000000        0.0000000000
      -11.4000000000        0.0000000000
      -11.3000000000        0.0000000000
      -11.2000000000        0.0000000000
      -11.1000000000        0.0000000000
      -11.0000000000        0.0000000000
      -10.9000000000        0.0000000000
      -10.8000000000        0.0000000000
      -10.7000000000        0.0000000000
      -10.6000000000        0.0000000000
      -10.5000000000        0.0000000000
      -10.4000000000        0.0000000000
      -10.3000000000        0.0000000000
      -10.2000000000        0.0000000000
      -10.1000000000        0.0000000000
      -10.0000000000        0.0000000000
       -9.9000000000        0.0000000000
       -9.8000000000        0.0000000000
       -9.7000000000        0.0000000000
       -9.6000000000        0.0000000000
       -9.5000000000        0.0000000000
       -9.4000000000        0.0000000000
       -9.3000000000        0.0000000000
       -9.2000000000        0.0000000000
       -9.1000000000        0.0000000000
       -9.0000000000        0.0000000000
       -8.9000000000        0.0000000000
       -8.8000000000        0.0000000000
       -8.7000000000        0.0000000000
       -8.6000000000        0.0000000000
       -8.5000000000        0.0000000000
       -8.4000000000        0.0000000000
       -8.3000000000        0.0000000000
       -8.2000000000        0.0000000000
       -8.1000000000        0.0000000000
       -8.0000000000        0.0000000000
       -7.9000000000        0.0000000000
       -7.8000000000        0.0000000000
       -7.7000000000        0.0000000000
       -7.6000000000        0.0000000000
       -7.5000000000        0.0000000000
       -7.4000000000        0.0000000000
       -7.3000000000        0.0000000000
       -7.2000000000        0.0000000000
       -7.1000000000        0.0000000000
       -7.0000000000        0.0000000000
       -6.9000000000        0.0000000000
       -6.8000000000        0.0000000000
       -6.7000000000        0.0000000000
       -6.6000000000        0.0000000000
       -6.5000000000        0.0000000000
       -6.4000000000        0.0000000000
       -6.3000000000        0.0000000000
       -6.2000000000        0.0000000000
       -6.1000000000        0.0000000000
       -6.0000000000        0.0000000000
       -5.9000000000        0.0000000000
       -5.8000000000        0.0000000000
       -5.7000000000        0.0000000000
       -5.6000000000        0.0000000000
       -5.5000000000        0.0000000000
       -5.4000000000        0.0000000000
       -5.3000000000        0.0000000000
       -5.2000000000        0.0000000000
       -5.1000000000        0.0000000000
       -5.0000000000        0.0000000000
       -4.9000000000        0.0000000000
       -4.8000000000        0.0000000000
       -4.7000000000        0.0000000000
       -4.6000000000        0.0000000000
       -4.5000000000        0.0000000000
       -4.4000000000        0.0000000000
       -4.3000000000        0.0000000000
       -4.2000000000        0.0000000000
       -4.1000000000        0.0000000000
       -4.0000000000        0.0000000000
       -3.9000000000        0.0000000000
       -3.8000000000        0.0000000000
       -3.7000000000        0.0000000001
       -3.6000000000        0.0000000005
       -3.5000000000        0.0000000016
       -3.4000000000        0.0000000051
       -3.3000000000        0.0000000163
       -3.2000000000        0.0000000496
       -3.1000000000        0.0000001451
       -3.0000000000        0.0000004087
       -2.9000000000        0.0000011073
       -2.8000000000        0.0000028858
       -2.7000000000        0.0000072352
       -2.6000000000        0.0000174533
       -2.5000000000        0.0000405118
       -2.4000000000        0.0000904936
       -2.3000000000        0.0001945567
       -2.2000000000        0.0004026603
       -2.1000000000        0.0008023844
       -2.0000000000        0.0015398699
       -1.9000000000        0.0028469255
       -1.8000000000        0.0050725374
       -1.7000000000        0.0087145091
       -1.6000000000        0.0144443943
       -1.5000000000        0.0231175311
       -1.4000000000        0.0357614633
       -1.3000000000        0.0535417343
       -1.2000000000        0.0777140862
       -1.1000000000        0.1095843495
       -1.0000000000        0.1505070320
       -0.9000000000        0.2019543668
       -0.8000000000        0.2656736132
       -0.7000000000        0.3439200080
       -0.6000000000        0.4397110049
       -0.5000000000        0.5570066763
       -0.4000000000        0.7006980881
       -0.3000000000        0.8762951309
       -0.2000000000        1.0892542971
       -0.1000000000        1.3439689221
       -0.0000000000        1.6425407372
        0.1000000000        1.9835368365
        0.2000000000        2.3609867449
        0.3000000000        2.7638756811
        0.4000000000        3.1763396867
        0.5000000000        3.5786730732
        0.6000000000        3.9491309767
        0.7000000000        4.2663644534
        0.8000000000        4.5121806452
        0.9000000000        4.6742007519
        1.0000000000        4.7479260112
        1.1000000000        4.7377503984
        1.2000000000        4.6566004790
        1.3000000000        4.5241322968
        1.4000000000        4.3637291792
        1.5000000000        4.1988457365
        1.6000000000        4.0494411004
        1.7000000000        3.9292646676
        1.8000000000        3.8445736846
        1.9000000000        3.7945110264
        2.0000000000        3.7729482307
        2.1000000000        3.7712273240
        2.2000000000        3.7810273487
        2.3000000000        3.7965988417
        2.4000000000        3.8158401250
        2.5000000000        3.8400530263
        2.6000000000        3.8725934755
        2.7000000000        3.9169094001
        2.8000000000        3.9745635616
        2.9000000000        4.0437661958
        3.0000000000        4.1187439544
        3.1000000000        4.1900301645
        3.2000000000        4.2455527940
        3.3000000000        4.2722630510
        3.4000000000        4.2579918970
        3.5000000000        4.1932216746
        3.6000000000        4.0724920259
        3.7000000000        3.8952151798
        3.8000000000        3.6657621416
        3.9000000000        3.3928042858
        4.0000000000        3.0880417624
        4.1000000000        2.7645845155
        4.2000000000        2.4353260792
        4.3000000000        2.1116309011
        4.4000000000        1.8025437876
        4.5000000000        1.5145648056
        4.6000000000        1.2518759498
        4.7000000000        1.0168118741
        4.8000000000        0.8103602057
        4.9000000000        0.6325435266
        5.0000000000        0.4826343809
        5.1000000000        0.3592411645
        5.2000000000        0.2603465001
        5.3000000000        0.1833753754
        5.4000000000        0.1253334971
        5.5000000000        0.0830113690
        5.6000000000        0.0532171380
        5.7000000000        0.0329907522
        5.8000000000        0.0197613401
        5.9000000000        0.0114299135
        6.0000000000        0.0063803165
        6.1000000000        0.0034357890
        6.2000000000        0.0017841963
        6.3000000000        0.0008932476
        6.4000000000        0.0004310891
        6.5000000000        0.0002006899
        6.6000000000        0.0000906279
        6.7000000000        0.0000411303
        6.8000000000        0.0000225082
        6.9000000000        0.0000229350
        7.0000000000        0.0000432678
        7.1000000000        0.0000978582
        7.2000000000        0.0002217583
        7.3000000000        0.0004862212
        7.4000000000        0.0010256496
        7.5000000000        0.0020796461
        7.6000000000        0.0040527108
        7.7000000000        0.0075903039
        7.8000000000        0.0136624850
        7.9000000000        0.0236351337
        8.0000000000        0.0392957228
        8.1000000000        0.0627902741
        8.2000000000        0.0964273796
        8.3000000000        0.1423214056
        8.4000000000        0.2018844703
        8.5000000000        0.2752322733
        8.6000000000        0.3606288399
        8.7000000000        0.4541371919
        8.8000000000        0.5496421574
        8.9000000000        0.6393521772
        9.0000000000        0.7147730520
        9.1000000000        0.7680063787
        9.2000000000        0.7931052135
        9.3000000000        0.7871667684
        9.4000000000        0.7508847326
        9.5000000000        0.6884159739
        9.6000000000        0.6065970166
        9.7000000000        0.5137144089
        9.8000000000        0.4181343119
        9.9000000000        0.3271017299
       10.0000000000        0.2459366170
       10.1000000000        0.1777203535
       10.2000000000        0.1234312179
       10.3000000000        0.0823923592
       10.4000000000        0.0528595058
       10.5000000000        0.0325936956
       10.6000000000        0.0193160588
       10.7000000000        0.0110021574
       10.8000000000        0.0060229821
       10.9000000000        0.0031689807
       11.0000000000        0.0016025139
       11.1000000000        0.0007788574
       11.2000000000        0.0003638211
       11.3000000000        0.0001633396
       11.4000000000        0.0000704803
       11.5000000000        0.0000292292
       11.6000000000        0.0000116504
       11.7000000000        0.0000044631
       11.8000000000        0.0000016432
       11.9000000000        0.0000005815
       12.0000000000        0.0000001978
       12.1000000000        0.0000000646
       12.2000000000        0.0000000203
       12.3000000000        0.0000000061
       12.4000000000        0.0000000018
       12.5000000000        0.0000000005
       12.6000000000        0.0000000001
       12.7000000000        0.0000000000
       12.8000000000        0.0000000000
       12.9000000000        0.0000000000
       13.0000000000        0.0000000000
       13.1000000000        0.0000000000
       13.2000000000        0.0000000000
       13.3000000000        0.0000000000
       13.4000000000        0.0000000000
       13.5000000000        0.0000000000
       13.6000000000        0.0000000000
       13.7000000000        0.0000000000
       13.8000000000        0.0000000000
       13.9000000000        0.0000000000
       14.0000000000        0.0000000000
       14.1000000000        0.0000000000
       14.2000000000        0.0000000000
       14.3000000000        0.0000000000
       14.4000000000        0.0000000000
       14.5000000000        0.0000000000
       14.6000000000        0.0000000000
       14.7000000000        0.0000000000
       14.8000000000        0.0000000000
       14.9000000000        0.0000000000
       15.0000000000        0.0000000000
       15.1000000000        0.0000000000
       15.2000000000        0.0000000000
       15.3000000000        0.0000000000
       15.4000000000        0.0000000000
       15.5000000000        0.0000000000
       15.6000000000        0.0000000000
       15.7000000000        0.0000000000
       15.8000000000        0.0000000000
       15.9000000000        0.0000000000
       16.0000000000        0.0000000000
       16.1000000000        0.0000000000
       16.2000000000        0.0000000000
       16.3000000000        0.0000000000
       16.4000000000        0.0000000000
       16.5000000000        0.0000000000
       16.6000000000        0.0000000000
       16.7000000000        0.0000000000
       16.8000000000        0.0000000000
       16.9000000000        0.0000000000
       17.0000000000        0.0000000000
       17.1000000000        0.0000000000
       17.2000000000        0.0000000000
       17.3000000000        0.0000000000
       17.4000000000        0.0000000000
       17.5000000000        0.0000000000
       17.6000000000        0.0000000000
       17.7000000000        0.0000000000
       17.8000000000        0.0000000000
       17.9000000000        0.0000000000
       18.0000000000        0.0000000000
       18.1000000000        0.0000000000
       18.2000000000        0.0000000000
       18.3000000000        0.0000000000
       18.4000000000        0.0000000000
       18.5000000000        0.0000000000
       18.6000000000        0.0000000000
       18.7000000000        0.0000000000
       18.8000000000        0.0000000000
       18.9000000000        0.0000000000
       19.0000000000        0.0000000000
       19.1000000000        0.0000000000
       19.2000000000        0.0000000000
       19.3000000000        0.0000000000
       19.4000000000        0.0000000000
       19.5000000000        0.0000000000
       19.6000000000        0.0000000000
       19.7000000000        0.0000000000
       19.8000000000        0.0000000000
       19.9000000000        0.0000000000
       20.0000000000        0.0000000000
       20.1000000000        0.0000000000
       20.2000000000        0.0000000000
       20.3000000000        0.0000000000
       20.4000000000        0.0000000000
       20.5000000000        0.0000000000
       20.6000000000        0.0000000000
       20.7000000000        0.0000000000
       20.8000000000        0.0000000000
       20.9000000000        0.0000000000
       21.0000000000        0.0000000000
       21.1000000000        0.0000000000
       21.2000000000        0.0000000000
       21.3000000000        0.0000000000
       21.4000000000        0.0000000000
       21.5000000000        0.0000000000
       21.6000000000        0.0000000000
       21.7000000000        0.0000000000
       21.8000000000        0.0000000000
       21.9000000000        0.0000000000
       22.0000000000        0.0000000000
       22.1000000000        0.0000000000
       22.2000000000        0.0000000000
       22.3000000000        0.0000000000
       22.4000000000        0.0000000000
       22.5000000000        0.0000000000
       22.6000000000        0.0000000000
       22.7000000000        0.0000000000
       22.8000000000        0.0000000001
       22.9000000000        0.0000000003
       23.0000000000        0.0000000012
       23.1000000000        0.0000000041
       23.2000000000        0.0000000137
       23.3000000000        0.0000000443
       23.4000000000        0.0000001375
       23.5000000000        0.0000004099
       23.6000000000        0.0000011746
       23.7000000000        0.0000032348
       23.8000000000        0.0000085610
       23.9000000000        0.0000217741
       24.0000000000        0.0000532227
       24.1000000000        0.0001250243
       24.2000000000        0.0002822510
       24.3000000000        0.0006123815
       24.4000000000        0.0012769009
       24.5000000000        0.0025588489
       24.6000000000        0.0049282150
       24.7000000000        0.0091221964
       24.8000000000        0.0162287161
       24.9000000000        0.0277497122
       25.0000000000        0.0456082548
       25.1000000000        0.0720559212
       25.2000000000        0.1094414282
       25.3000000000        0.1598250509
       25.4000000000        0.2244678932
       25.5000000000        0.3032836602
       25.6000000000        0.3943954467
       25.7000000000        0.4939657928
       25.8000000000        0.5964408929
       25.9000000000        0.6952594296
       26.0000000000        0.7839376329
       26.1000000000        0.8572958381
       26.2000000000        0.9124944770
       26.3000000000        0.9495492425
       26.4000000000        0.9711157304
       26.5000000000        0.9815472984
       26.6000000000        0.9854683160
       26.7000000000        0.9862816765
       26.8000000000        0.9850732771
       26.9000000000        0.9802624745
       27.0000000000        0.9681110933
       27.1000000000        0.9439270535
       27.2000000000        0.9035805374
       27.3000000000        0.8448662730
       27.4000000000        0.7683184546
       27.5000000000        0.6772797470
       27.6000000000        0.5772659054
       27.7000000000        0.4748672485
       27.8000000000        0.3765265585
       27.9000000000        0.2875132186
       28.0000000000        0.2113026527
       28.1000000000        0.1494216911
       28.2000000000        0.1016892551
       28.3000000000        0.0667040542
       28.4000000000        0.0424160868
       28.5000000000        0.0266526764
       28.6000000000        0.0175267106
       28.7000000000        0.0137091711
       28.8000000000        0.0145830046
       28.9000000000        0.0203052299
       29.0000000000        0.0317929550
       29.1000000000        0.0506270441
       29.2000000000        0.0788476816
       29.3000000000        0.1186117043
       29.4000000000        0.1717012000
       29.5000000000        0.2389177644
       29.6000000000        0.3194575333
       29.7000000000        0.4104181787
       29.8000000000        0.5066136491
       29.9000000000        0.6008423606
       30.0000000000        0.6846625014
       30.1000000000        0.7495913800
       30.2000000000        0.7885052313
       30.3000000000        0.7969232574
       30.4000000000        0.7738563347
       30.5000000000        0.7219981703
       30.6000000000        0.6472078321
       30.7000000000        0.5574210203
       30.8000000000        0.4612695949
       30.9000000000        0.3667399508
       31.0000000000        0.2801518676
       31.1000000000        0.2056178084
       31.2000000000        0.1449972723
       31.3000000000        0.0982405624
       31.4000000000        0.0639519434
       31.5000000000        0.0399989464
       31.6000000000        0.0240367227
       31.7000000000        0.0138782226
       31.8000000000        0.0076988231
       31.9000000000        0.0041034271
       32.0000000000        0.0021013626
       32.1000000000        0.0010339205
       32.2000000000        0.0004887707
       32.3000000000        0.0002220011
       32.4000000000        0.0000968806
       32.5000000000        0.0000406210
       32.6000000000        0.0000163643
       32.7000000000        0.0000063339
       32.8000000000        0.0000023555
       32.9000000000        0.0000008417
       33.0000000000        0.0000002891
       33.1000000000        0.0000000960
       33.2000000000        0.0000000326
       33.3000000000        0.0000000175
       33.4000000000        0.0000000300
       33.5000000000        0.0000000871
       33.6000000000        0.0000002627
       33.7000000000        0.0000007666
       33.8000000000        0.0000021515
       33.9000000000        0.0000058023
       34.0000000000        0.0000150376
       34.1000000000        0.0000374513
       34.2000000000        0.0000896359
       34.3000000000        0.0002061764
       34.4000000000        0.0004557835
       34.5000000000        0.0009684265
       34.6000000000        0.0019778601
       34.7000000000        0.0038831666
       34.8000000000        0.0073297492
       34.9000000000        0.0133035892
       35.0000000000        0.0232222954
       35.1000000000        0.0389939964
       35.2000000000        0.0630043250
       35.3000000000        0.0979886614
       35.4000000000        0.1467579768
       35.5000000000        0.2117758435
       35.6000000000        0.2946287893
       35.7000000000        0.3954808757
       35.8000000000        0.5126379634
       35.9000000000        0.6423488633
       36.0000000000        0.7789296986
       36.1000000000        0.9152212568
       36.2000000000        1.0433015012
       36.3000000000        1.1553102017
       36.4000000000        1.2442266160
       36.5000000000        1.3044797264
       36.6000000000        1.3323431898
       36.7000000000        1.3261370141
       36.8000000000        1.2862915124
       36.9000000000        1.2153149697
       37.0000000000        1.1176617622
       37.1000000000        0.9994576025
       37.2000000000        0.8680351773
       37.3000000000        0.7312764103
       37.4000000000        0.5968286157
       37.5000000000        0.4713251623
       37.6000000000        0.3597639074
       37.7000000000        0.2651654997
       37.8000000000        0.1885610120
       37.9000000000        0.1292737566
       38.0000000000        0.0853948223
       38.1000000000        0.0543250231
       38.2000000000        0.0332689730
       38.3000000000        0.0196068418
       38.4000000000        0.0111171350
       38.5000000000        0.0060634706
       38.6000000000        0.0031814112
       38.7000000000        0.0016075957
       38.8000000000        0.0007875825
       38.9000000000        0.0003874974
       39.0000000000        0.0002231673
       39.1000000000        0.0002120063
       39.2000000000        0.0003483742
       39.3000000000        0.0007017837
       39.4000000000        0.0014377437
       39.5000000000        0.0028614434
       39.6000000000        0.0054831014
       39.7000000000        0.0100990642
       39.8000000000        0.0178738119
       39.9000000000        0.0303956770
       40.0000000000        0.0496665463
       40.1000000000        0.0779791660
       40.2000000000        0.1176427887
       40.3000000000        0.1705456019
       40.4000000000        0.2375920020
       40.5000000000        0.3181160610
       40.6000000000        0.4094302376
       40.7000000000        0.5066942589
       40.8000000000        0.6032593899
       40.9000000000        0.6915489292
       41.0000000000        0.7643915116
       41.1000000000        0.8165684933
       41.2000000000        0.8462221733
       41.3000000000        0.8557434456
       41.4000000000        0.8518362817
       41.5000000000        0.8446283547
       41.6000000000        0.8459184886
       41.7000000000        0.8668648904
       41.8000000000        0.9155706540
       41.9000000000        0.9950802634
       42.0000000000        1.1022501898
       42.1000000000        1.2278049867
       42.2000000000        1.3576604504
       42.3000000000        1.4753257346
       42.4000000000        1.5649401549
       42.5000000000        1.6143204756
       42.6000000000        1.6173477568
       42.7000000000        1.5751395520
       42.8000000000        1.4957190911
       42.9000000000        1.3922459389
       43.0000000000        1.2802184532
       43.1000000000        1.1743012460
       43.2000000000        1.0855047176
       43.3000000000        1.0193327702
       43.4000000000        0.9752555222
       43.5000000000        0.9475306422
       43.6000000000        0.9270785311
       43.7000000000        0.9038919657
       43.8000000000        0.8693802511
       43.9000000000        0.8181222114
       44.0000000000        0.7487015027
       44.1000000000        0.6635598298
       44.2000000000        0.5680528918
       44.3000000000        0.4690634782
       44.4000000000        0.3735786574
       44.5000000000        0.2875750955
       44.6000000000        0.2154143093
       44.7000000000        0.1597817274
       44.8000000000        0.1220601109
       44.9000000000        0.1029402926
       45.0000000000        0.1030473496
       45.1000000000        0.1233868970
       45.2000000000        0.1654756002
       45.3000000000        0.2310961296
       45.4000000000        0.3216995623
       45.5000000000        0.4375610104
       45.6000000000        0.5768680245
       45.7000000000        0.7349712566
       45.8000000000        0.9040341206
       45.9000000000        1.0732675417
       46.0000000000        1.2298254547
       46.1000000000        1.3602845375
       46.2000000000        1.4524746980
       46.3000000000        1.4973111140
       46.4000000000        1.4902437477
       46.5000000000        1.4320041998
       46.6000000000        1.3284804345
       46.7000000000        1.1897473620
       46.8000000000        1.0284702169
       46.9000000000        0.8580257061
       47.0000000000        0.6907206163
       47.1000000000        0.5364263397
       47.2000000000        0.4018166444
       47.3000000000        0.2902388488
       47.4000000000        0.2021110051
       47.5000000000        0.1356524526
       47.6000000000        0.0877336823
       47.7000000000        0.0546646559
       47.8000000000        0.0328059741
       47.9000000000        0.0189589674
       48.0000000000        0.0105488879
       48.1000000000        0.0056500148
       48.2000000000        0.0029125278
       48.3000000000        0.0014447769
       48.4000000000        0.0006895730
       48.5000000000        0.0003166304
       48.6000000000        0.0001398516
       48.7000000000        0.0000594127
       48.8000000000        0.0000242743
       48.9000000000        0.0000095375
       49.0000000000        0.0000036034
       49.1000000000        0.0000013090
       49.2000000000        0.0000004572
       49.3000000000        0.0000001535
       49.4000000000        0.0000000496
       49.5000000000        0.0000000154
       49.6000000000        0.0000000046
       49.7000000000        0.0000000013
       49.8000000000        0.0000000004
       49.9000000000        0.0000000001
       50.0000000000        0.0000000000
       50.1000000000        0.0000000000
       50.2000000000        0.0000000000
       50.3000000000        0.0000000000
       50.4000000000        0.0000000000
       50.5000000000        0.0000000000
       50.6000000000        0.0000000000
       50.7000000000        0.0000000000
       50.8000000000        0.0000000000
       50.9000000000        0.0000000000
       51.0000000000        0.0000000000
       51.1000000000        0.0000000000
       51.2000000000        0.0000000000
       51.3000000000        0.0000000000
       51.4000000000        0.0000000000
       51.5000000000        0.0000000000
       51.6000000000        0.0000000000
       51.7000000000        0.0000000000
       51.8000000000        0.0000000000
       51.9000000000        0.0000000000
       52.0000000000        0.0000000000
       52.1000000000        0.0000000000
       52.2000000000        0.0000000000
       52.3000000000        0.0000000000
       52.4000000000        0.0000000000
       52.5000000000        0.0000000000
       52.6000000000        0.0000000000
       52.7000000000        0.0000000000
       52.8000000000        0.0000000000
       52.9000000000        0.0000000000
       53.0000000000        0.0000000000
       53.1000000000        0.0000000000
       53.2000000000        0.0000000000
       53.3000000000        0.0000000000
       53.4000000000        0.0000000000
       53.5000000000        0.0000000000
       53.6000000000        0.0000000000
       53.7000000000        0.0000000000
       53.8000000000        0.0000000000
       53.9000000000        0.0000000000
       54.0000000000        0.0000000000
       54.1000000000        0.0000000000
       54.2000000000        0.0000000000
       54.3000000000        0.0000000000
       54.4000000000        0.0000000000
       54.5000000000        0.0000000000
       54.6000000000        0.0000000000
       54.7000000000        0.0000000000
       54.8000000000        0.0000000000
       54.9000000000        0.0000000000
       55.0000000000        0.0000000000
       55.1000000000        0.0000000000
       55.2000000000        0.0000000000
       55.3000000000        0.0000000000
       55.4000000000        0.0000000000
       55.5000000000        0.0000000000
       55.6000000000        0.0000000000
       55.7000000000        0.0000000000
       55.8000000000        0.0000000000
       55.9000000000        0.0000000000
       56.0000000000        0.0000000000
       56.1000000000        0.0000000000
       56.2000000000        0.0000000000
       56.3000000000        0.0000000000
       56.4000000000        0.0000000000
       56.5000000000        0.0000000000
       56.6000000000        0.0000000000
       56.7000000000        0.0000000000
       56.8000000000        0.0000000000
       56.9000000000        0.0000000000
       57.0000000000        0.0000000000
       57.1000000000        0.0000000000
       57.2000000000        0.0000000000
       57.3000000000        0.0000000000
       57.4000000000        0.0000000000
       57.5000000000        0.0000000000
       57.6000000000        0.0000000000
       57.7000000000        0.0000000000
       57.8000000000        0.0000000000
       57.9000000000        0.0000000000
       58.0000000000        0.0000000000
       58.1000000000        0.0000000000
       58.2000000000        0.0000000000
       58.3000000000        0.0000000000
       58.4000000000        0.0000000000
       58.5000000000        0.0000000000
       58.6000000000        0.0000000000
       58.7000000000        0.0000000000
       58.8000000000        0.0000000000
       58.9000000000        0.0000000000
       59.0000000000        0.0000000000
       59.1000000000        0.0000000000
       59.2000000000        0.0000000000
       59.3000000000        0.0000000000
       59.4000000000        0.0000000000
       59.5000000000        0.0000000000
       59.6000000000        0.0000000000
       59.7000000000        0.0000000000
       59.8000000000        0.0000000000
       59.9000000000        0.0000000000
       60.0000000000        0.0000000000
       60.1000000000        0.0000000000
       60.2000000000        0.0000000000
       60.3000000000        0.0000000000
       60.4000000000        0.0000000000
       60.5000000000        0.0000000000
       60.6000000000        0.0000000000
       60.7000000000        0.0000000000
       60.8000000000        0.0000000000
       60.9000000000        0.0000000000
       61.0000000000        0.0000000000
       61.1000000000        0.0000000000
       61.2000000000        0.0000000000
       61.3000000000        0.0000000000
       61.4000000000        0.0000000000
       61.5000000000        0.0000000000
       61.6000000000        0.0000000000
       61.7000000000        0.0000000000
       61.8000000000        0.0000000000
       61.9000000000        0.0000000000
       62.0000000000        0.0000000000
       62.1000000000        0.0000000000
       62.2000000000        0.0000000000
       62.3000000000        0.0000000000
       62.4000000000        0.0000000000
       62.5000000000        0.0000000000
       62.6000000000        0.0000000000
       62.7000000000        0.0000000000
       62.8000000000        0.0000000000
       62.9000000000        0.0000000000
       63.0000000000        0.0000000000
       63.1000000000        0.0000000000
       63.2000000000        0.0000000000
       63.3000000000        0.0000000000
       63.4000000000        0.0000000000
       63.5000000000        0.0000000000
       63.6000000000        0.0000000000
       63.7000000000        0.0000000000
       63.8000000000        0.0000000000
       63.9000000000        0.0000000000
       64.0000000000        0.0000000000
       64.1000000000        0.0000000000
       64.2000000000        0.0000000000
       64.3000000000        0.0000000000
       64.4000000000        0.0000000000
       64.5000000000        0.0000000000
       64.6000000000        0.0000000000
       64.7000000000        0.0000000000
       64.8000000000        0.0000000000
       64.9000000000        0.0000000000
       65.0000000000        0.0000000000
       65.1000000000        0.0000000000
       65.2000000000        0.0000000000
       65.3000000000        0.0000000000
       65.4000000000        0.0000000000
       65.5000000000        0.0000000000
       65.6000000000        0.0000000000
       65.7000000000        0.0000000000
       65.8000000000        0.0000000000
       65.9000000000        0.0000000000
       66.0000000000        0.0000000000
       66.1000000000        0.0000000000
       66.2000000000        0.0000000000
       66.3000000000        0.0000000000
       66.4000000000        0.0000000000
       66.5000000000        0.0000000000
       66.6000000000        0.0000000000
       66.7000000000        0.0000000000
       66.8000000000        0.0000000000
       66.9000000000        0.0000000000
       67.0000000000        0.0000000000
       67.1000000000        0.0000000000
       67.2000000000        0.0000000000
       67.3000000000        0.0000000000
       67.4000000000        0.0000000000
       67.5000000000        0.0000000000
       67.6000000000        0.0000000000
       67.7000000000        0.0000000000
       67.8000000000        0.0000000000
       67.9000000000        0.0000000000
       68.0000000000        0.0000000000
       68.1000000000        0.0000000000
       68.2000000000        0.0000000000
       68.3000000000        0.0000000000
       68.4000000000        0.0000000000
       68.5000000000        0.0000000000
       68.6000000000        0.0000000000
       68.7000000000        0.0000000000
       68.8000000000        0.0000000000
       68.9000000000        0.0000000000
       69.0000000000        0.0000000000
       69.1000000000        0.0000000000
       69.2000000000        0.0000000000
       69.3000000000        0.0000000000
       69.4000000000        0.0000000000
       69.5000000000        0.0000000000
       69.6000000000        0.0000000000
       69.7000000000        0.0000000000
       69.8000000000        0.0000000000
       69.9000000000        0.0000000000
       70.0000000000        0.0000000000
       70.1000000000        0.0000000000
       70.2000000000        0.0000000000
       70.3000000000        0.0000000000
       70.4000000000        0.0000000000
       70.5000000000        0.0000000000
       70.6000000000        0.0000000000
       70.7000000000        0.0000000000
       70.8000000000        0.0000000000
       70.9000000000        0.0000000000
       71.0000000000        0.0000000000
       71.1000000000        0.0000000000
       71.2000000000        0.0000000000
       71.3000000000        0.0000000000
       71.4000000000        0.0000000000
       71.5000000000        0.0000000000
       71.6000000000        0.0000000000
       71.7000000000        0.0000000000
       71.8000000000        0.0000000000
       71.9000000000        0.0000000000
       72.0000000000        0.0000000000
       72.1000000000        0.0000000000
       72.2000000000        0.0000000000
       72.3000000000        0.0000000000
       72.4000000000        0.0000000000
       72.5000000000        0.0000000000
       72.6000000000        0.0000000000
       72.7000000000        0.0000000000
       72.8000000000        0.0000000000
       72.9000000000        0.0000000000
       73.0000000000        0.0000000000
       73.1000000000        0.0000000000
       73.2000000000        0.0000000000
       73.3000000000        0.0000000000
       73.4000000000        0.0000000000
       73.5000000000        0.0000000000
       73.6000000000        0.0000000000
       73.7000000000        0.0000000000
       73.8000000000        0.0000000000
       73.9000000000        0.0000000000
       74.0000000000        0.0000000000
       74.1000000000        0.0000000000
       74.2000000000        0.0000000000
       74.3000000000        0.0000000000
       74.4000000000        0.0000000000
       74.5000000000        0.0000000000
       74.6000000000        0.0000000000
       74.7000000000        0.0000000000
       74.8000000000        0.0000000000
       74.9000000000        0.0000000000
       75.0000000000        0.0000000000
       75.1000000000        0.0000000000
       75.2000000000        0.0000000000
       75.3000000000        0.0000000000
       75.4000000000        0.0000000000
       75.5000000000        0.0000000000
       75.6000000000        0.0000000000
       75.7000000000        0.0000000000
       75.8000000000        0.0000000000
       75.9000000000        0.0000000000
       76.0000000000        0.0000000000
       76.1000000000        0.0000000000
       76.2000000000        0.0000000000
       76.3000000000        0.0000000000
       76.4000000000        0.0000000000
       76.5000000000        0.0000000000
       76.6000000000        0.0000000000
       76.7000000000        0.0000000000
       76.8000000000        0.0000000000
       76.9000000000        0.0000000000
       77.0000000000        0.0000000000
       77.1000000000        0.0000000000
       77.2000000000        0.0000000000
       77.3000000000        0.0000000000
       77.4000000000        0.0000000000
       77.5000000000        0.0000000000
       77.6000000000        0.0000000000
       77.7000000000        0.0000000000
       77.8000000000        0.0000000000
       77.9000000000        0.0000000000
       78.0000000000        0.0000000000
       78.1000000000        0.0000000000
       78.2000000000        0.0000000000
       78.3000000000        0.0000000000
       78.4000000000        0.0000000000
       78.5000000000        0.0000000000
       78.6000000000        0.0000000000
       78.7000000000        0.0000000000
       78.8000000000        0.0000000000
       78.9000000000        0.0000000000
       79.0000000000        0.0000000000
       79.1000000000        0.0000000000
       79.2000000000        0.0000000000
       79.3000000000        0.0000000000
       79.4000000000        0.0000000000
       79.5000000000        0.0000000000
       79.6000000000        0.0000000000
       79.7000000000        0.0000000000
       79.8000000000        0.0000000000
       79.9000000000        0.0000000000
       80.0000000000        0.0000000000
       80.1000000000        0.0000000000
       80.2000000000        0.0000000000
       80.3000000000        0.0000000000
       80.4000000000        0.0000000000
       80.5000000000        0.0000000000
       80.6000000000        0.0000000000
       80.7000000000        0.0000000000
       80.8000000000        0.0000000000
       80.9000000000        0.0000000000
       81.0000000000        0.0000000000
       81.1000000000        0.0000000000
       81.2000000000        0.0000000000
       81.3000000000        0.0000000000
       81.4000000000        0.0000000000
       81.5000000000        0.0000000000
       81.6000000000        0.0000000000
       81.7000000000        0.0000000000
       81.8000000000        0.0000000000
       81.9000000000        0.0000000000
       82.0000000000        0.0000000000
       82.1000000000        0.0000000000
       82.2000000000        0.0000000000
       82.3000000000        0.0000000000
       82.4000000000        0.0000000000
       82.5000000000        0.0000000000
       82.6000000000        0.0000000000
       82.7000000000        0.0000000000
       82.8000000000        0.0000000000
       82.9000000000        0.0000000000
       83.0000000000        0.0000000000
       83.1000000000        0.0000000000
       83.2000000000        0.0000000000
       83.3000000000        0.0000000000
       83.4000000000        0.0000000000
       83.5000000000        0.0000000000
       83.6000000000        0.0000000000
       83.7000000000        0.0000000000
       83.8000000000        0.0000000000
       83.9000000000        0.0000000000
       84.0000000000        0.0000000000
       84.1000000000        0.0000000000
       84.2000000000        0.0000000000
       84.3000000000        0.0000000000
       84.4000000000        0.0000000000
       84.5000000000        0.0000000000
       84.6000000000        0.0000000000
       84.7000000000        0.0000000000
       84.8000000000        0.0000000000
       84.9000000000        0.0000000000
       85.0000000000        0.0000000000
       85.1000000000        0.0000000000
       85.2000000000        0.0000000000
       85.3000000000        0.0000000000
       85.4000000000        0.0000000000
       85.5000000000        0.0000000000
       85.6000000000        0.0000000001
       85.7000000000        0.0000000005
       85.8000000000        0.0000000017
       85.9000000000        0.0000000060
       86.0000000000        0.0000000199
       86.1000000000        0.0000000638
       86.2000000000        0.0000001961
       86.3000000000        0.0000005795
       86.4000000000        0.0000016450
       86.5000000000        0.0000044866
       86.6000000000        0.0000117575
       86.7000000000        0.0000296030
       86.8000000000        0.0000716123
       86.9000000000        0.0001664440
       87.0000000000        0.0003716873
       87.1000000000        0.0007974734
       87.2000000000        0.0016439307
       87.3000000000        0.0032559652
       87.4000000000        0.0061959072
       87.5000000000        0.0113281494
       87.6000000000        0.0198994901
       87.7000000000        0.0335856565
       87.8000000000        0.0544621336
       87.9000000000        0.0848524480
       88.0000000000        0.1270173414
       88.1000000000        0.1826798215
       88.2000000000        0.2524335399
       88.3000000000        0.3351447774
       88.4000000000        0.4275104897
       88.5000000000        0.5239502068
       88.6000000000        0.6169673466
       88.7000000000        0.6980126070
       88.8000000000        0.7587405250
       88.9000000000        0.7924141621
       89.0000000000        0.7951336458
       89.1000000000        0.7665792322
       89.2000000000        0.7100732935
       89.3000000000        0.6319447810
       89.4000000000        0.5403645425
       89.5000000000        0.4439483488
       89.6000000000        0.3504575047
       89.7000000000        0.2658626077
       89.8000000000        0.1939072036
       89.9000000000        0.1361653981
       90.0000000000        0.0924774783
       90.1000000000        0.0615960472
       90.2000000000        0.0418819258
       90.3000000000        0.0319339555
       90.4000000000        0.0310918198
       90.5000000000        0.0397922454
       90.6000000000        0.0597743138
       90.7000000000        0.0941206634
       90.8000000000        0.1471007595
       90.9000000000        0.2237686011
       91.0000000000        0.3292780206
       91.1000000000        0.4679244548
       91.2000000000        0.6420000793
       91.3000000000        0.8506412003
       91.4000000000        1.0889215550
       91.5000000000        1.3474672834
       91.6000000000        1.6128127100
       91.7000000000        1.8685773118
       91.8000000000        2.0973499050
       91.9000000000        2.2829688817
       92.0000000000        2.4127506893
       92.1000000000        2.4791941486
       92.2000000000        2.4807943492
       92.3000000000        2.4218123451
       92.4000000000        2.3111040272
       92.5000000000        2.1603349102
       92.6000000000        1.9820296163
       92.7000000000        1.7878929886
       92.8000000000        1.5877072009
       92.9000000000        1.3889082452
       93.0000000000        1.1967462019
       93.1000000000        1.0147988037
       93.2000000000        0.8455694390
       93.3000000000        0.6909537488
       93.4000000000        0.5524677415
       93.5000000000        0.4312465825
       93.6000000000        0.3279057555
       93.7000000000        0.2423848271
       93.8000000000        0.1738721605
       93.9000000000        0.1208573233
       94.0000000000        0.0813026498
       94.1000000000        0.0528868222
       94.2000000000        0.0332602172
       94.3000000000        0.0202615255
       94.4000000000        0.0120681264
       94.5000000000        0.0072778503
       94.6000000000        0.0049387685
       94.7000000000        0.0045525613
       94.8000000000        0.0060755686
       94.9000000000        0.0099316836
       95.0000000000        0.0170354055
       95.1000000000        0.0288047023
       95.2000000000        0.0471259576
       95.3000000000        0.0742229878
       95.4000000000        0.1123860962
       95.5000000000        0.1635416425
       95.6000000000        0.2286891382
       95.7000000000        0.3072940170
       95.8000000000        0.3967820524
       95.9000000000        0.4923108112
       96.0000000000        0.5869712472
       96.1000000000        0.6724890323
       96.2000000000        0.7403641450
       96.3000000000        0.7832460922
       96.4000000000        0.7962412731
       96.5000000000        0.7778316989
       96.6000000000        0.7301666907
       96.7000000000        0.6586500882
       96.8000000000        0.5709325309
       96.9000000000        0.4755684873
       97.0000000000        0.3806628976
       97.1000000000        0.2927980574
       97.2000000000        0.2164197860
       97.3000000000        0.1537191027
       97.4000000000        0.1049208508
       97.5000000000        0.0688176499
       97.6000000000        0.0433753441
       97.7000000000        0.0262719363
       97.8000000000        0.0152914365
       97.9000000000        0.0085528832
       98.0000000000        0.0045971202
       98.1000000000        0.0023744839
       98.2000000000        0.0011785925
       98.3000000000        0.0005621732
       98.4000000000        0.0002576854
       98.5000000000        0.0001135072
       98.6000000000        0.0000480476
       98.7000000000        0.0000195451
       98.8000000000        0.0000076404
       98.9000000000        0.0000028702
       99.0000000000        0.0000010362
       99.1000000000        0.0000003595
       99.2000000000        0.0000001198
       99.3000000000        0.0000000384
       99.4000000000        0.0000000118
       99.5000000000        0.0000000035
       99.6000000000        0.0000000010
       99.7000000000        0.0000000003
       99.8000000000        0.0000000001
       99.9000000000        0.0000000000
      100.0000000000        0.0000000000
      100.1000000000        0.0000000000
      100.2000000000        0.0000000000
      100.3000000000        0.0000000000
      100.4000000000        0.0000000000
      100.5000000000        0.0000000000
      100.6000000000        0.0000000000
      100.7000000000        0.0000000000
      100.8000000000        0.0000000000
      100.9000000000        0.0000000000
      101.0000000000        0.0000000000
      101.1000000000        0.0000000000
      101.2000000000        0.0000000000
      101.3000000000        0.0000000000
      101.4000000000        0.0000000000
      101.5000000000        0.0000000000
      101.6000000000        0.0000000000
      101.7000000000        0.0000000000
      101.8000000000        0.0000000000
      101.9000000000        0.0000000000
      102.0000000000        0.0000000000
      102.1000000000        0.0000000000
      102.2000000000        0.0000000000
      102.3000000000        0.0000000000
      102.4000000000        0.0000000000
      102.5000000000        0.0000000000
      102.6000000000        0.0000000000
      102.7000000000        0.0000000000
      102.8000000000        0.0000000000
      102.9000000000        0.0000000000
      103.0000000000        0.0000000000
      103.1000000000        0.0000000000
      103.2000000000        0.0000000000
      103.3000000000        0.0000000000
      103.4000000000        0.0000000000
      103.5000000000        0.0000000000
      103.6000000000        0.0000000000
      103.7000000000        0.0000000000
      103.8000000000        0.0000000000
      103.9000000000        0.0000000000
      104.0000000000        0.0000000000
      104.1000000000        0.0000000000
      104.2000000000        0.0000000000
      104.3000000000        0.0000000000
      104.4000000000        0.0000000000
      104.5000000000        0.0000000000
      104.6000000000        0.0000000000
      104.7000000000        0.0000000000
      104.8000000000        0.0000000000
      104.9000000000        0.0000000000
      105.0000000000        0.0000000000
      105.1000000000        0.0000000000
      105.2000000000        0.0000000000
      105.3000000000        0.0000000000
      105.4000000000        0.0000000000
      105.5000000000        0.0000000000
      105.6000000000        0.0000000000
      105.7000000000        0.0000000000
      105.8000000000        0.0000000000
      105.9000000000        0.0000000000
      106.0000000000        0.0000000000
      106.1000000000        0.0000000000
      106.2000000000        0.0000000000
      106.3000000000        0.0000000000
      106.4000000000        0.0000000000
      106.5000000000        0.0000000000
      106.6000000000        0.0000000000
      106.7000000000        0.0000000000
      106.8000000000        0.0000000000
      106.9000000000        0.0000000000
      107.0000000000        0.0000000000
      107.1000000000        0.0000000000
      107.2000000000        0.0000000000
      107.3000000000        0.0000000000
      107.4000000000        0.0000000000
      107.5000000000        0.0000000000
      107.6000000000        0.0000000000
      107.7000000000        0.0000000000
      107.8000000000        0.0000000000
      107.9000000000        0.0000000000
      108.0000000000        0.0000000000
      108.1000000000        0.0000000000
      108.2000000000        0.0000000000
      108.3000000000        0.0000000000
      108.4000000000        0.0000000000
      108.5000000000        0.0000000000
      108.6000000000        0.0000000000
      108.7000000000        0.0000000000
      108.8000000000        0.0000000000
      108.9000000000        0.0000000000
      109.0000000000        0.0000000000
      109.1000000000        0.0000000000
      109.2000000000        0.0000000000
      109.3000000000        0.0000000000
      109.4000000000        0.0000000000
      109.5000000000        0.0000000000
      109.6000000000        0.0000000000
      109.7000000000        0.0000000000
      109.8000000000        0.0000000000
      109.9000000000        0.0000000000
      110.0000000000        0.0000000000
      110.1000000000        0.0000000000
      110.2000000000        0.0000000000
      110.3000000000        0.0000000000
      110.4000000000        0.0000000000
      110.5000000000        0.0000000000
      110.6000000000        0.0000000000
      110.7000000000        0.0000000000
      110.8000000000        0.0000000000
      110.9000000000        0.0000000000
      111.0000000000        0.0000000000
      111.1000000000        0.0000000000
      111.2000000000        0.0000000000
      111.3000000000        0.0000000000
      111.4000000000        0.0000000000
      111.5000000000        0.0000000000
      111.6000000000        0.0000000000
      111.7000000000        0.0000000000
      111.8000000000        0.0000000000
      111.9000000000        0.0000000000
      112.0000000000        0.0000000000
      112.1000000000        0.0000000000
      112.2000000000        0.0000000000
      112.3000000000        0.0000000000
      112.4000000000        0.0000000000
      112.5000000000        0.0000000000
      112.6000000000        0.0000000000
      112.7000000000        0.0000000000
      112.8000000000        0.0000000000
      112.9000000000        0.0000000000
      113.0000000000        0.0000000000
      113.1000000000        0.0000000000
      113.2000000000        0.0000000000
      113.3000000000        0.0000000000
      113.4000000000        0.0000000000
      113.5000000000        0.0000000000
      113.6000000000        0.0000000000
      113.7000000000        0.0000000000
      113.8000000000        0.0000000000
      113.9000000000        0.0000000000
      114.0000000000        0.0000000000
      114.1000000000        0.0000000000
      114.2000000000        0.0000000000
      114.3000000000        0.0000000000
      114.4000000000        0.0000000000
      114.5000000000        0.0000000000
      114.6000000000        0.0000000000
      114.7000000000        0.0000000000
      114.8000000000        0.0000000000
      114.9000000000        0.0000000000
      115.0000000000        0.0000000000
      115.1000000000        0.0000000000
      115.2000000000        0.0000000000
      115.3000000000        0.0000000000
      115.4000000000        0.0000000000
      115.5000000000        0.0000000000
      115.6000000000        0.0000000000
      115.7000000000        0.0000000000
      115.8000000000        0.0000000000
      115.9000000000        0.0000000000
      116.0000000000        0.0000000000
      116.1000000000        0.0000000000
      116.2000000000        0.0000000000
      116.3000000000        0.0000000000
      116.4000000000        0.0000000000
      116.5000000000        0.0000000000
      116.6000000000        0.0000000000
      116.7000000000        0.0000000000
      116.8000000000        0.0000000000
      116.9000000000        0.0000000000
      117.0000000000        0.0000000000
      117.1000000000        0.0000000000
      117.2000000000        0.0000000000
      117.3000000000        0.0000000000
      117.4000000000        0.0000000000
      117.5000000000        0.0000000000
      117.6000000000        0.0000000000
      117.7000000000        0.0000000000
      117.8000000000        0.0000000000
      117.9000000000        0.0000000000
      118.0000000000        0.0000000000
      118.1000000000        0.0000000000
      118.2000000000        0.0000000000
      118.3000000000        0.0000000000
      118.4000000000        0.0000000000
      118.5000000000        0.0000000000
      118.6000000000        0.0000000000
      118.7000000000        0.0000000000
      118.8000000000        0.0000000000
      118.9000000000        0.0000000000
      119.0000000000        0.0000000000
      119.1000000000        0.0000000000
      119.2000000000        0.0000000000
      119.3000000000        0.0000000000
      119.4000000000        0.0000000000
      119.5000000000        0.0000000000
      119.6000000000        0.0000000000
      119.7000000000        0.0000000000
      119.8000000000        0.0000000000
      119.9000000000        0.0000000000
      120.0000000000        0.0000000000
