# temperature   10.000000000000000
#    0.000799257196782   -0.157031982202220   11.557801157044093 -377.668004473632493 4622.770461206408982
  44.759999999999998    0.696062600000000
  45.469999999999999    0.682602400000000
  46.189999999999998    0.683498400000000
  46.920000000000002    0.696237300000000
  47.649999999999999    0.725539900000000
  48.390000000000001    0.759074300000000
  49.140000000000001    0.811370000000000
  49.899999999999999    0.876267800000000
  50.659999999999997    0.964708200000000
  51.430000000000000    1.080983200000000
  52.210000000000001    1.240824800000000
  53.000000000000000    1.460275700000000
  53.789999999999999    1.794060200000000
  54.590000000000003    2.344212900000000
  55.409999999999997    3.388373800000000
  56.219999999999999    4.435542200000000


# temperature   20.000000000000000
#    0.001002477470014   -0.194101058848846   14.100374996131297 -455.330192491159039 5515.216416433213453
  44.759999999999998    5.508082300000000
  45.469999999999999    5.596082800000000
  46.189999999999998    5.724971100000000
  46.920000000000002    5.887107100000000
  47.649999999999999    6.094602700000000
  48.390000000000001    6.315275200000000
  49.140000000000001    6.589921800000000
  49.899999999999999    6.896509700000000
  50.659999999999997    7.263323700000000
  51.430000000000000    7.692730600000000
  52.210000000000001    8.215271000000000
  53.000000000000000    8.845066900000001
  53.789999999999999    9.651911300000000
  54.590000000000003   10.690515599999999
  55.409999999999997   12.000409299999999
  56.219999999999999   12.569151300000000


# temperature   30.000000000000000
#    0.000718555741411   -0.136208580492796    9.705068523030247 -307.804483082746458 3669.177160995349368
  44.759999999999998   11.028677800000001
  45.469999999999999   11.227377499999999
  46.189999999999998   11.465413600000000
  46.920000000000002   11.737126699999999
  47.649999999999999   12.058250100000000
  48.390000000000001   12.399730999999999
  49.140000000000001   12.795583300000001
  49.899999999999999   13.236271700000000
  50.659999999999997   13.733300500000000
  51.430000000000000   14.296884000000000
  52.210000000000001   14.950390100000000
  53.000000000000000   15.701535399999999
  53.789999999999999   16.597057899999999
  54.590000000000003   17.650954500000001
  55.409999999999997   18.807323300000000
  56.219999999999999   19.011809299999999


# temperature   40.000000000000000
#    0.000412589531821   -0.074860062398320    5.114155676636578 -155.632133627208702 1786.110135190714573
  44.759999999999998   15.483232200000000
  45.469999999999999   15.777546700000000
  46.189999999999998   16.113814099999999
  46.920000000000002   16.490521600000001
  47.649999999999999   16.927386200000001
  48.390000000000001   17.395797800000000
  49.140000000000001   17.911153899999999
  49.899999999999999   18.485715299999999
  50.659999999999997   19.097256399999999
  51.430000000000000   19.769025200000002
  52.210000000000001   20.514164399999999
  53.000000000000000   21.336707600000000
  53.789999999999999   22.266474299999999
  54.590000000000003   23.300867799999999
  55.409999999999997   24.349119600000002
  56.219999999999999   24.362700700000001


# temperature   50.000000000000000
#    0.000158911873673   -0.024409412055958    1.366607000949821  -32.221552348200127  268.229036495190485
  44.759999999999998   19.251168199999999
  45.469999999999999   19.650996899999999
  46.189999999999998   20.094327400000001
  46.920000000000002   20.581817600000001
  47.649999999999999   21.135315800000001
  48.390000000000001   21.721810800000000
  49.140000000000001   22.336708099999999
  49.899999999999999   23.016713400000000
  50.659999999999997   23.704827999999999
  51.430000000000000   24.438165500000000
  52.210000000000001   25.223019300000001
  53.000000000000000   26.062124099999998
  53.789999999999999   26.975495200000001
  54.590000000000003   27.954652100000001
  55.409999999999997   28.895805500000002
  56.219999999999999   28.760682299999999


# temperature   60.000000000000000
#   -0.000044494511941    0.015848420619587   -1.611455887851081   65.529932745465842 -930.573705921420469
  44.759999999999998   22.672654300000001
  45.469999999999999   23.163265400000000
  46.189999999999998   23.693446200000000
  46.920000000000002   24.264615899999999
  47.649999999999999   24.899170600000001
  48.390000000000001   25.559843200000000
  49.140000000000001   26.226999599999999
  49.899999999999999   26.957667499999999
  50.659999999999997   27.670140300000000
  51.430000000000000   28.411786100000000
  52.210000000000001   29.185477299999999
  53.000000000000000   29.993949799999999
  53.789999999999999   30.851694599999998
  54.590000000000003   31.748807599999999
  55.409999999999997   32.577172599999997
  56.219999999999999   32.306986600000002


# temperature   70.000000000000000
#   -0.000212319696972    0.048993370443833   -4.059852846503256  145.846128871474633 -1915.186693756160366
  44.759999999999998   25.819765300000000
  45.469999999999999   26.368564299999999
  46.189999999999998   26.949460699999999
  46.920000000000002   27.564166700000001
  47.649999999999999   28.234698699999999
  48.390000000000001   28.921740799999998
  49.140000000000001   29.596726900000000
  49.899999999999999   30.329712300000001
  50.659999999999997   31.026042199999999
  51.430000000000000   31.738422900000000
  52.210000000000001   32.468277800000003
  53.000000000000000   33.218728300000002
  53.789999999999999   34.000971300000003
  54.590000000000003   34.805357600000001
  55.409999999999997   35.522972199999998
  56.219999999999999   35.130136700000001


# temperature   80.000000000000000
#   -0.000356146218848    0.077388314606231   -6.157879836101356  214.726698243801025 -2760.359698440073316
  44.759999999999998   28.668630300000000
  45.469999999999999   29.242339300000001
  46.189999999999998   29.839892200000001
  46.920000000000002   30.463191299999998
  47.649999999999999   31.133344800000000
  48.390000000000001   31.811105600000001
  49.140000000000001   32.463765899999999
  49.899999999999999   33.167603600000000
  50.659999999999997   33.824005999999997
  51.430000000000000   34.487002099999998
  52.210000000000001   35.157482700000003
  53.000000000000000   35.838929399999998
  53.789999999999999   36.540402999999998
  54.590000000000003   37.253044799999998
  55.409999999999997   37.868535100000003
  56.219999999999999   37.367452399999998


# temperature   90.000000000000000
#   -0.000483225676701    0.102489255011998   -8.014258162257013  275.752240317304256 -3510.015670722766117
  44.759999999999998   31.197265999999999
  45.469999999999999   31.770138200000002
  46.189999999999998   32.359422600000002
  46.920000000000002   32.967178900000000
  47.649999999999999   33.613312299999997
  48.390000000000001   34.260071500000002
  49.140000000000001   34.873711000000000
  49.899999999999999   35.531780099999999
  50.659999999999997   36.137356900000000
  51.430000000000000   36.743184200000002
  52.210000000000001   37.349989999999998
  53.000000000000000   37.961474699999997
  53.789999999999999   38.585198900000002
  54.590000000000003   39.213186200000003
  55.409999999999997   39.738201799999999
  56.219999999999999   39.143756400000001


# temperature  100.000000000000000
#   -0.000597914924053    0.125160109483880   -9.692681449706985  330.994562516092344 -4189.275771249555874
  44.759999999999998   33.408080900000002
  45.469999999999999   33.963099499999998
  46.189999999999998   34.528492600000000
  46.920000000000002   35.106437600000000
  47.649999999999999   35.715496299999998
  48.390000000000001   36.320196199999998
  49.140000000000001   36.887543999999998
  49.899999999999999   37.493236699999997
  50.659999999999997   38.045129699999997
  51.430000000000000   38.593233300000001
  52.210000000000001   39.138237500000002
  53.000000000000000   39.683921699999999
  53.789999999999999   40.236724000000002
  54.590000000000003   40.789484299999998
  55.409999999999997   41.236157900000002
  56.219999999999999   40.562284400000003


# temperature  110.000000000000000
#   -0.000702907169988    0.145929772713738  -11.231774402563390  381.699316313974975 -4813.137171445177955
  44.759999999999998   35.322771400000001
  45.469999999999999   35.850050099999997
  46.189999999999998   36.383078599999997
  46.920000000000002   36.924103000000002
  47.649999999999999   37.490304399999999
  48.390000000000001   38.048822600000001
  49.140000000000001   38.568343800000001
  49.899999999999999   39.120959200000001
  50.659999999999997   39.620727799999997
  51.430000000000000   40.114263299999998
  52.210000000000001   40.602243199999997
  53.000000000000000   41.088421400000001
  53.789999999999999   41.578356100000001
  54.590000000000003   42.065593999999997
  55.409999999999997   42.445228100000001
  56.219999999999999   41.704216799999998


# temperature  120.000000000000000
#   -0.000799965514996    0.165142292885982  -12.656522338675281  428.669072478937665 -5391.243884599815829
  44.759999999999998   36.972852500000002
  45.469999999999999   37.467535499999997
  46.189999999999998   37.964555400000002
  46.920000000000002   38.466179199999999
  47.649999999999999   38.988236299999997
  48.390000000000001   39.500537700000002
  49.140000000000001   39.973855800000003
  49.899999999999999   40.475831900000003
  50.659999999999997   40.927173500000002
  51.430000000000000   41.370905100000002
  52.210000000000001   41.807684199999997
  53.000000000000000   42.241169300000003
  53.789999999999999   42.676208000000003
  54.590000000000003   43.106941900000002
  55.409999999999997   43.429492400000001
  56.219999999999999   42.631823599999997


# temperature  130.000000000000000
#   -0.000890322223781    0.183037423127046  -13.984306829139840  472.462320397981955 -5930.323451593514619
  44.759999999999998   38.392567999999997
  45.469999999999999   38.853058699999998
  46.189999999999998   39.313434399999998
  46.920000000000002   39.775942499999999
  47.649999999999999   40.255129300000000
  48.390000000000001   40.723382299999997
  49.140000000000001   41.153672600000000
  49.899999999999999   41.608905800000002
  50.659999999999997   42.016343100000000
  51.430000000000000   42.415491199999998
  52.210000000000001   42.806971300000001
  53.000000000000000   43.194305700000001
  53.789999999999999   43.581755000000001
  54.590000000000003   43.963956799999998
  55.409999999999997   44.237939099999998
  56.219999999999999   43.392388300000000


# temperature  140.000000000000000
#   -0.000974890189780    0.199792733479006  -15.228016669336615  513.494498127477755 -6435.404864455384086
  44.759999999999998   39.614820899999998
  45.469999999999999   40.041500300000003
  46.189999999999998   40.466343299999998
  46.920000000000002   40.891547099999997
  47.649999999999999   41.330463899999998
  48.390000000000001   41.757886800000001
  49.140000000000001   42.148938500000000
  49.899999999999999   42.561828800000001
  50.659999999999997   42.930004400000001
  51.430000000000000   43.289659000000000
  52.210000000000001   43.641362899999997
  53.000000000000000   43.988481700000001
  53.789999999999999   44.334783600000002
  54.590000000000003   44.675319000000002
  55.409999999999997   44.907905300000003
  56.219999999999999   44.021756099999998


# temperature  150.000000000000000
#   -0.001054380354602    0.215546721972511  -16.397733829464716  552.092037602060373 -6910.461881856735999
  44.759999999999998   40.669267599999998
  45.469999999999999   41.063636199999998
  46.189999999999998   41.454988899999996
  46.920000000000002   41.845451599999997
  47.649999999999999   42.247278999999999
  48.390000000000001   42.637468100000000
  49.140000000000001   42.993167600000000
  49.899999999999999   43.368107100000003
  50.659999999999997   43.701430799999997
  51.430000000000000   44.026283100000001
  52.210000000000001   44.343173200000003
  53.000000000000000   44.655301999999999
  53.789999999999999   44.966020100000001
  54.590000000000003   45.270722599999999
  55.409999999999997   45.467911200000003
  56.219999999999999   44.547189000000003


# temperature  160.000000000000000
#   -0.001129365503941    0.230411224216678  -17.501627058297789  588.520626241638297 -7358.745104530262324
  44.759999999999998   41.581693600000001
  45.469999999999999   41.945823300000001
  46.189999999999998   42.306153899999998
  46.920000000000002   42.664725599999997
  47.649999999999999   43.032794000000003
  48.390000000000001   43.389352199999998
  49.140000000000001   43.713415200000000
  49.899999999999999   44.054534500000003
  50.659999999999997   44.357029300000001
  51.430000000000000   44.651274299999997
  52.210000000000001   44.937711399999998
  53.000000000000000   45.219377500000000
  53.789999999999999   45.499265800000003
  54.590000000000003   45.773060200000003
  55.409999999999997   45.939855500000000
  56.219999999999999   44.989546799999999


# temperature  170.000000000000000
#   -0.001200320192836    0.244479125915130  -18.546503660686060  623.002569347717895 -7782.985467653292289
  44.759999999999998   42.374057700000002
  45.469999999999999   42.710254300000003
  46.189999999999998   43.042155000000001
  46.920000000000002   43.371706799999998
  47.649999999999999   43.709259799999998
  48.390000000000001   44.035603899999998
  49.140000000000001   44.331451700000002
  49.899999999999999   44.642511100000000
  50.659999999999997   44.917765000000003
  51.430000000000000   45.185091000000000
  52.210000000000001   45.444861199999998
  53.000000000000000   45.699953899999997
  53.789999999999999   45.953054100000003
  54.590000000000003   46.200089599999998
  55.409999999999997   46.340669499999997
  56.219999999999999   45.364910600000002


# temperature  180.000000000000000
#   -0.001267644595954    0.257828934980257  -19.538134096512792  655.726937952626031 -8185.512718451493129
  44.759999999999998   43.064840199999999
  45.469999999999999   43.375442900000003
  46.189999999999998   43.681458499999998
  46.920000000000002   43.984737799999998
  47.649999999999999   44.294812399999998
  48.390000000000001   44.594084199999998
  49.140000000000001   44.864799200000000
  49.899999999999999   45.149158900000003
  50.659999999999997   45.400330599999997
  51.430000000000000   45.643950500000003
  52.210000000000001   45.880320300000001
  53.000000000000000   46.112168099999998
  53.789999999999999   46.341911400000001
  54.590000000000003   46.565684900000001
  55.409999999999997   46.683545700000003
  56.219999999999999   45.685780399999999


# temperature  190.000000000000000
#   -0.001331680845037    0.270527905950776  -20.481473630622144  686.856512011701398 -8568.336935875579002
  44.759999999999998   43.669496700000003
  45.469999999999999   43.956764600000000
  46.189999999999998   44.239300900000003
  46.920000000000002   44.518859700000000
  47.649999999999999   44.804234299999997
  48.390000000000001   45.079270800000003
  49.140000000000001   45.327595100000003
  49.899999999999999   45.588225000000001
  50.659999999999997   45.818075899999997
  51.430000000000000   46.040774800000001
  52.210000000000001   46.256554700000002
  53.000000000000000   46.468003299999999
  53.789999999999999   46.677304499999998
  54.590000000000003   46.880769899999997
  55.409999999999997   46.978847299999998
  56.219999999999999   45.961955600000003


# temperature  200.000000000000000
#   -0.001392725331041    0.282634406174019  -21.380831602598487  716.533144966634950 -8933.212458620619145
  44.759999999999998   44.200918799999997
  45.469999999999999   44.466971299999997
  46.189999999999998   44.728251299999997
  46.920000000000002   44.986418100000002
  47.649999999999999   45.249599000000003
  48.390000000000001   45.502934199999999
  49.140000000000001   45.731289099999998
  49.899999999999999   45.970798199999997
  50.659999999999997   46.181733299999998
  51.430000000000000   46.385921099999997
  52.210000000000001   46.583528500000000
  53.000000000000000   46.777012800000001
  53.789999999999999   46.968352799999998
  54.590000000000003   47.154012399999999
  55.409999999999997   47.234782000000003
  56.219999999999999   46.201183899999997


# temperature  210.000000000000000
#   -0.001451036032540    0.294199308495464  -22.239969839594785  744.880849652129086 -9281.674392625272958
  44.759999999999998   44.669855200000001
  45.469999999999999   44.916645400000000
  46.189999999999998   45.158694400000002
  46.920000000000002   45.397570199999997
  47.649999999999999   45.640799100000002
  48.390000000000001   45.874681500000001
  49.140000000000001   46.085196400000001
  49.899999999999999   46.305869999999999
  50.659999999999997   46.499981200000001
  51.430000000000000   46.687742900000003
  52.210000000000001   46.869258899999998
  53.000000000000000   47.046866299999998
  53.789999999999999   47.222363000000001
  54.590000000000003   47.392344600000001
  55.409999999999997   47.457902900000001
  56.219999999999999   46.409642200000000


# temperature  220.000000000000000
#   -0.001506839581475    0.305267356303858  -23.062201080653551  772.008955348648897 -9615.076819712234283
  44.759999999999998   45.085279000000000
  45.469999999999999   45.314586100000000
  46.189999999999998   45.539233000000003
  46.920000000000002   45.760700499999999
  47.649999999999999   45.985972099999998
  48.390000000000001   46.202390000000001
  49.140000000000001   46.396934399999999
  49.899999999999999   46.600771600000002
  50.659999999999997   46.779878900000000
  51.430000000000000   46.953020400000000
  52.210000000000001   47.120240199999998
  53.000000000000000   47.283764800000000
  53.789999999999999   47.445232099999998
  54.590000000000003   47.601351999999999
  55.409999999999997   47.653482900000000
  56.219999999999999   46.592294500000001


# temperature  230.000000000000000
#   -0.001560336330967    0.315878143634325  -23.850459805881098  798.014388999484822 -9934.620566034469448
  44.759999999999998   45.454697099999997
  45.469999999999999   45.668130300000001
  46.189999999999998   45.877017500000001
  46.920000000000002   46.082757000000001
  47.649999999999999   46.291841499999997
  48.390000000000001   46.492550299999998
  49.140000000000001   46.672764600000001
  49.899999999999999   46.861514800000002
  50.659999999999997   47.027203600000000
  51.430000000000000   47.187291799999997
  52.210000000000001   47.341768000000002
  53.000000000000000   47.492756800000002
  53.789999999999999   47.641753600000001
  54.590000000000003   47.785569000000002
  55.409999999999997   47.825797299999998
  56.219999999999999   46.753160800000003


# temperature  240.000000000000000
#   -0.001611703681922    0.326066754415657  -24.607348171592854  822.983149343643731 -10241.371126563430153
  44.759999999999998   45.784408200000001
  45.469999999999999   45.983415999999998
  46.189999999999998   46.178013800000002
  46.920000000000002   46.369521700000000
  47.649999999999999   46.563988100000003
  48.390000000000001   46.750536900000000
  49.140000000000001   46.917861799999997
  49.899999999999999   47.093057399999999
  50.659999999999997   47.246710999999998
  51.430000000000000   47.395109099999999
  52.210000000000001   47.538187899999997
  53.000000000000000   47.677979200000003
  53.789999999999999   47.815851000000002
  54.590000000000003   47.948701999999997
  55.409999999999997   47.978336900000002
  56.219999999999999   46.895520800000000


# temperature  250.000000000000000
#   -0.001661100120074    0.335864552224008  -25.335193853534811  846.992195720728319 -10536.281928560869346
  44.759999999999998   46.079714400000000
  45.469999999999999   46.265597600000000
  46.189999999999998   46.447219699999998
  46.920000000000002   46.625827700000002
  47.649999999999999   46.807066499999998
  48.390000000000001   46.980823200000003
  49.140000000000001   47.136525300000002
  49.899999999999999   47.299510900000001
  50.659999999999997   47.442339099999998
  51.430000000000000   47.580235799999997
  52.210000000000001   47.713088900000002
  53.000000000000000   47.842844200000002
  53.789999999999999   47.970756100000003
  54.590000000000003   48.093801300000003
  55.409999999999997   48.113972099999998
  56.219999999999999   47.022068599999997


# temperature  260.000000000000000
#   -0.001708667249828    0.345299572797203  -26.036078442450354  870.110367836847786 -10820.205631025230105
  44.759999999999998   46.345094899999999
  45.469999999999999   46.519019800000002
  46.189999999999998   46.688839500000000
  46.920000000000002   46.855732500000002
  47.649999999999999   47.024976899999999
  48.390000000000001   47.187150699999997
  49.140000000000001   47.332345900000000
  49.899999999999999   47.484303699999998
  50.659999999999997   47.617367100000003
  51.430000000000000   47.745802400000002
  52.210000000000001   47.869451900000001
  53.000000000000000   47.990183399999999
  53.789999999999999   48.109148400000002
  54.590000000000003   48.223393000000002
  55.409999999999997   48.235078100000003
  56.219999999999999   47.135032299999999


# temperature  270.000000000000000
#   -0.001754532490440    0.354397055037906  -26.711876647655380  892.399677153058747 -11093.910161364288797
  44.759999999999998   46.584347700000002
  45.469999999999999   46.747359799999998
  46.189999999999998   46.906425100000000
  46.920000000000002   47.062658100000000
  47.649999999999999   47.221002900000002
  48.390000000000001   47.372664499999999
  49.140000000000001   47.508337699999998
  49.899999999999999   47.650309399999998
  50.659999999999997   47.774540600000002
  51.430000000000000   47.894426600000003
  52.210000000000001   48.009768000000001
  53.000000000000000   48.122360100000002
  53.789999999999999   48.233262300000000
  54.590000000000003   48.339582399999998
  55.409999999999997   48.343632700000001
  56.219999999999999   47.236265699999997


# temperature  280.000000000000000
#   -0.001798810490310    0.363179714163113  -27.364276074044387  913.915947650156568 -11358.086571907457255
  44.759999999999998   46.800705200000003
  45.469999999999999   46.953741700000002
  46.189999999999998   47.102989399999998
  46.920000000000002   47.249502999999997
  47.649999999999999   47.397921699999998
  48.390000000000001   47.540020800000001
  49.140000000000001   47.667043300000003
  49.899999999999999   47.799949200000000
  50.659999999999997   47.916170299999997
  51.430000000000000   48.028309800000002
  52.210000000000001   48.136129400000002
  53.000000000000000   48.241358200000001
  53.789999999999999   48.344971999999999
  54.590000000000003   48.444133700000002
  55.409999999999997   48.441292400000002
  56.219999999999999   47.327320700000001


# temperature  290.000000000000000
#   -0.001841604838761    0.371668080464464  -27.994802383000152  934.709650480491177 -11613.359477479814814
  44.759999999999998   46.996929000000002
  45.469999999999999   47.140830800000003
  46.189999999999998   47.281099099999999
  46.920000000000002   47.418732900000002
  47.649999999999999   47.558092600000002
  48.390000000000001   47.691473400000000
  49.140000000000001   47.810617800000003
  49.899999999999999   47.935273100000003
  50.659999999999997   48.044210700000001
  51.430000000000000   48.149312199999997
  52.210000000000001   48.250303199999998
  53.000000000000000   48.348851600000003
  53.789999999999999   48.445857500000002
  54.590000000000003   48.538533399999999
  55.409999999999997   48.529452399999997
  56.219999999999999   47.409503299999997


# temperature  300.000000000000000
#   -0.001883009993468    0.379880880676558  -28.604847579058131  954.826838921085141 -11860.298676203925424
  44.759999999999998   47.175387000000001
  45.469999999999999   47.310909299999999
  46.189999999999998   47.442949300000002
  46.920000000000002   47.572454200000003
  47.649999999999999   47.703528700000000
  48.390000000000001   47.828943199999998
  49.140000000000001   47.940896400000000
  49.899999999999999   48.058024699999997
  50.659999999999997   48.160322999999998
  51.430000000000000   48.259013799999998
  52.210000000000001   48.353788700000003
  53.000000000000000   48.446259900000001
  53.789999999999999   48.537258100000003
  54.590000000000003   48.624040899999997
  55.409999999999997   48.609293600000001
  56.219999999999999   47.483919000000000


# temperature  310.000000000000000
#   -0.001923111219084    0.387835018033830  -29.195667997718072  974.309068330994023 -12099.418037158531661
  44.759999999999998   47.338117300000000
  45.469999999999999   47.465939100000000
  46.189999999999998   47.590424900000002
  46.920000000000002   47.712473400000000
  47.649999999999999   47.835954800000003
  48.390000000000001   47.954074300000002
  49.140000000000001   48.059448300000000
  49.899999999999999   48.169693899999999
  50.659999999999997   48.265925500000002
  51.430000000000000   48.358762300000002
  52.210000000000001   48.447864699999997
  53.000000000000000   48.534792799999998
  53.789999999999999   48.620314600000000
  54.590000000000003   48.701728099999997
  55.409999999999997   48.681820899999998
  56.219999999999999   47.551507800000003


# temperature  320.000000000000000
#   -0.001961987050756    0.395546067989654  -29.768421663464540  993.194647547230602 -12331.191215797411132
  44.759999999999998   47.486879999999999
  45.469999999999999   47.607612899999999
  46.189999999999998   47.725150499999998
  46.920000000000002   47.840346099999998
  47.649999999999999   47.956854399999997
  48.390000000000001   48.068279699999998
  49.140000000000001   48.167621300000000
  49.899999999999999   48.271559099999997
  50.659999999999997   48.362234600000001
  51.430000000000000   48.449713099999997
  52.210000000000001   48.533626099999999
  53.000000000000000   48.615485900000003
  53.789999999999999   48.696002800000002
  54.590000000000003   48.772511600000001
  55.409999999999997   48.747893400000002
  56.219999999999999   47.613072799999998


# temperature  330.000000000000000
#   -0.001999708378751    0.403028087236277  -30.324153457150214 1011.518131834083192 -12556.045206426089862
  44.759999999999998   47.623200799999999
  45.469999999999999   47.737396300000000
  46.189999999999998   47.848531299999998
  46.920000000000002   47.957417000000000
  47.649999999999999   48.067509100000002
  48.390000000000001   48.172778700000002
  49.140000000000001   48.266577499999997
  49.899999999999999   48.364722100000002
  50.659999999999997   48.450297499999998
  51.430000000000000   48.532860300000003
  52.210000000000001   48.612014899999998
  53.000000000000000   48.689229500000003
  53.789999999999999   48.765161300000003
  54.590000000000003   48.837178799999997
  55.409999999999997   48.808248499999998
  56.219999999999999   47.669303599999999


# temperature  340.000000000000000
#   -0.002036340977334    0.410294123847936  -30.863833651395609 1029.311615896896910 -12774.376595335157617
  44.759999999999998   47.748406199999998
  45.469999999999999   47.856562799999999
  46.189999999999998   47.961787600000001
  46.920000000000002   48.064852299999998
  47.649999999999999   48.169029199999997
  48.390000000000001   48.268627500000001
  49.140000000000001   48.357322799999999
  49.899999999999999   48.450135600000003
  50.659999999999997   48.531019700000002
  51.430000000000000   48.609062999999999
  52.210000000000001   48.683844800000003
  53.000000000000000   48.756792200000000
  53.789999999999999   48.828513899999997
  54.590000000000003   48.896408899999997
  55.409999999999997   48.863522300000000
  56.219999999999999   47.720794499999997


# temperature  350.000000000000000
#   -0.002071945005650    0.417356109421889  -31.388349255047412 1046.604428795171543 -12986.547562894844305
  44.759999999999998   47.863653900000003
  45.469999999999999   47.966222600000002
  46.189999999999998   48.065982099999999
  46.920000000000002   48.163667400000001
  47.649999999999999   48.262380999999998
  48.390000000000001   48.356743999999999
  49.140000000000001   48.440731399999997
  49.899999999999999   48.528627200000003
  50.659999999999997   48.605187100000002
  51.430000000000000   48.679066499999998
  52.210000000000001   48.749821099999998
  53.000000000000000   48.818840100000003
  53.789999999999999   48.886687400000000
  54.590000000000003   48.950790099999999
  55.409999999999997   48.914265399999998
  56.219999999999999   47.768059899999997


# temperature  360.000000000000000
#   -0.002106575511431    0.424224963870187  -31.898512199009208 1063.423419176378729 -13192.889614021252783
  44.759999999999998   47.969957000000001
  45.469999999999999   48.067346700000002
  46.189999999999998   48.162043900000000
  46.920000000000002   48.254749099999998
  47.649999999999999   48.348407600000002
  48.390000000000001   48.437929199999999
  49.140000000000001   48.517564999999998
  49.899999999999999   48.600917799999998
  50.659999999999997   48.673484100000003
  51.430000000000000   48.743519399999997
  52.210000000000001   48.810557699999997
  53.000000000000000   48.875952800000000
  53.789999999999999   48.940227299999997
  54.590000000000003   49.000833900000003
  55.409999999999997   48.960956400000001
  56.219999999999999   47.811546700000001


# temperature  370.000000000000000
#   -0.002140283726476    0.430910850030921  -32.395078060288967 1079.793566565267383 -13393.711047161996248
  44.759999999999998   48.068204799999997
  45.469999999999999   48.160786899999998
  46.189999999999998   48.250787299999999
  46.920000000000002   48.338874400000002
  47.649999999999999   48.427847499999999
  48.390000000000001   48.512883799999997
  49.140000000000001   48.588490299999997
  49.899999999999999   48.667637700000000
  50.659999999999997   48.736508800000003
  51.430000000000000   48.802988700000000
  52.210000000000001   48.866590799999997
  53.000000000000000   48.928636200000000
  53.789999999999999   48.989609199999997
  54.590000000000003   49.046986400000002
  55.409999999999997   49.004012699999997
  56.219999999999999   47.851644700000001


# temperature  380.000000000000000
#   -0.002173116807479    0.437423124555307  -32.878742624335146 1095.737876830080268 -13589.295788396317221
  44.759999999999998   48.159180599999999
  45.469999999999999   48.247292899999998
  46.189999999999998   48.332928699999997
  46.920000000000002   48.416726300000001
  47.649999999999999   48.501349500000003
  48.390000000000001   48.582223300000003
  49.140000000000001   48.654092400000003
  49.899999999999999   48.729340100000002
  50.659999999999997   48.794785800000000
  51.430000000000000   48.857970999999999
  52.210000000000001   48.918390100000003
  53.000000000000000   48.977333399999999
  53.789999999999999   49.035249999999998
  54.590000000000003   49.089638100000002
  55.409999999999997   49.043799600000000
  56.219999999999999   47.888695100000000


# temperature  390.000000000000000
#   -0.002205118757926    0.443770516667580  -33.350154843062988 1111.277798828662299 -13779.908399819491024
  44.759999999999998   48.243575800000002
  45.469999999999999   48.327526100000000
  46.189999999999998   48.409099900000001
  46.920000000000002   48.488906999999998
  47.649999999999999   48.569485100000001
  48.390000000000001   48.646489699999997
  49.140000000000001   48.714886200000002
  49.899999999999999   48.786511599999997
  50.659999999999997   48.848776600000001
  51.430000000000000   48.908903500000001
  52.210000000000001   48.966368699999997
  53.000000000000000   49.022433999999997
  53.789999999999999   49.077515800000000
  54.590000000000003   49.129132400000003
  55.409999999999997   49.080638000000000
  56.219999999999999   47.922997100000003


# temperature  400.000000000000000
#   -0.002236329527181    0.449960950892275  -33.809903804676473 1126.432800769899814 -13965.788933572803217
  44.759999999999998   48.322002699999999
  45.469999999999999   48.402071999999997
  46.189999999999998   48.479859599999997
  46.920000000000002   48.555948700000002
  47.649999999999999   48.632759399999998
  48.390000000000001   48.706161700000003
  49.140000000000001   48.771326600000002
  49.899999999999999   48.839581699999997
  50.659999999999997   48.898888300000003
  51.430000000000000   48.956171400000002
  52.210000000000001   49.010890799999999
  53.000000000000000   49.064281500000000
  53.789999999999999   49.116729300000003
  54.590000000000003   49.165771300000003
  55.409999999999997   49.114810700000000
  56.219999999999999   47.954814700000000


# temperature  410.000000000000000
#   -0.002266787332809    0.456002011181717  -34.258553459507660 1141.221523352688109 -14147.167265883108485
  44.759999999999998   48.395004800000002
  45.469999999999999   48.471450099999998
  46.189999999999998   48.545703600000003
  46.920000000000002   48.618323500000002
  47.649999999999999   48.691620100000002
  48.390000000000001   48.761663499999997
  49.140000000000001   48.823816100000002
  49.899999999999999   48.888930600000002
  50.659999999999997   48.945481100000002
  51.430000000000000   49.000115700000002
  52.210000000000001   49.052278399999999
  53.000000000000000   49.103179300000001
  53.789999999999999   49.153175800000000
  54.590000000000003   49.199822300000001
  55.409999999999997   49.146567300000001
  56.219999999999999   47.984380899999998


# temperature  420.000000000000000
#   -0.002296527228054    0.461900653219013  -34.696621007771242 1155.661060290600062 -14324.254136237406783
  44.759999999999998   48.463065899999997
  45.469999999999999   48.536122499999998
  46.189999999999998   48.607072500000001
  46.920000000000002   48.676450699999997
  47.649999999999999   48.746464799999998
  48.390000000000001   48.813371699999998
  49.140000000000001   48.872712499999999
  49.899999999999999   48.934895699999998
  50.659999999999997   48.988874799999998
  51.430000000000000   49.041038899999997
  52.210000000000001   49.090817299999998
  53.000000000000000   49.139396699999999
  53.789999999999999   49.187108199999997
  54.590000000000003   49.231522099999999
  55.409999999999997   49.176129299999999
  56.219999999999999   48.011902200000002


# temperature  430.000000000000000
#   -0.002325581696619    0.467663319040074  -35.124585151480836 1169.767221551296643 -14497.244282046351145
  44.759999999999998   48.526617399999999
  45.469999999999999   48.596501099999998
  46.189999999999998   48.664359200000000
  46.920000000000002   48.730704199999998
  47.649999999999999   48.797647800000000
  48.390000000000001   48.861621700000001
  49.140000000000001   48.918333900000000
  49.899999999999999   48.977777500000002
  50.659999999999997   49.029353800000003
  51.430000000000000   49.079210000000003
  52.210000000000001   49.126761500000001
  53.000000000000000   49.173173200000001
  53.789999999999999   49.218751300000001
  54.590000000000003   49.261081200000000
  55.409999999999997   49.203693299999998
  56.219999999999999   48.037561900000000


# temperature  440.000000000000000
#   -0.002353981273893    0.473296068767934  -35.542896539846240 1183.554900531767771 -14666.321260823184275
  44.759999999999998   48.586045400000003
  45.469999999999999   48.652954600000001
  46.189999999999998   48.717914800000003
  46.920000000000002   48.781417900000001
  47.649999999999999   48.845485500000002
  48.390000000000001   48.906712900000002
  49.140000000000001   48.960964400000002
  49.899999999999999   49.017843900000003
  50.659999999999997   49.067171799999997
  51.430000000000000   49.114868899999998
  52.210000000000001   49.160337499999997
  53.000000000000000   49.204721999999997
  53.789999999999999   49.248305400000000
  54.590000000000003   49.288687199999998
  55.409999999999997   49.229434500000004
  56.219999999999999   48.061523600000001


# temperature  450.000000000000000
#   -0.002381754965660    0.478804658364759  -35.951983131578835 1197.038236811335992 -14831.659277923583431
  44.759999999999998   48.641695700000000
  45.469999999999999   48.705812799999997
  46.189999999999998   48.768053700000003
  46.920000000000002   48.828890899999998
  47.649999999999999   48.890261199999998
  48.390000000000001   48.948913300000001
  49.140000000000001   49.000858200000003
  49.899999999999999   49.055334600000002
  50.659999999999997   49.102555600000002
  51.430000000000000   49.148229999999998
  52.210000000000001   49.191747700000001
  53.000000000000000   49.234233799999998
  53.789999999999999   49.275949599999997
  54.590000000000003   49.314507599999999
  55.409999999999997   49.253509500000000
  56.219999999999999   48.083933199999997


# temperature  460.000000000000000
#   -0.002408929150017    0.484194319319761  -36.352233664971621 1210.230066584098495 -14993.416351020987349
  44.759999999999998   48.693879199999998
  45.469999999999999   48.755372299999998
  46.189999999999998   48.815058399999998
  46.920000000000002   48.873391300000002
  47.649999999999999   48.932228700000003
  48.390000000000001   48.988463099999997
  49.140000000000001   49.038243100000003
  49.899999999999999   49.090464300000001
  50.659999999999997   49.135708700000002
  51.430000000000000   49.179485700000001
  52.210000000000001   49.221173600000000
  53.000000000000000   49.261879499999999
  53.789999999999999   49.301844299999999
  54.590000000000003   49.338692500000001
  55.409999999999997   49.276058499999998
  56.219999999999999   48.104921300000001


# temperature  470.000000000000000
#   -0.002435528920800    0.489470031445386  -36.744018388718260 1223.142621570744495 -15151.743126543849939
  44.759999999999998   48.742875400000003
  45.469999999999999   48.801899700000000
  46.189999999999998   48.859182599999997
  46.920000000000002   48.915160700000001
  47.649999999999999   48.971616599999997
  48.390000000000001   49.025578500000002
  49.140000000000001   49.073323899999998
  49.899999999999999   49.123426199999997
  50.659999999999997   49.166813599999998
  51.430000000000000   49.208808500000004
  52.210000000000001   49.248778100000003
  53.000000000000000   49.287812400000000
  53.789999999999999   49.326133300000002
  54.590000000000003   49.361376600000000
  55.409999999999997   49.297207100000001
  56.219999999999999   48.124605199999998


# temperature  480.000000000000000
#   -0.002461577994630    0.494636500442717  -37.127687102286217 1235.787454967579606 -15306.781848078273470
  44.759999999999998   48.788936700000001
  45.469999999999999   48.845635500000000
  46.189999999999998   48.900655399999998
  46.920000000000002   48.954416399999999
  47.649999999999999   49.008630699999998
  48.390000000000001   49.060453799999998
  49.140000000000001   49.106285100000001
  49.899999999999999   49.154394000000003
  50.659999999999997   49.196034900000001
  51.430000000000000   49.236353700000002
  52.210000000000001   49.274707700000000
  53.000000000000000   49.312170500000001
  53.789999999999999   49.348946099999999
  54.590000000000003   49.382681099999999
  55.409999999999997   49.317068700000000
  56.219999999999999   48.143090399999998


# temperature  490.000000000000000
#   -0.002487098690032    0.499698154368490  -37.503568929069097 1248.175434934872555 -15458.666282690195658
  44.759999999999998   48.832291099999999
  45.469999999999999   48.886797100000003
  46.189999999999998   48.939683600000002
  46.920000000000002   48.991354800000003
  47.649999999999999   49.043456800000001
  48.390000000000001   49.093264900000001
  49.140000000000001   49.137293100000001
  49.899999999999999   49.183524499999997
  50.659999999999997   49.223520700000002
  51.430000000000000   49.262261600000002
  52.210000000000001   49.299094599999997
  53.000000000000000   49.335078199999998
  53.789999999999999   49.370399499999998
  54.590000000000003   49.402715100000002
  55.409999999999997   49.335745099999997
  56.219999999999999   48.160471899999997


# temperature  500.000000000000000
#   -0.002512111410568    0.504659041253353  -37.871964754390625 1260.316497864171424 -15607.518717673730862
  44.759999999999998   48.873145000000001
  45.469999999999999   48.925581200000003
  46.189999999999998   48.976454300000000
  46.920000000000002   49.026153700000002
  47.649999999999999   49.076262999999997
  48.390000000000001   49.124170599999999
  49.140000000000001   49.166498500000003
  49.899999999999999   49.210959600000002
  50.659999999999997   49.249405299999999
  51.430000000000000   49.286658799999998
  52.210000000000001   49.322058300000002
  53.000000000000000   49.356648000000000
  53.789999999999999   49.390599000000002
  54.590000000000003   49.421577300000003
  55.409999999999997   49.353328400000002
  56.219999999999999   48.176835599999997


# temperature  510.000000000000000
#   -0.002536636134215    0.509523124723318  -38.233169160120205 1272.220369500584184 -15753.458821031272237
  44.759999999999998   48.911685800000001
  45.469999999999999   48.962166199999999
  46.189999999999998   49.011137200000000
  46.920000000000002   49.058974200000002
  47.649999999999999   49.107201600000003
  48.390000000000001   49.153314799999997
  49.140000000000001   49.194037500000000
  49.899999999999999   49.236827699999999
  50.659999999999997   49.273809999999997
  51.430000000000000   49.309660000000001
  52.210000000000001   49.343707000000002
  53.000000000000000   49.376981700000002
  53.789999999999999   49.409640000000003
  54.590000000000003   49.439357100000002
  55.409999999999997   49.369902099999997
  56.219999999999999   48.192259100000001


# temperature  520.000000000000000
#   -0.002560691450722    0.514294093437178  -38.587456333053822 1283.896103679560611 -15896.598000108795532
  44.759999999999998   48.948083699999998
  45.469999999999999   48.996714200000000
  46.189999999999998   49.043886499999999
  46.920000000000002   49.089962600000000
  47.649999999999999   49.136411099999997
  48.390000000000001   49.180828099999999
  49.140000000000001   49.220033999999998
  49.899999999999999   49.261245299999999
  50.659999999999997   49.296845099999999
  51.430000000000000   49.331369199999997
  52.210000000000001   49.364138799999999
  53.000000000000000   49.396171500000001
  53.789999999999999   49.427609199999999
  54.590000000000003   49.456135400000001
  55.409999999999997   49.385541600000003
  56.219999999999999   48.206812900000003


# temperature  530.000000000000000
#   -0.002584294751582    0.518975396884583  -38.935082571098341 1295.352159565829652 -16037.040282481088070
  44.759999999999998   48.982493499999997
  45.469999999999999   49.029372799999997
  46.189999999999998   49.074842400000001
  46.920000000000002   49.119252099999997
  47.649999999999999   49.164017100000002
  48.390000000000001   49.206829499999998
  49.140000000000001   49.244600499999997
  49.899999999999999   49.284318499999998
  50.659999999999997   49.318610800000002
  51.430000000000000   49.351881100000000
  52.210000000000001   49.383442799999997
  53.000000000000000   49.414301399999999
  53.789999999999999   49.444585199999999
  54.590000000000003   49.471985699999998
  55.409999999999997   49.400315800000001
  56.219999999999999   48.220560999999996


# temperature  540.000000000000000
#   -0.002607462717943    0.523570346905979  -39.276294181192668 1306.596673935766830 -16174.885823346350662
  44.759999999999998   49.015056700000002
  45.469999999999999   49.060276299999998
  46.189999999999998   49.104132900000003
  46.920000000000002   49.146963800000002
  47.649999999999999   49.190134499999999
  48.390000000000001   49.231427199999999
  49.140000000000001   49.267839600000002
  49.899999999999999   49.306143599999999
  50.659999999999997   49.339198199999998
  51.430000000000000   49.371281799999998
  52.210000000000001   49.401700300000002
  53.000000000000000   49.431447700000000
  53.789999999999999   49.460639700000002
  54.590000000000003   49.486975100000002
  55.409999999999997   49.414287000000002
  56.219999999999999   48.233561500000000


# temperature  550.000000000000000
#   -0.002630210851909    0.528082016818063  -39.611319392604948 1317.637174928506738 -16310.227127221158298
  44.759999999999998   49.045902099999999
  45.469999999999999   49.089547699999997
  46.189999999999998   49.131874600000003
  46.920000000000002   49.173208600000002
  47.649999999999999   49.214867800000000
  48.390000000000001   49.254719899999998
  49.140000000000001   49.289844700000003
  49.899999999999999   49.326808800000002
  50.659999999999997   49.358690500000002
  51.430000000000000   49.389649800000001
  52.210000000000001   49.418985300000003
  53.000000000000000   49.447680200000001
  53.789999999999999   49.475838000000003
  54.590000000000003   49.501164600000003
  55.409999999999997   49.427512399999998
  56.219999999999999   48.245867599999997


# temperature  560.000000000000000
#   -0.002652554058099    0.532513364058414  -39.940378020344966 1328.480919229924211 -16443.153442230679502
  44.759999999999998   49.075147800000003
  45.469999999999999   49.117299299999999
  46.189999999999998   49.158174199999998
  46.920000000000002   49.198087700000002
  47.649999999999999   49.238312600000000
  48.390000000000001   49.276798100000001
  49.140000000000001   49.310701299999998
  49.899999999999999   49.346394500000002
  50.659999999999997   49.377163799999998
  51.430000000000000   49.407056799999999
  52.210000000000001   49.435365400000002
  53.000000000000000   49.463062299999997
  53.789999999999999   49.490239600000002
  54.590000000000003   49.514609999999998
  55.409999999999997   49.440043699999997
  56.219999999999999   48.257527699999997


# temperature  570.000000000000000
#   -0.002674506548770    0.536867209524748  -40.263679788694866 1339.134832004554937 -16573.749956209318043
  44.759999999999998   49.102902000000000
  45.469999999999999   49.143633899999998
  46.189999999999998   49.183129500000000
  46.920000000000002   49.221693799999997
  47.649999999999999   49.260556500000000
  48.390000000000001   49.297744199999997
  49.140000000000001   49.330487699999999
  49.899999999999999   49.364974300000000
  50.659999999999997   49.394687699999999
  51.430000000000000   49.423568600000003
  52.210000000000001   49.450902499999998
  53.000000000000000   49.477652300000003
  53.789999999999999   49.503899199999999
  54.590000000000003   49.527362199999999
  55.409999999999997   49.451928799999997
  56.219999999999999   48.268586200000001


# temperature  580.000000000000000
#   -0.002696081326808    0.541146131005008  -40.581416115972040 1349.605226241434593 -16702.094210175746412
  44.759999999999998   49.129263799999997
  45.469999999999999   49.168645800000000
  46.189999999999998   49.206830099999998
  46.920000000000002   49.244111799999999
  47.649999999999999   49.281679799999999
  48.390000000000001   49.317634099999999
  49.140000000000001   49.349275599999999
  49.899999999999999   49.382615600000001
  50.659999999999997   49.411325800000000
  51.430000000000000   49.439245200000002
  52.210000000000001   49.465653300000000
  53.000000000000000   49.491503399999999
  53.789999999999999   49.516866600000000
  54.590000000000003   49.539467999999999
  55.409999999999997   49.463211000000001
  56.219999999999999   48.279083600000000


# temperature  590.000000000000000
#   -0.002717291568517    0.545352744538275  -40.893781544325613 1359.898526844686103 -16828.265254394838848
  44.759999999999998   49.154324299999999
  45.469999999999999   49.192421799999998
  46.189999999999998   49.229358400000002
  46.920000000000002   49.265419899999998
  47.649999999999999   49.301756200000000
  48.390000000000001   49.336537399999997
  49.140000000000001   49.367130699999997
  49.899999999999999   49.399380499999999
  50.659999999999997   49.427136699999998
  51.430000000000000   49.454141900000003
  52.210000000000001   49.479669800000003
  53.000000000000000   49.504664699999999
  53.789999999999999   49.529187899999997
  54.590000000000003   49.550970100000001
  55.409999999999997   49.473930500000002
  56.219999999999999   48.289057100000001


# temperature  600.000000000000000
#   -0.002738148901574    0.549489355287476  -41.200947247584232 1370.020378961384949 -16952.332415218214010
  44.759999999999998   49.178167299999998
  45.469999999999999   49.215041499999998
  46.189999999999998   49.250790000000002
  46.920000000000002   49.285689699999999
  47.649999999999999   49.320853600000000
  48.390000000000001   49.354517999999999
  49.140000000000001   49.384113700000000
  49.899999999999999   49.415325699999997
  50.659999999999997   49.442174100000003
  51.430000000000000   49.468309300000001
  52.210000000000001   49.492999699999999
  53.000000000000000   49.517181000000001
  53.789999999999999   49.540905000000002
  54.590000000000003   49.561908099999997
  55.409999999999997   49.484123900000000
  56.219999999999999   48.298540899999999


# temperature  610.000000000000000
#   -0.002758665142713    0.553558308965543  -41.503087625971567 1379.976540549720994 -17074.366503147550247
  44.759999999999998   49.200870100000003
  45.469999999999999   49.236578399999999
  46.189999999999998   49.271194800000004
  46.920000000000002   49.304987400000002
  47.649999999999999   49.339034099999999
  48.390000000000001   49.371634700000001
  49.140000000000001   49.400280100000003
  49.899999999999999   49.430503799999997
  50.659999999999997   49.456487500000001
  51.430000000000000   49.481794299999997
  52.210000000000001   49.505687199999997
  53.000000000000000   49.529093600000003
  53.789999999999999   49.552056700000001
  54.590000000000003   49.572318000000003
  55.409999999999997   49.493825100000002
  56.219999999999999   48.307566600000001


# temperature  620.000000000000000
#   -0.002778851068164    0.557561742242026  -41.800361358686686 1389.772244891562877 -17194.431791083137796
  44.759999999999998   49.222503900000000
  45.469999999999999   49.257100299999998
  46.189999999999998   49.290636900000003
  46.920000000000002   49.323373900000000
  47.649999999999999   49.356355499999999
  48.390000000000001   49.387941800000000
  49.140000000000001   49.415681399999997
  49.899999999999999   49.444962900000000
  50.659999999999997   49.470122500000002
  51.430000000000000   49.494639800000002
  52.210000000000001   49.517772600000001
  53.000000000000000   49.540440699999998
  53.789999999999999   49.562678800000000
  54.590000000000003   49.582233199999997
  55.409999999999997   49.503064999999999
  56.219999999999999   48.316163099999997


# temperature  630.000000000000000
#   -0.002798717197606    0.561501743854007  -42.092923780248107 1399.412621798102009 -17312.591371663093014
  44.759999999999998   49.243134499999996
  45.469999999999999   49.276669499999997
  46.189999999999998   49.309175799999998
  46.920000000000002   49.340905399999997
  47.649999999999999   49.372870800000001
  48.390000000000001   49.403489499999999
  49.140000000000001   49.430364900000001
  49.899999999999999   49.458747700000004
  50.659999999999997   49.483121199999999
  51.430000000000000   49.506885400000002
  52.210000000000001   49.529293400000000
  53.000000000000000   49.551257399999997
  53.789999999999999   49.572804200000000
  54.590000000000003   49.591684600000001
  55.409999999999997   49.511872599999997
  56.219999999999999   48.324356999999999


# temperature  640.000000000000000
#   -0.002818273261296    0.565380242340938  -42.380918046878115 1408.902389937454473 -17428.903153826599009
  44.759999999999998   49.262822600000000
  45.469999999999999   49.295344000000000
  46.189999999999998   49.326866299999999
  46.920000000000002   49.357634099999999
  47.649999999999999   49.388629100000003
  48.390000000000001   49.418323899999997
  49.140000000000001   49.444374300000000
  49.899999999999999   49.471899299999997
  50.659999999999997   49.495522500000000
  51.430000000000000   49.518568000000002
  52.210000000000001   49.540284100000001
  53.000000000000000   49.561576199999998
  53.789999999999999   49.582463199999999
  54.590000000000003   49.600700500000002
  55.409999999999997   49.520274100000002
  56.219999999999999   48.332173200000000


# temperature  650.000000000000000
#   -0.002837528738611    0.569199118522696  -42.664483928977624 1418.246161680820251 -17543.423816624919709
  44.759999999999998   49.281624600000001
  45.469999999999999   49.313177300000000
  46.189999999999998   49.343759200000001
  46.920000000000002   49.373607900000003
  47.649999999999999   49.403675700000001
  48.390000000000001   49.432487899999998
  49.140000000000001   49.457750300000001
  49.899999999999999   49.484455699999998
  50.659999999999997   49.507362200000003
  51.430000000000000   49.529721199999997
  52.210000000000001   49.550776700000000
  53.000000000000000   49.571427200000002
  53.789999999999999   49.591684100000002
  54.590000000000003   49.609307299999998
  55.409999999999997   49.528294299999999
  56.219999999999999   48.339634500000003


# temperature  660.000000000000000
#   -0.002856493025846    0.572960237453240  -42.943760067553839 1427.448513038106512 -17656.209609498575446
  44.759999999999998   49.299592599999997
  45.469999999999999   49.330218899999998
  46.189999999999998   49.359901499999999
  46.920000000000002   49.388871399999999
  47.649999999999999   49.418052899999999
  48.390000000000001   49.446021199999997
  49.140000000000001   49.470530199999999
  49.899999999999999   49.496452300000001
  50.659999999999997   49.518673800000002
  51.430000000000000   49.540376700000003
  52.210000000000001   49.560800800000003
  53.000000000000000   49.580838000000000
  53.789999999999999   49.600492899999999
  54.590000000000003   49.617529200000000
  55.409999999999997   49.535955700000002
  56.219999999999999   48.346761899999997


# temperature  670.000000000000000
#   -0.002875174437905    0.576665248317122  -43.218868975762611 1436.513485437188820 -17767.310162797592056
  44.759999999999998   49.316775000000000
  45.469999999999999   49.346514800000001
  46.189999999999998   49.375337000000002
  46.920000000000002   49.403466000000002
  47.649999999999999   49.431799400000003
  48.390000000000001   49.458960599999997
  49.140000000000001   49.482748999999998
  49.899999999999999   49.507921799999998
  50.659999999999997   49.529488100000002
  51.430000000000000   49.550563500000003
  52.210000000000001   49.570383700000001
  53.000000000000000   49.589834500000002
  53.789999999999999   49.608913600000001
  54.590000000000003   49.625388899999997
  55.409999999999997   49.543279499999997
  56.219999999999999   48.353574999999999


# temperature  680.000000000000000
#   -0.002893581308934    0.580315803085208  -43.489933283724618 1445.445120668747450 -17876.775075258705328
  44.759999999999998   49.333216800000002
  45.469999999999999   49.362107700000003
  46.189999999999998   49.390106099999997
  46.920000000000002   49.417430099999997
  47.649999999999999   49.444951699999997
  48.390000000000001   49.471340200000000
  49.140000000000001   49.494438799999998
  49.899999999999999   49.518894500000002
  50.659999999999997   49.539833700000003
  51.430000000000000   49.560308599999999
  52.210000000000001   49.579550900000001
  53.000000000000000   49.598440500000002
  53.789999999999999   49.616968800000002
  54.590000000000003   49.632907199999998
  55.409999999999997   49.550285000000002
  56.219999999999999   48.360092100000003


# temperature  690.000000000000000
#   -0.002911721737051    0.583913510579129  -43.757072690439713 1454.247372831104258 -17984.652984070100501
  44.759999999999998   49.348959899999997
  45.469999999999999   49.377037399999999
  46.189999999999998   49.404246600000000
  46.920000000000002   49.430799399999998
  47.649999999999999   49.457543299999998
  48.390000000000001   49.483191699999999
  49.140000000000001   49.505629700000000
  49.899999999999999   49.529398499999999
  50.659999999999997   49.549737299999997
  51.430000000000000   49.569637100000001
  52.210000000000001   49.588326100000003
  53.000000000000000   49.606678400000000
  53.789999999999999   49.624679299999997
  54.590000000000003   49.640103699999997
  55.409999999999997   49.556990599999999
  56.219999999999999   48.366329899999997


# temperature  700.000000000000000
#   -0.002929603031026    0.587459818310151  -44.020394565824745 1462.923778274521510 -18090.987244223040761
  44.759999999999998   49.364043000000002
  45.469999999999999   49.391340800000002
  46.189999999999998   49.417793400000001
  46.920000000000002   49.443607100000001
  47.649999999999999   49.469605700000002
  48.390000000000001   49.494544699999999
  49.140000000000001   49.516349599999998
  49.899999999999999   49.539460300000002
  50.659999999999997   49.559223600000003
  51.430000000000000   49.578572399999999
  52.210000000000001   49.596731300000002
  53.000000000000000   49.614568800000001
  53.789999999999999   49.632064300000003
  54.590000000000003   49.646996299999998
  55.409999999999997   49.563412900000003
  56.219999999999999   48.372304300000003


# temperature  710.000000000000000
#   -0.002947232513284    0.590956180259990  -44.280007032796433 1471.477906800638493 -18195.821736643287295
  44.759999999999998   49.378502400000002
  45.469999999999999   49.405052300000001
  46.189999999999998   49.430779299999998
  46.920000000000002   49.455884099999999
  47.649999999999999   49.481167800000001
  48.390000000000001   49.505426600000000
  49.140000000000001   49.526624499999997
  49.899999999999999   49.549104100000001
  50.659999999999997   49.568315800000001
  51.430000000000000   49.587136299999997
  52.210000000000001   49.604786799999999
  53.000000000000000   49.622130900000002
  53.789999999999999   49.639142000000000
  54.590000000000003   49.653601899999998
  55.409999999999997   49.569567800000002
  56.219999999999999   48.378029699999999


# temperature  720.000000000000000
#   -0.002964617442876    0.594404036656809  -44.536017102595153 1479.913288460679951 -18299.199822358517849
  44.759999999999998   49.392372000000002
  45.469999999999999   49.418204099999997
  46.189999999999998   49.443234699999998
  46.920000000000002   49.467659200000000
  47.649999999999999   49.492257000000002
  48.390000000000001   49.515863199999998
  49.140000000000001   49.536478600000002
  49.899999999999999   49.558352800000002
  50.659999999999997   49.577035199999997
  51.430000000000000   49.595348899999998
  52.210000000000001   49.612511900000001
  53.000000000000000   49.629382600000000
  53.789999999999999   49.645929099999996
  54.590000000000003   49.659936199999997
  55.409999999999997   49.575469800000000
  56.219999999999999   48.383519900000003


# temperature  730.000000000000000
#   -0.002981764345062    0.597804681034580  -44.788520803024419 1488.233088209878133 -18401.160326672430529
  44.759999999999998   49.405683199999999
  45.469999999999999   49.430826099999997
  46.189999999999998   49.455188000000000
  46.920000000000002   49.478959300000000
  47.649999999999999   49.502898700000003
  48.390000000000001   49.525878300000002
  49.140000000000001   49.545934600000002
  49.899999999999999   49.567227600000002
  50.659999999999997   49.585401900000001
  51.430000000000000   49.603229300000002
  52.210000000000001   49.619924300000001
  53.000000000000000   49.636340599999997
  53.789999999999999   49.652441199999998
  54.590000000000003   49.666013900000003
  55.409999999999997   49.581132599999997
  56.219999999999999   48.388787499999999


# temperature  740.000000000000000
#   -0.002998679390434    0.601159338370887  -45.037609212592464 1496.440312806763359 -18501.740195659043820
  44.759999999999998   49.418465599999998
  45.469999999999999   49.442946200000002
  46.189999999999998   49.466665800000001
  46.920000000000002   49.489809600000001
  47.649999999999999   49.513116400000001
  48.390000000000001   49.535494200000002
  49.140000000000001   49.555013500000001
  49.899999999999999   49.575748300000001
  50.659999999999997   49.593434700000003
  51.430000000000000   49.610795000000003
  52.210000000000001   49.627040600000001
  53.000000000000000   49.643020700000001
  53.789999999999999   49.658693100000001
  54.590000000000003   49.671848599999997
  55.409999999999997   49.586568900000003
  56.219999999999999   48.393844299999998


# temperature  750.000000000000000
#   -0.003015369014974    0.604469284855763  -45.283377091630769 1504.538085787844693 -18600.977762707763759
  44.759999999999998   49.430746599999999
  45.469999999999999   49.454590699999997
  46.189999999999998   49.477692900000001
  46.920000000000002   49.500233600000001
  47.649999999999999   49.522932500000003
  48.390000000000001   49.544731900000002
  49.140000000000001   49.563735100000002
  49.899999999999999   49.583933500000001
  50.659999999999997   49.601151100000003
  51.430000000000000   49.618062500000001
  52.210000000000001   49.633876399999998
  53.000000000000000   49.649437300000002
  53.789999999999999   49.664698299999998
  54.590000000000003   49.677453000000000
  55.409999999999997   49.591790600000003
  56.219999999999999   48.398701500000001


# temperature  760.000000000000000
#   -0.003031838861369    0.607735639116963  -45.525907490635319 1512.529144700824645 -18698.906608332217729
  44.759999999999998   49.442552200000002
  45.469999999999999   49.465784100000000
  46.189999999999998   49.488292399999999
  46.920000000000002   49.510253200000001
  47.649999999999999   49.532367600000001
  48.390000000000001   49.553610800000001
  49.140000000000001   49.572117900000002
  49.899999999999999   49.591800599999999
  50.659999999999997   49.608567399999998
  51.430000000000000   49.625047299999999
  52.210000000000001   49.640446099999998
  53.000000000000000   49.655604099999998
  53.789999999999999   49.670469699999998
  54.590000000000003   49.682839100000002
  55.409999999999997   49.596808899999999
  56.219999999999999   48.403369400000003


# temperature  770.000000000000000
#   -0.003048094790135    0.610959565003099  -45.765286964636410 1520.416347230455358 -18795.561858730048698
  44.759999999999998   49.453906400000001
  45.469999999999999   49.476549300000002
  46.189999999999998   49.498486300000003
  46.920000000000002   49.519889100000000
  47.649999999999999   49.541441100000000
  48.390000000000001   49.562149300000002
  49.140000000000001   49.580179100000002
  49.899999999999999   49.599365700000000
  50.659999999999997   49.615698999999999
  51.430000000000000   49.631763900000003
  52.210000000000001   49.646763499999999
  53.000000000000000   49.661533800000001
  53.789999999999999   49.676019199999999
  54.590000000000003   49.688018000000000
  55.409999999999997   49.601634099999998
  56.219999999999999   48.407857700000001


# temperature  780.000000000000000
#   -0.003064142641968    0.614142221402482  -46.001601620957494 1528.202533565709473 -18890.978396840597270
  44.759999999999998   49.464831900000000
  45.469999999999999   49.486907700000003
  46.189999999999998   49.508294800000002
  46.920000000000002   49.529160599999997
  47.649999999999999   49.550171200000001
  48.390000000000001   49.570364599999998
  49.140000000000001   49.587934900000000
  49.899999999999999   49.606644199999998
  50.659999999999997   49.622560200000002
  51.430000000000000   49.638225700000000
  52.210000000000001   49.652841100000003
  53.000000000000000   49.667238599999997
  53.789999999999999   49.681358000000003
  54.590000000000003   49.693000300000001
  55.409999999999997   49.606276000000001
  56.219999999999999   48.412175499999996


# temperature  790.000000000000000
#   -0.003079986787747    0.617284472780027  -46.234915487651193 1535.889809202328024 -18985.181960543694004
  44.759999999999998   49.475349999999999
  45.469999999999999   49.496879600000000
  46.189999999999998   49.517737099999998
  46.920000000000002   49.538085700000003
  47.649999999999999   49.558574999999998
  48.390000000000001   49.578272599999998
  49.140000000000001   49.595400599999998
  49.899999999999999   49.613650200000002
  50.659999999999997   49.629164500000002
  51.430000000000000   49.644445500000003
  52.210000000000001   49.658690999999997
  53.000000000000000   49.672729500000003
  53.789999999999999   49.686496599999998
  54.590000000000003   49.697795800000002
  55.409999999999997   49.610743900000003
  56.219999999999999   48.416331300000003


# temperature  800.000000000000000
#   -0.003095633199107    0.620387506966932  -46.465317042156478 1543.481099602393442 -19078.208586329677928
  44.759999999999998   49.485480600000002
  45.469999999999999   49.506484000000000
  46.189999999999998   49.526831100000003
  46.920000000000002   49.546681399999997
  47.649999999999999   49.566668600000000
  48.390000000000001   49.585888400000002
  49.140000000000001   49.602590399999997
  49.899999999999999   49.620397199999999
  50.659999999999997   49.635524599999997
  51.430000000000000   49.650435100000003
  52.210000000000001   49.664324499999999
  53.000000000000000   49.678017199999999
  53.789999999999999   49.691445000000002
  54.590000000000003   49.702413600000000
  55.409999999999997   49.615046100000001
  56.219999999999999   48.420332999999999


# temperature  810.000000000000000
#   -0.003111086177509    0.623452174678231  -46.692869289306543 1550.978476299794693 -19170.083602042272105
  44.759999999999998   49.495242400000002
  45.469999999999999   49.515738499999998
  46.189999999999998   49.535593800000001
  46.920000000000002   49.554963800000003
  47.649999999999999   49.574466899999997
  48.390000000000001   49.593226399999999
  49.140000000000001   49.609517799999999
  49.899999999999999   49.626897800000002
  50.659999999999997   49.641652299999997
  51.430000000000000   49.656205900000003
  52.210000000000001   49.669751900000001
  53.000000000000000   49.683111400000001
  53.789999999999999   49.696212299999999
  54.590000000000003   49.706862500000000
  55.409999999999997   49.619191000000001
  56.219999999999999   48.424188299999997


# temperature  820.000000000000000
#   -0.003126350767350    0.626479478520260  -46.917646853033908 1558.384404914757397 -19260.837342182370776
  44.759999999999998   49.504653200000000
  45.469999999999999   49.524659999999997
  46.189999999999998   49.544040899999999
  46.920000000000002   49.562947700000002
  47.649999999999999   49.581984100000000
  48.390000000000001   49.600299800000002
  49.140000000000001   49.616195200000000
  49.899999999999999   49.633163799999998
  50.659999999999997   49.647558699999998
  51.430000000000000   49.661768199999997
  52.210000000000001   49.674983300000001
  53.000000000000000   49.688021599999999
  53.789999999999999   49.700807300000001
  54.590000000000003   49.711150500000002
  55.409999999999997   49.623185900000003
  56.219999999999999   48.427904099999999


# temperature  830.000000000000000
#   -0.003141431162871    0.629470248745662  -47.139711277953644 1565.700910710647349 -19350.494597402317595
  44.759999999999998   49.513729400000003
  45.469999999999999   49.533264299999999
  46.189999999999998   49.552187500000002
  46.920000000000002   49.570647500000000
  47.649999999999999   49.589233600000000
  48.390000000000001   49.607121100000001
  49.140000000000001   49.622634599999998
  49.899999999999999   49.639206299999998
  50.659999999999997   49.653254400000002
  51.430000000000000   49.667132100000003
  52.210000000000001   49.680028000000000
  53.000000000000000   49.692756500000002
  53.789999999999999   49.705238199999997
  54.590000000000003   49.715285299999998
  55.409999999999997   49.627037999999999
  56.219999999999999   48.431487099999998


# temperature  840.000000000000000
#   -0.003156331993317    0.632425404277409  -47.359130866017772 1572.930247129718737 -19439.083045439787384
  44.759999999999998   49.522486700000002
  45.469999999999999   49.541566000000003
  46.189999999999998   49.560047599999997
  46.920000000000002   49.578076299999999
  47.649999999999999   49.596227900000002
  48.390000000000001   49.613702099999998
  49.140000000000001   49.628847100000002
  49.899999999999999   49.645035800000002
  50.659999999999997   49.658749399999998
  51.430000000000000   49.672306700000000
  52.210000000000001   49.684894600000000
  53.000000000000000   49.697324199999997
  53.789999999999999   49.709512699999998
  54.590000000000003   49.719274100000000
  55.409999999999997   49.630754199999998
  56.219999999999999   48.434943500000003


# temperature  850.000000000000000
#   -0.003171057505986    0.635345788426757  -47.575968325256476 1580.074484292692432 -19526.628124319166091
  44.759999999999998   49.530939900000000
  45.469999999999999   49.549579299999998
  46.189999999999998   49.567634400000003
  46.920000000000002   49.585246699999999
  47.649999999999999   49.602978800000002
  48.390000000000001   49.620054099999997
  49.140000000000001   49.634843199999999
  49.899999999999999   49.650662300000000
  50.659999999999997   49.664052800000000
  51.430000000000000   49.677301000000000
  52.210000000000001   49.689591600000000
  53.000000000000000   49.701732600000000
  53.789999999999999   49.713638000000003
  54.590000000000003   49.723123700000002
  55.409999999999997   49.634340600000002
  56.219999999999999   48.438279299999998


# temperature  860.000000000000000
#   -0.003185611680499    0.638232189601509  -47.790282139124933 1587.135547787220275 -19613.153422647370462
  44.759999999999998   49.539102800000002
  45.469999999999999   49.557317300000001
  46.189999999999998   49.574960400000002
  46.920000000000002   49.592170600000003
  47.649999999999999   49.609497500000003
  48.390000000000001   49.626187399999999
  49.140000000000001   49.640632900000000
  49.899999999999999   49.656094899999999
  50.659999999999997   49.669173399999998
  51.430000000000000   49.682123099999998
  52.210000000000001   49.694126599999997
  53.000000000000000   49.705989000000002
  53.789999999999999   49.717621100000002
  54.590000000000003   49.726840500000002
  55.409999999999997   49.637803200000000
  56.219999999999999   48.441499899999997


# temperature  870.000000000000000
#   -0.003199998328817    0.641085364219870  -48.002128516901323 1594.115291840166265 -19698.681701118297497
  44.759999999999998   49.546988499999998
  45.469999999999999   49.564792400000002
  46.189999999999998   49.582037399999997
  46.920000000000002   49.598858999999997
  47.649999999999999   49.615794399999999
  48.390000000000001   49.632111999999999
  49.140000000000001   49.646225500000000
  49.899999999999999   49.661342500000003
  50.659999999999997   49.674119699999999
  51.430000000000000   49.686780900000002
  52.210000000000001   49.698507100000000
  53.000000000000000   49.710100300000001
  53.789999999999999   49.721468299999998
  54.590000000000003   49.730430499999997
  55.409999999999997   49.641147699999998
  56.219999999999999   48.444610699999998


# temperature  880.000000000000000
#   -0.003214221231629    0.643906061137331  -48.211563000510161 1601.015545022330343 -19783.235361296014162
  44.759999999999998   49.554609399999997
  45.469999999999999   49.572016300000001
  46.189999999999998   49.588876599999999
  46.920000000000002   49.605322600000001
  47.649999999999999   49.621879499999999
  48.390000000000001   49.637837200000000
  49.140000000000001   49.651629800000002
  49.899999999999999   49.666413400000003
  50.659999999999997   49.678899299999998
  51.430000000000000   49.691281699999998
  52.210000000000001   49.702739899999997
  53.000000000000000   49.714072999999999
  53.789999999999999   49.725185799999998
  54.590000000000003   49.733899399999999
  55.409999999999997   49.644379399999998
  56.219999999999999   48.447616400000001


# temperature  890.000000000000000
#   -0.003228284498895    0.646695098292137  -48.418646543783410 1607.838323546414586 -19866.839239461885882
  44.759999999999998   49.561977300000002
  45.469999999999999   49.579000299999997
  46.189999999999998   49.595488400000001
  46.920000000000002   49.611571200000000
  47.649999999999999   49.627762099999998
  48.390000000000001   49.643371899999998
  49.140000000000001   49.656854199999998
  49.899999999999999   49.671315499999999
  50.659999999999997   49.683519599999997
  51.430000000000000   49.695632600000003
  52.210000000000001   49.706831600000001
  53.000000000000000   49.717913199999998
  53.789999999999999   49.728779299999999
  54.590000000000003   49.737252599999998
  55.409999999999997   49.647503299999997
  56.219999999999999   48.450521899999998


# temperature  900.000000000000000
#   -0.003242191021771    0.649453045827992  -48.623421248561108 1614.585007525059154 -19949.510144842643058
  44.759999999999998   49.569103100000000
  45.469999999999999   49.585754799999997
  46.189999999999998   49.601882900000000
  46.920000000000002   49.617614300000000
  47.649999999999999   49.633451200000003
  48.390000000000001   49.648724399999999
  49.140000000000001   49.661906600000002
  49.899999999999999   49.676056000000003
  50.659999999999997   49.687987800000002
  51.430000000000000   49.699840100000003
  52.210000000000001   49.710788399999998
  53.000000000000000   49.721626800000003
  53.789999999999999   49.732254200000000
  54.590000000000003   49.740495199999998
  55.409999999999997   49.650524099999998
  56.219999999999999   48.453331499999997


# temperature  910.000000000000000
#   -0.003255944765822    0.652180692903958  -48.825945919178125 1621.257541831074832 -20031.272034896650439
  44.759999999999998   49.575997399999999
  45.469999999999999   49.592289600000001
  46.189999999999998   49.608069399999998
  46.920000000000002   49.623460700000003
  47.649999999999999   49.638955099999997
  48.390000000000001   49.653902600000002
  49.140000000000001   49.666794400000001
  49.899999999999999   49.680642100000000
  50.659999999999997   49.692310300000003
  51.430000000000000   49.703910399999998
  52.210000000000001   49.714616200000002
  53.000000000000000   49.725219299999999
  53.789999999999999   49.735615799999998
  54.590000000000003   49.743631999999998
  55.409999999999997   49.653446299999999
  56.219999999999999   48.456049299999997


# temperature  920.000000000000000
#   -0.003269548930155    0.654878673840103  -49.026267654132447 1627.857478819705420 -20112.143945640105812
  44.759999999999998   49.582670000000000
  45.469999999999999   49.598614300000001
  46.189999999999998   49.614056800000000
  46.920000000000002   49.629118900000002
  47.649999999999999   49.644281700000001
  48.390000000000001   49.658914000000003
  49.140000000000001   49.671524699999999
  49.899999999999999   49.685080300000003
  50.659999999999997   49.696493400000001
  51.430000000000000   49.707849400000001
  52.210000000000001   49.718320499999997
  53.000000000000000   49.728695799999997
  53.789999999999999   49.738868900000000
  54.590000000000003   49.746667500000001
  55.409999999999997   49.656274099999997
  56.219999999999999   48.458679400000001


# temperature  930.000000000000000
#   -0.003283006721229    0.657547623817184  -49.224433566031493 1634.386369475378615 -20192.144875077363395
  44.759999999999998   49.589130300000001
  45.469999999999999   49.604737600000000
  46.189999999999998   49.619853599999999
  46.920000000000002   49.634596899999998
  47.649999999999999   49.649438600000003
  48.390000000000001   49.663765599999998
  49.140000000000001   49.676104100000003
  49.899999999999999   49.689377000000000
  50.659999999999997   49.700543000000003
  51.430000000000000   49.711662699999998
  52.210000000000001   49.721906500000003
  53.000000000000000   49.732061299999998
  53.789999999999999   49.742018100000003
  54.590000000000003   49.749606000000000
  55.409999999999997   49.659011599999999
  56.219999999999999   48.461225499999998


# temperature  940.000000000000000
#   -0.003296320916285    0.660188093252729  -49.420484505139825 1640.845559637198903 -20271.291310996224638
  44.759999999999998   49.595387299999999
  45.469999999999999   49.610668099999998
  46.189999999999998   49.625467700000002
  46.920000000000002   49.639902300000003
  47.649999999999999   49.654432900000003
  48.390000000000001   49.668464200000003
  49.140000000000001   49.680539099999997
  49.899999999999999   49.693537999999997
  50.659999999999997   49.704464799999997
  51.430000000000000   49.715355500000001
  52.210000000000001   49.725379300000000
  53.000000000000000   49.735320500000000
  53.789999999999999   49.745067800000001
  54.590000000000003   49.752451700000002
  55.409999999999997   49.661662499999998
  56.219999999999999   48.463690999999997


# temperature  950.000000000000000
#   -0.003309494999691    0.662800773730313  -49.614471866957317 1647.236744483018811 -20349.604075158575142
  44.759999999999998   49.601449199999998
  45.469999999999999   49.616413799999997
  46.189999999999998   49.630906699999997
  46.920000000000002   49.645042099999998
  47.649999999999999   49.659271400000002
  48.390000000000001   49.673016099999998
  49.140000000000001   49.684835499999998
  49.899999999999999   49.697569100000003
  50.659999999999997   49.708264100000001
  51.430000000000000   49.718933000000000
  52.210000000000001   49.728743500000000
  53.000000000000000   49.738477799999998
  53.789999999999999   49.748022200000001
  54.590000000000003   49.755208300000000
  55.409999999999997   49.664230600000003
  56.219999999999999   48.466079399999998


# temperature  960.000000000000000
#   -0.003322531650220    0.665386197200440  -49.806435211366846 1653.561230026718022 -20427.099204618181830
  44.759999999999998   49.607324200000001
  45.469999999999999   49.621982099999997
  46.189999999999998   49.636177900000000
  46.920000000000002   49.650023200000000
  47.649999999999999   49.663960400000001
  48.390000000000001   49.677427399999999
  49.140000000000001   49.688999199999998
  49.899999999999999   49.701475600000002
  50.659999999999997   49.711945800000002
  51.430000000000000   49.722399799999998
  52.210000000000001   49.732003599999999
  53.000000000000000   49.741537399999999
  53.789999999999999   49.750884999999997
  54.590000000000003   49.757879600000003
  55.409999999999997   49.666719100000002
  56.219999999999999   48.468393900000002


# temperature  970.000000000000000
#   -0.003335433712680    0.667944927222970  -49.996416336865231 1659.820392118238715 -20503.793548760349950
  44.759999999999998   49.613019899999998
  45.469999999999999   49.627380400000000
  46.189999999999998   49.641288000000003
  46.920000000000002   49.654852099999999
  47.649999999999999   49.668506000000001
  48.390000000000001   49.681703700000000
  49.140000000000001   49.693035500000001
  49.899999999999999   49.705262500000003
  50.659999999999997   49.715514900000002
  51.430000000000000   49.725760399999999
  52.210000000000001   49.735163900000003
  53.000000000000000   49.744503199999997
  53.789999999999999   49.753660199999999
  54.590000000000003   49.760469100000002
  55.409999999999997   49.669131299999997
  56.219999999999999   48.470637400000001


