# temperature   10.000000000000000
#    0.000885238819363   -0.171695274798924   12.487929093040373 -403.619333201599261 4891.204080270852501
  44.759999999999998    0.166692900000000
  45.469999999999999    0.161682800000000
  46.189999999999998    0.160519500000000
  46.920000000000002    0.162389100000000
  47.649999999999999    0.168639600000000
  48.390000000000001    0.176950000000000
  49.140000000000001    0.187275400000000
  49.899999999999999    0.203409600000000
  50.659999999999997    0.223048700000000
  51.430000000000000    0.252393900000000
  52.210000000000001    0.291938400000000
  53.000000000000000    0.350327200000000
  53.789999999999999    0.445671200000000
  54.590000000000003    0.627180700000000
  55.409999999999997    1.083198000000000
  56.219999999999999    1.844431500000000


# temperature   20.000000000000000
#   -0.000386125759153    0.081041270943177   -6.296559554326119  215.377704314414132 -2737.478436413152849
  44.759999999999998    1.941452300000000
  45.469999999999999    1.949941600000000
  46.189999999999998    1.982984400000000
  46.920000000000002    2.036212200000000
  47.649999999999999    2.117170300000000
  48.390000000000001    2.207048100000000
  49.140000000000001    2.326540500000000
  49.899999999999999    2.468384500000000
  50.659999999999997    2.645825300000000
  51.430000000000000    2.867222400000000
  52.210000000000001    3.150888200000000
  53.000000000000000    3.517695900000000
  53.789999999999999    4.034931300000000
  54.590000000000003    4.814162900000000
  55.409999999999997    6.158780200000000
  56.219999999999999    7.534498100000000


# temperature   30.000000000000000
#   -0.000960175065276    0.193593640720563  -14.559385859280850  484.730503294364667 -6022.950746188686026
  44.759999999999998    5.249984100000000
  45.469999999999999    5.316734600000000
  46.189999999999998    5.424410900000000
  46.920000000000002    5.565704400000000
  47.649999999999999    5.753697800000000
  48.390000000000001    5.956894000000000
  49.140000000000001    6.211865900000000
  49.899999999999999    6.504275800000000
  50.659999999999997    6.856444800000000
  51.430000000000000    7.278924300000000
  52.210000000000001    7.801358700000000
  53.000000000000000    8.449025400000000
  53.789999999999999    9.313105999999999
  54.590000000000003   10.518474500000000
  55.409999999999997   12.363139700000000
  56.219999999999999   13.890656000000000


# temperature   40.000000000000000
#   -0.001129634748859    0.225406562114972  -16.793759493848498  554.464409938984090 -6835.946464132342953
  44.759999999999998    9.055719099999999
  45.469999999999999    9.192427500000001
  46.189999999999998    9.381639900000000
  46.920000000000002    9.615017600000000
  47.649999999999999    9.910746400000001
  48.390000000000001   10.229203900000000
  49.140000000000001   10.614348400000001
  49.899999999999999   11.051941500000000
  50.659999999999997   11.563224300000000
  51.430000000000000   12.163389900000000
  52.210000000000001   12.887362500000000
  53.000000000000000   13.762071799999999
  53.789999999999999   14.889630700000000
  54.590000000000003   16.396294900000001
  55.409999999999997   18.558415199999999
  56.219999999999999   20.116725299999999


# temperature   50.000000000000000
#   -0.001130860310714    0.224224946227211  -16.611432059204837  545.822513402405093 -6699.771564948949162
  44.759999999999998   12.923919400000001
  45.469999999999999   13.137637300000000
  46.189999999999998   13.413480000000000
  46.920000000000002   13.743042000000001
  47.649999999999999   14.149173899999999
  48.390000000000001   14.585434100000001
  49.140000000000001   15.097016000000000
  49.899999999999999   15.675061700000001
  50.659999999999997   16.331997800000000
  51.430000000000000   17.089728300000001
  52.210000000000001   17.985299399999999
  53.000000000000000   19.046365300000001
  53.789999999999999   20.380534500000000
  54.590000000000003   22.112725500000000
  55.409999999999997   24.497393400000000
  56.219999999999999   26.042411500000000


# temperature   60.000000000000000
#   -0.001099682172570    0.217325673790190  -16.058828962681698  526.763165212513059 -6456.824063209352971
  44.759999999999998   16.740475000000000
  45.469999999999999   17.035528800000002
  46.189999999999998   17.400368100000001
  46.920000000000002   17.826786899999998
  47.649999999999999   18.341686400000000
  48.390000000000001   18.892203200000001
  49.140000000000001   19.521268800000001
  49.899999999999999   20.228613500000002
  50.659999999999997   21.013902000000002
  51.430000000000000   21.906785100000000
  52.210000000000001   22.945112999999999
  53.000000000000000   24.157027599999999
  53.789999999999999   25.653251800000000
  54.590000000000003   27.556992300000001
  55.409999999999997   30.103318000000002
  56.219999999999999   31.611588300000001


# temperature   70.000000000000000
#   -0.001080082789403    0.213228850495882  -15.750160754899943  516.810870524259030 -6337.903424792404621
  44.759999999999998   20.475429299999998
  45.469999999999999   20.850934599999999
  46.189999999999998   21.301789599999999
  46.920000000000002   21.820031900000000
  47.649999999999999   22.435995100000000
  48.390000000000001   23.090886900000001
  49.140000000000001   23.823868800000000
  49.899999999999999   24.644536700000000
  50.659999999999997   25.538849800000001
  51.430000000000000   26.544222000000001
  52.210000000000001   27.698820200000000
  53.000000000000000   29.031235599999999
  53.789999999999999   30.654157600000001
  54.590000000000003   32.689273399999998
  55.409999999999997   35.354898400000003
  56.219999999999999   36.812134600000000


# temperature   80.000000000000000
#   -0.001076285917681    0.212521548673347  -15.709316869045795  516.085556116858129 -6336.231658934595544
  44.759999999999998   24.112637899999999
  45.469999999999999   24.563387200000001
  46.189999999999998   25.093230500000001
  46.920000000000002   25.694447100000001
  47.649999999999999   26.400255600000001
  48.390000000000001   27.146598099999999
  49.140000000000001   27.968507899999999
  49.899999999999999   28.885407799999999
  50.659999999999997   29.870279000000000
  51.430000000000000   30.967696199999999
  52.210000000000001   32.215975399999998
  53.000000000000000   33.644149400000003
  53.789999999999999   35.366254200000000
  54.590000000000003   37.502737199999999
  55.409999999999997   40.257400199999999
  56.219999999999999   41.654947700000001


# temperature   90.000000000000000
#   -0.001082959150022    0.213987699492894  -15.834405882144846  520.870400739590764 -6401.953620920650792
  44.759999999999998   27.638482100000001
  45.469999999999999   28.156964599999998
  46.189999999999998   28.756908200000002
  46.920000000000002   29.430825599999999
  47.649999999999999   30.214354199999999
  48.390000000000001   31.038889399999999
  49.140000000000001   31.935528800000000
  49.899999999999999   32.932791899999998
  50.659999999999997   33.992101499999997
  51.430000000000000   35.164341000000000
  52.210000000000001   36.487919699999999
  53.000000000000000   37.992294700000002
  53.789999999999999   39.792477800000000
  54.590000000000003   42.007924400000000
  55.409999999999997   44.829738100000000
  56.219999999999999   46.162732900000002


# temperature  100.000000000000000
#   -0.001094869994008    0.216510852772240  -16.037264083719826  528.117785907256234 -6496.172773406704437
  44.759999999999998   31.042581299999998
  45.469999999999999   31.620612600000001
  46.189999999999998   32.281508899999999
  46.920000000000002   33.018006300000003
  47.649999999999999   33.867770700000001
  48.390000000000001   34.758333299999997
  49.140000000000001   35.717263899999999
  49.899999999999999   36.781177399999997
  50.659999999999997   37.901513600000001
  51.430000000000000   39.134580000000000
  52.210000000000001   40.518860500000002
  53.000000000000000   42.084206999999999
  53.789999999999999   43.946367199999997
  54.590000000000003   46.223999200000002
  55.409999999999997   49.096970100000000
  56.219999999999999   50.363107300000003


# temperature  110.000000000000000
#   -0.001108635332212    0.219387434933330  -16.263816745367052  536.012072965883590 -6596.422423583166164
  44.759999999999998   34.318741699999997
  45.469999999999999   34.948426599999998
  46.189999999999998   35.661737899999999
  46.920000000000002   36.451622800000003
  47.649999999999999   37.357451400000002
  48.390000000000001   38.303495400000003
  49.140000000000001   39.314253800000003
  49.899999999999999   40.433396700000003
  50.659999999999997   41.603866099999998
  51.430000000000000   42.886579599999997
  52.210000000000001   44.320086199999999
  53.000000000000000   45.934597599999996
  53.789999999999999   47.846432200000002
  54.590000000000003   50.173599799999998
  55.409999999999997   53.085914500000001
  56.219999999999999   54.284585600000000


# temperature  120.000000000000000
#   -0.001122403662682    0.222240131659480  -16.485769650306427  543.631276018306380 -6691.685347850623657
  44.759999999999998   37.464766300000001
  45.469999999999999   38.138954300000002
  46.189999999999998   38.897114799999997
  46.920000000000002   39.732391600000000
  47.649999999999999   40.685591600000002
  48.390000000000001   41.678241800000002
  49.140000000000001   42.732204500000002
  49.899999999999999   43.897235500000001
  50.659999999999997   45.109082999999998
  51.430000000000000   46.432567200000001
  52.210000000000001   47.906295000000000
  53.000000000000000   49.560801099999999
  53.789999999999999   51.512856200000002
  54.590000000000003   53.879934599999999
  55.409999999999997   56.822767399999996
  56.219999999999999   57.954463400000002


# temperature  130.000000000000000
#   -0.001135286570543    0.224892357189564  -16.690327012658852  550.577410521097249 -6777.480036181987089
  44.759999999999998   40.481658099999997
  45.469999999999999   41.194094600000000
  46.189999999999998   41.990588099999997
  46.920000000000002   42.864463499999999
  47.649999999999999   43.857743399999997
  48.390000000000001   44.889641200000000
  49.140000000000001   45.979766400000003
  49.899999999999999   47.183102699999999
  50.659999999999997   48.429312099999997
  51.430000000000000   49.786518299999997
  52.210000000000001   51.293379899999998
  53.000000000000000   52.980719200000003
  53.789999999999999   54.965670799999998
  54.590000000000003   57.365260499999998
  55.409999999999997   60.331941100000002
  56.219999999999999   61.397845500000003


# temperature  140.000000000000000
#   -0.001146933022498    0.227277652627829  -16.873028390766677  556.727706894534208 -6852.664054538219716
  44.759999999999998   43.372707200000001
  45.469999999999999   44.118025699999997
  46.189999999999998   44.947325900000003
  46.920000000000002   45.854097500000002
  47.649999999999999   46.881396799999997
  48.390000000000001   47.946480000000001
  49.140000000000001   49.067033100000003
  49.899999999999999   50.302528700000003
  50.659999999999997   51.577467300000002
  51.430000000000000   52.962777899999999
  52.210000000000001   54.497163100000002
  53.000000000000000   56.211700700000002
  53.789999999999999   58.223822599999998
  54.590000000000003   60.650172499999996
  55.409999999999997   63.635601999999999
  56.219999999999999   64.637317699999997


# temperature  150.000000000000000
#   -0.001157271569127    0.229385845776331  -17.033577280572231  562.092885577953894 -6917.656237350047377
  44.759999999999998   46.142690399999999
  45.469999999999999   46.916334200000001
  46.189999999999998   47.773790200000001
  46.920000000000002   48.708697200000003
  47.649999999999999   49.764994799999997
  48.390000000000001   50.858276600000003
  49.140000000000001   52.004581899999998
  49.899999999999999   53.267245199999998
  50.659999999999997   54.566372500000000
  51.430000000000000   55.975284400000000
  52.210000000000001   57.532720800000000
  53.000000000000000   59.269985900000002
  53.789999999999999   61.304757199999997
  54.590000000000003   63.753349000000000
  55.409999999999997   66.753586700000000
  56.219999999999999   67.692954099999994


# temperature  160.000000000000000
#   -0.001166363849656    0.231232911045228  -17.173545806581679  566.740721159075520 -6973.499803133288879
  44.759999999999998   48.797252600000000
  45.469999999999999   49.595371100000001
  46.189999999999998   50.477080200000003
  46.920000000000002   51.436153500000003
  47.649999999999999   52.517288999999998
  48.390000000000001   53.634660400000001
  49.140000000000001   54.802892900000003
  49.899999999999999   56.088653299999997
  50.659999999999997   57.408288200000001
  51.430000000000000   58.837167399999998
  52.210000000000001   60.414061400000001
  53.000000000000000   62.170475900000000
  53.789999999999999   64.224292700000007
  54.590000000000003   66.691538600000001
  55.409999999999997   69.703507799999997
  56.219999999999999   70.582484399999998


# temperature  170.000000000000000
#   -0.001174326652350    0.232845165546138  -17.295192853679783  570.757574837042512 -7021.403954361268916
  44.759999999999998   51.342459599999998
  45.469999999999999   52.161803300000003
  46.189999999999998   53.064491199999999
  46.920000000000002   54.044417699999997
  47.649999999999999   55.146935599999999
  48.390000000000001   56.284999999999997
  49.140000000000001   57.472015599999999
  49.899999999999999   58.777536300000001
  50.659999999999997   60.114675499999997
  51.430000000000000   61.560568000000004
  52.210000000000001   63.154009199999997
  53.000000000000000   64.926684100000003
  53.789999999999999   66.996646400000003
  54.590000000000003   69.479668899999993
  55.409999999999997   72.500944099999998
  56.219999999999999   73.321525899999997


# temperature  180.000000000000000
#   -0.001181293265897    0.234251569088950  -17.400901904338639  574.230687607538016 -7062.541876654146108
  44.759999999999998   53.784492100000001
  45.469999999999999   54.622316800000000
  46.189999999999998   55.543230999999999
  46.920000000000002   56.541237899999999
  47.649999999999999   57.662258000000001
  48.390000000000001   58.818195199999998
  49.140000000000001   60.021395599999998
  49.899999999999999   61.343925100000000
  50.659999999999997   62.696101599999999
  51.430000000000000   64.156588799999994
  52.210000000000001   65.764201200000002
  53.000000000000000   67.550784199999995
  53.789999999999999   69.634537100000003
  54.590000000000003   72.131005999999999
  55.409999999999997   75.159658199999996
  56.219999999999999   75.923829299999994


# temperature  190.000000000000000
#   -0.001187393681991    0.235479869213495  -17.492908406270793  577.239971690728112 -7097.962847970613439
  44.759999999999998   56.129444200000002
  45.469999999999999   56.983427300000002
  46.189999999999998   57.920247500000002
  46.920000000000002   58.934005300000003
  47.649999999999999   60.071116699999997
  48.390000000000001   61.242573299999997
  49.140000000000001   62.459799099999998
  49.899999999999999   63.797054899999999
  50.659999999999997   65.162228799999994
  51.430000000000000   66.635315599999998
  52.210000000000001   68.255144599999994
  53.000000000000000   70.053704600000003
  53.789999999999999   72.149319399999996
  54.590000000000003   74.657330700000003
  55.409999999999997   77.691813300000007
  56.219999999999999   78.401513699999995


# temperature  200.000000000000000
#   -0.001192746455868    0.236555087602459  -17.573200450487906  579.855378172982910 -7128.569881446766885
  44.759999999999998   58.383197799999998
  45.469999999999999   59.251367600000002
  46.189999999999998   60.202130500000003
  46.920000000000002   61.229674400000000
  47.649999999999999   62.380849099999999
  48.390000000000001   63.565851199999997
  49.140000000000001   64.795296899999997
  49.899999999999999   66.145373800000002
  50.659999999999997   67.521846900000000
  51.430000000000000   69.005876499999999
  52.210000000000001   70.636301900000007
  53.000000000000000   72.445241300000006
  53.789999999999999   74.551125400000004
  54.590000000000003   77.069110600000002
  55.409999999999997   80.108174000000005
  56.219999999999999   80.765280399999995


# temperature  210.000000000000000
#   -0.001197456457886    0.237499175718173  -17.643504479493284  582.136931490026655 -7155.127625241884743
  44.759999999999998   60.551349199999997
  45.469999999999999   61.432026100000002
  46.189999999999998   62.395063700000001
  46.920000000000002   63.434728700000001
  47.649999999999999   64.598252799999997
  48.390000000000001   65.795135799999997
  49.140000000000001   67.035283199999995
  49.899999999999999   68.396581400000002
  50.659999999999997   69.782931000000005
  51.430000000000000   71.276517600000005
  52.210000000000001   72.916187100000002
  53.000000000000000   74.734174699999997
  53.789999999999999   76.849002900000002
  54.590000000000003   79.375659200000001
  55.409999999999997   82.418287500000005
  56.219999999999999   83.024602000000002


# temperature  220.000000000000000
#   -0.001201613643555    0.238330848414433  -17.705281179595833  584.134950392674227 -7178.270131571871389
  44.759999999999998   62.639171400000002
  45.469999999999999   63.530918900000003
  46.189999999999998   64.504808299999993
  46.920000000000002   65.555177099999995
  47.649999999999999   66.729594399999996
  48.390000000000001   67.936947399999994
  49.140000000000001   69.186512600000000
  49.899999999999999   70.557680599999998
  50.659999999999997   71.952707500000002
  51.430000000000000   73.454684799999995
  52.210000000000001   75.102462000000003
  53.000000000000000   76.928380399999995
  53.789999999999999   79.051042499999994
  54.590000000000003   81.585279799999995
  55.409999999999997   84.630641600000004
  56.219999999999999   85.187886500000005


# temperature  230.000000000000000
#   -0.001205295648878    0.239066168483252  -17.759775723868621  585.891981732060572 -7198.528445862299122
  44.759999999999998   64.651599399999995
  45.469999999999999   65.553184099999996
  46.189999999999998   66.536705999999995
  46.920000000000002   67.596566600000003
  47.649999999999999   68.780634399999997
  48.390000000000001   69.997254799999993
  49.140000000000001   71.255145999999996
  49.899999999999999   72.635036099999994
  50.659999999999997   74.037723099999994
  51.430000000000000   75.547103500000006
  52.210000000000001   77.202027400000006
  53.000000000000000   79.034932900000001
  53.789999999999999   81.164491999999996
  54.590000000000003   83.705392399999994
  55.409999999999997   86.752803700000001
  56.219999999999999   87.262619200000003


# temperature  240.000000000000000
#   -0.001208567814408    0.239718598739712  -17.808026253199387  587.443264626999053 -7216.338707685508780
  44.759999999999998   66.593231000000003
  45.469999999999999   67.503589700000006
  46.189999999999998   68.495694900000004
  46.920000000000002   69.564006000000006
  47.649999999999999   70.756658299999998
  48.390000000000001   71.981516400000004
  49.140000000000001   73.246800399999998
  49.899999999999999   74.634432099999998
  50.659999999999997   76.043911899999998
  51.430000000000000   77.559854099999995
  52.210000000000001   79.221107200000006
  53.000000000000000   81.060197700000003
  53.789999999999999   83.195858500000000
  54.590000000000003   85.742643599999994
  55.409999999999997   88.791538799999998
  56.219999999999999   89.255484100000004


# temperature  250.000000000000000
#   -0.001211486147067    0.240299633877905  -17.850914832017811  588.818562528493544 -7232.066627880050874
  44.759999999999998   68.468337300000002
  45.469999999999999   69.386549700000003
  46.189999999999998   70.386331499999997
  46.920000000000002   71.462194499999995
  47.649999999999999   72.662512699999994
  48.390000000000001   73.894722500000000
  49.140000000000001   75.166597300000006
  49.899999999999999   76.561128999999994
  50.659999999999997   77.976658000000000
  51.430000000000000   79.498441400000004
  52.210000000000001   81.165324200000001
  53.000000000000000   83.009914199999997
  53.789999999999999   85.150997599999997
  54.590000000000003   87.703003400000000
  55.409999999999997   90.752913000000007
  56.219999999999999   91.172467900000001


# temperature  260.000000000000000
#   -0.001214097168032    0.240818792124877  -17.889168932238494  590.042293105313206 -7246.010017738528404
  44.759999999999998   70.280878000000001
  45.469999999999999   71.206144199999997
  46.189999999999998   72.212815800000001
  46.920000000000002   73.295452200000000
  47.649999999999999   74.502641100000005
  48.390000000000001   75.741436399999998
  49.140000000000001   77.019209900000007
  49.899999999999999   78.419915599999996
  50.659999999999997   79.840852799999993
  51.430000000000000   81.367857099999995
  52.210000000000001   83.039768199999997
  53.000000000000000   84.889268299999998
  53.789999999999999   87.035191200000000
  54.590000000000003   89.591848400000003
  55.409999999999997   92.642380799999998
  56.219999999999999   93.018949000000006


# temperature  270.000000000000000
#   -0.001216441388244    0.241284334088729  -17.923417318181478  591.135458385739753 -7258.423589731530228
  44.759999999999998   72.034520200000003
  45.469999999999999   72.966142700000006
  46.189999999999998   73.979018600000003
  46.920000000000002   75.067750500000002
  47.649999999999999   76.281119200000006
  48.390000000000001   77.525834599999996
  49.140000000000001   78.808906399999998
  49.899999999999999   80.215156699999994
  50.659999999999997   81.640947400000002
  51.430000000000000   83.172635900000003
  52.210000000000001   84.849055100000001
  53.000000000000000   86.702956400000005
  53.789999999999999   88.853215300000002
  54.590000000000003   91.414033000000003
  55.409999999999997   94.464860700000003
  56.219999999999999   94.799773099999996


# temperature  280.000000000000000
#   -0.001218552759591    0.241703165761857  -17.954183949096485  592.115484056387231 -7269.517369774644976
  44.759999999999998   73.732658499999999
  45.469999999999999   74.670026399999998
  46.189999999999998   75.688507000000001
  46.920000000000002   76.782742299999995
  47.649999999999999   78.001687500000003
  48.390000000000001   79.251743000000005
  49.140000000000001   80.539590000000004
  49.899999999999999   81.950837000000007
  50.659999999999997   83.380998599999998
  51.430000000000000   84.916904799999998
  52.210000000000001   86.597380500000000
  53.000000000000000   88.455241299999997
  53.789999999999999   90.609399499999995
  54.590000000000003   93.173952200000002
  55.409999999999997   96.224800599999995
  56.219999999999999   96.519319199999998


# temperature  290.000000000000000
#   -0.001220460254331    0.242081165254504  -17.981913369550057  592.997094125134709 -7279.467843762382472
  44.759999999999998   75.378434999999996
  45.469999999999999   76.321011499999997
  46.189999999999998   77.344570399999995
  46.920000000000002   78.443789899999999
  47.649999999999999   79.667782799999998
  48.390000000000001   80.922670400000001
  49.140000000000001   82.214835199999996
  49.899999999999999   83.630599900000007
  50.659999999999997   85.064710899999994
  51.430000000000000   86.604427500000000
  52.210000000000001   88.288565700000007
  53.000000000000000   90.150000700000007
  53.789999999999999   92.307677699999999
  54.590000000000003   94.875595099999998
  55.409999999999997   97.926233199999999
  56.219999999999999   98.181555099999997


# temperature  300.000000000000000
#   -0.001222188572853    0.242423334664658  -18.006982938230365  593.792745641325041 -7288.423616894016959
  44.759999999999998   76.974758899999998
  45.469999999999999   77.922070599999998
  46.189999999999998   78.950244100000006
  46.920000000000002   80.053990600000006
  47.649999999999999   81.282566399999993
  48.390000000000001   82.541839400000001
  49.140000000000001   83.837920400000002
  49.899999999999999   85.257782300000002
  50.659999999999997   86.695472800000005
  51.430000000000000   88.238642799999994
  52.210000000000001   89.926098300000007
  53.000000000000000   91.790770300000005
  53.789999999999999   93.951633099999995
  54.590000000000003   96.522591500000004
  55.409999999999997   99.572824699999998
  56.219999999999999   99.790085700000006


# temperature  310.000000000000000
#   -0.001223759124823    0.242733998162525  -18.029717831150613  594.513131447461205 -7296.511619561253610
  44.759999999999998   78.524325300000001
  45.469999999999999   79.475953399999995
  46.189999999999998   80.508331600000005
  46.920000000000002   81.616201200000006
  47.649999999999999   82.848949300000001
  48.390000000000001   84.112213999999994
  49.140000000000001   85.411857100000006
  49.899999999999999   86.835445699999994
  50.659999999999997   88.276390100000000
  51.430000000000000   89.822699299999996
  52.210000000000001   91.513168600000000
  53.000000000000000   93.380780900000005
  53.789999999999999   95.544536800000003
  54.590000000000003   98.118251900000004
  55.409999999999997  101.167916099999999
  56.219999999999999  101.348194500000005


# temperature  320.000000000000000
#   -0.001225190162375    0.243016835967104  -18.050394178824344  595.167303434325049 -7303.838799400669814
  44.759999999999998   80.029632699999993
  45.469999999999999   80.985205600000000
  46.189999999999998   82.021424800000005
  46.920000000000002   83.133059599999996
  47.649999999999999   84.369616300000004
  48.390000000000001   85.636523999999994
  49.140000000000001   86.939415900000000
  49.899999999999999   88.366403700000006
  50.659999999999997   89.810314300000002
  51.430000000000000   91.359485100000001
  52.210000000000001   93.052700099999996
  53.000000000000000   94.922990999999996
  53.789999999999999   97.089382000000001
  54.590000000000003   99.665603300000001
  55.409999999999997  102.714559899999998
  56.219999999999999  102.858880099999993


# temperature  330.000000000000000
#   -0.001226497248964    0.243274982087909  -18.069246689823700  595.762934391739691 -7310.495407943062673
  44.759999999999998   81.492999600000005
  45.469999999999999   82.452186100000006
  46.189999999999998   83.491922900000006
  46.920000000000002   84.607004500000002
  47.649999999999999   85.847046800000001
  48.390000000000001   87.117287700000006
  49.140000000000001   88.423150500000006
  49.899999999999999   89.853246700000000
  50.659999999999997   91.299868399999994
  51.430000000000000   92.851654699999997
  52.210000000000001   94.547377999999995
  53.000000000000000   96.420115699999997
  53.789999999999999   98.588913099999999
  54.590000000000003  101.167418999999995
  55.409999999999997  104.215551099999999
  56.219999999999999  104.324886899999996


# temperature  340.000000000000000
#   -0.001227694429344    0.243511259049266  -18.086486279015837  596.306903907763967 -7316.562225227531599
  44.759999999999998   82.916578900000005
  45.469999999999999   83.879083699999995
  46.189999999999998   84.922049200000004
  46.920000000000002   86.040293800000001
  47.649999999999999   87.283533700000007
  48.390000000000001   88.556831799999998
  49.140000000000001   89.865417899999997
  49.899999999999999   91.298363699999996
  50.659999999999997   92.747469499999994
  51.430000000000000   94.301652500000003
  52.210000000000001   95.999672899999993
  53.000000000000000   97.874651499999999
  53.789999999999999  100.045652200000006
  54.590000000000003  102.626245900000001
  55.409999999999997  105.673454800000002
  56.219999999999999  105.748732799999999


# temperature  350.000000000000000
#   -0.001228792940106    0.243727921695027  -18.102281025184663  596.804669488239369 -7322.102733095565782
  44.759999999999998   84.302372700000006
  45.469999999999999   85.267931000000004
  46.189999999999998   86.313866899999994
  46.920000000000002   87.435020499999993
  47.649999999999999   88.681200300000000
  48.390000000000001   89.957308999999995
  49.140000000000001   91.268397399999998
  49.899999999999999   92.703961800000002
  50.659999999999997   94.155348900000007
  51.430000000000000   95.711733300000006
  52.210000000000001   97.411862600000006
  53.000000000000000   99.288898300000000
  53.789999999999999  101.461921500000003
  54.590000000000003  104.044427799999994
  55.409999999999997  107.090630200000007
  56.219999999999999  107.132732399999995


# temperature  360.000000000000000
#   -0.001229803857030    0.243927189629871  -18.116796233416686  597.261602078827536 -7327.179725943298763
  44.759999999999998   85.652243999999996
  45.469999999999999   86.620618300000004
  46.189999999999998   87.669292600000006
  46.920000000000002   88.793127299999995
  47.649999999999999   90.042016300000000
  48.390000000000001   91.320714499999994
  49.140000000000001   92.634107099999994
  49.899999999999999   94.072083000000006
  50.659999999999997   95.525570200000004
  51.430000000000000   97.083981199999997
  52.210000000000001   98.786051000000000
  53.000000000000000  100.664979500000001
  53.789999999999999  102.839863199999996
  54.590000000000003  105.424125700000005
  55.409999999999997  108.469251499999999
  56.219999999999999  108.479018600000003


# temperature  370.000000000000000
#   -0.001230735845308    0.244110796969930  -18.130160721594617  597.681865737547810 -7331.841341902352724
  44.759999999999998   86.967928900000004
  45.469999999999999   87.938905199999994
  46.189999999999998   88.990109200000006
  46.920000000000002   90.116420199999993
  47.649999999999999   91.367810599999999
  48.390000000000001   92.648899700000001
  49.140000000000001   93.964418600000002
  49.899999999999999   95.404620199999997
  50.659999999999997   96.860044599999995
  51.430000000000000   98.420325399999996
  52.210000000000001  100.124184499999998
  53.000000000000000  102.004858499999997
  53.789999999999999  104.181457699999996
  54.590000000000003  106.767336099999994
  55.409999999999997  109.811326500000007
  56.219999999999999  109.789560100000003


# temperature  380.000000000000000
#   -0.001231596614089    0.244280285296341  -18.142488883942526  598.069153266689796 -7336.130200856254305
  44.759999999999998   88.251046700000003
  45.469999999999999   89.224431899999999
  46.189999999999998   90.277977500000006
  46.920000000000002   91.406580000000005
  47.649999999999999   92.660284700000005
  48.390000000000001   93.943585600000006
  49.140000000000001   95.261070500000002
  49.899999999999999   96.703330500000007
  50.659999999999997   98.160545499999998
  51.430000000000000   99.722554900000006
  52.210000000000001  101.428067400000003
  53.000000000000000  103.310354300000000
  53.789999999999999  105.488538399999996
  54.590000000000003  108.075906799999998
  55.409999999999997  111.118712700000003
  56.219999999999999  111.066177900000000


# temperature  390.000000000000000
#   -0.001232393602603    0.244437139362338  -18.153890736586842  598.427015450998397 -7340.087416618098359
  44.759999999999998   89.503109699999996
  45.469999999999999   90.478729299999998
  46.189999999999998   91.534446099999997
  46.920000000000002   92.665173100000004
  47.649999999999999   93.921023000000005
  48.390000000000001   95.206373999999997
  49.140000000000001   96.525680300000005
  49.899999999999999   97.969847400000006
  50.659999999999997   99.428720799999994
  51.430000000000000  100.992331500000006
  52.210000000000001  102.699374599999999
  53.000000000000000  104.583155000000005
  53.789999999999999  106.762806400000002
  54.590000000000003  109.351551299999997
  55.409999999999997  112.393131699999998
  56.219999999999999  112.310559200000000


# temperature  400.000000000000000
#   -0.001233132397390    0.244582472817233  -18.164448548877523  598.758089185974086 -7343.743023645214635
  44.759999999999998   90.725531899999993
  45.469999999999999   91.703227400000003
  46.189999999999998   92.760961199999997
  46.920000000000002   93.893661300000005
  47.649999999999999   95.151503199999993
  48.390000000000001   96.438757899999999
  49.140000000000001   97.759754599999994
  49.899999999999999   99.205692200000001
  50.659999999999997  100.666104200000007
  51.430000000000000  102.231200900000005
  52.210000000000001  103.939663899999999
  53.000000000000000  105.824829600000001
  53.789999999999999  108.005841899999993
  54.590000000000003  110.595860799999997
  55.409999999999997  113.636182000000005
  56.219999999999999  113.524270500000000


# temperature  410.000000000000000
#   -0.001233819053739    0.244717494575420  -18.174251908359814  599.065266418849205 -7347.130541078466194
  44.759999999999998   91.919636699999998
  45.469999999999999   92.899264200000005
  46.189999999999998   93.958874800000004
  46.920000000000002   95.093410599999999
  47.649999999999999   96.353105499999998
  48.390000000000001   97.642130899999998
  49.140000000000001   98.964699199999998
  49.899999999999999  100.412283099999996
  50.659999999999997  101.874125300000003
  51.430000000000000  103.440603499999995
  52.210000000000001  105.150385900000003
  53.000000000000000  107.036838900000006
  53.789999999999999  109.219115900000006
  54.590000000000003  111.810315900000006
  55.409999999999997  114.849350200000003
  56.219999999999999  114.708768100000000


# temperature  420.000000000000000
#   -0.001234457814532    0.244843046772148  -18.183362691899060  599.350515722440946 -7350.272118568072983
  44.759999999999998   93.086663999999999
  45.469999999999999   94.068092600000000
  46.189999999999998   95.129452499999999
  46.920000000000002   96.265698900000004
  47.649999999999999   97.527120199999999
  48.390000000000001   98.817795399999994
  49.140000000000001  100.141827300000003
  49.899999999999999  101.590944699999994
  50.659999999999997  103.054118399999993
  51.430000000000000  104.621883199999999
  52.210000000000001  106.332893600000006
  53.000000000000000  108.220545099999995
  53.789999999999999  110.403999099999993
  54.590000000000003  112.996296000000001
  55.409999999999997  116.034021100000004
  56.219999999999999  115.865408400000007


# temperature  430.000000000000000
#   -0.001235053339511    0.244960057403208  -18.191849454487112  599.616040504734087 -7353.193116427582936
  44.759999999999998   94.227777300000000
  45.469999999999999   95.210887299999996
  46.189999999999998   96.273880100000000
  46.920000000000002   97.411722999999995
  47.649999999999999   98.674755399999995
  48.390000000000001   99.966970200000006
  49.140000000000001  101.292367299999995
  49.899999999999999  102.742915400000001
  50.659999999999997  104.207330799999994
  51.430000000000000  105.776295700000006
  52.210000000000001  107.488451100000006
  53.000000000000000  109.377219900000000
  53.789999999999999  111.561771300000004
  54.590000000000003  114.155088699999993
  55.409999999999997  117.191486600000005
  56.219999999999999  116.995456500000003


# temperature  440.000000000000000
#   -0.001235609158807    0.245069227429052  -18.199763717129411  599.863481001810783 -7355.912034218259578
  44.759999999999998   95.344068899999996
  45.469999999999999   96.328751100000005
  46.189999999999998   97.393270299999998
  46.920000000000002   98.532605599999997
  47.649999999999999   99.797143700000007
  48.390000000000001  101.090797400000000
  49.140000000000001  102.417469900000000
  49.899999999999999  103.869354900000005
  50.659999999999997  105.334930000000000
  51.430000000000000  106.905016000000003
  52.210000000000001  108.618240400000005
  53.000000000000000  110.508052800000002
  53.789999999999999  112.693628899999993
  54.590000000000003  115.287896900000007
  55.409999999999997  118.322953900000002
  56.219999999999999  118.100094400000003


# temperature  450.000000000000000
#   -0.001236128945293    0.245171288300095  -18.207159488971264  600.094570958149916 -7358.448773791000349
  44.759999999999998   96.436565799999997
  45.469999999999999   97.422720100000006
  46.189999999999998   98.488668399999995
  46.920000000000002   99.629400700000005
  47.649999999999999  100.895347999999998
  48.390000000000001  102.190348499999999
  49.140000000000001  103.518214099999994
  49.899999999999999  104.971350099999995
  50.659999999999997  106.438009899999997
  51.430000000000000  108.009145000000004
  52.210000000000001  109.723369099999999
  53.000000000000000  111.614157500000005
  53.789999999999999  113.800691900000004
  54.590000000000003  116.395846700000007
  55.409999999999997  119.429552400000006
  56.219999999999999  119.180427800000004


# temperature  460.000000000000000
#   -0.001236615578912    0.245266807814422  -18.214078181117056  600.310617104724429 -7360.817905400086602
  44.759999999999998   97.506234599999999
  45.469999999999999   98.493769000000000
  46.189999999999998   99.561057099999999
  46.920000000000002  100.703098800000006
  47.649999999999999  101.970366900000002
  48.390000000000001  103.266629800000004
  49.140000000000001  104.595613099999994
  49.899999999999999  106.049921499999996
  50.659999999999997  107.517597300000006
  51.430000000000000  109.089715200000001
  52.210000000000001  110.804875600000003
  53.000000000000000  112.696578099999996
  53.789999999999999  114.884010000000004
  54.590000000000003  117.479993300000004
  55.409999999999997  120.512340199999997
  56.219999999999999  120.237492300000000


# temperature  470.000000000000000
#   -0.001237071904650    0.245356353033848  -18.220561675112009  600.512962698447268 -7363.034797594982592
  44.759999999999998   98.553985600000004
  45.469999999999999   99.542815800000000
  46.189999999999998  100.611361400000007
  46.920000000000002  101.754632200000003
  47.649999999999999  103.023139900000004
  48.390000000000001  104.320587599999996
  49.140000000000001  105.650619399999997
  49.899999999999999  107.106027999999995
  50.659999999999997  108.574656700000006
  51.430000000000000  110.147696800000006
  52.210000000000001  111.863735199999994
  53.000000000000000  113.756294999999994
  53.789999999999999  115.944568500000003
  54.590000000000003  118.541326999999995
  55.409999999999997  121.572310299999998
  56.219999999999999  121.272259800000000


# temperature  480.000000000000000
#   -0.001237500327707    0.245440399620324  -18.226644774439468  600.702710261772040 -7365.111820235151754
  44.759999999999998   99.580677399999999
  45.469999999999999  100.570725600000003
  46.189999999999998  101.640453300000004
  46.920000000000002  102.784879099999998
  47.649999999999999  104.054551700000005
  48.390000000000001  105.353112800000005
  49.140000000000001  106.684129499999997
  49.899999999999999  108.140571800000004
  50.659999999999997  109.610095500000000
  51.430000000000000  111.184002000000007
  52.210000000000001  112.900864700000000
  53.000000000000000  114.794229599999994
  53.789999999999999  116.983293599999996
  54.590000000000003  119.580777999999995
  55.409999999999997  122.610395100000005
  56.219999999999999  122.285642699999997


# temperature  490.000000000000000
#   -0.001237903106793    0.245519395115680  -18.232360306933948  600.880903602761691 -7367.060763981704440
  44.759999999999998  100.587120400000003
  45.469999999999999  101.578315000000003
  46.189999999999998  102.649154999999993
  46.920000000000002  103.794667599999997
  47.649999999999999  105.065436099999999
  48.390000000000001  106.365044900000001
  49.140000000000001  107.696987899999996
  49.899999999999999  109.154402700000006
  50.659999999999997  110.624767899999995
  51.430000000000000  112.199489400000004
  52.210000000000001  113.917127100000002
  53.000000000000000  115.811249200000006
  53.789999999999999  118.001056399999996
  54.590000000000003  120.599221700000001
  55.409999999999997  123.627471700000001
  56.219999999999999  123.278499299999993


# temperature  500.000000000000000
#   -0.001238282089501    0.245593704882245  -18.237734983997317  601.048386788569587 -7368.891035452663345
  44.759999999999998  101.574080199999997
  45.469999999999999  102.566354899999993
  46.189999999999998  103.638242899999995
  46.920000000000002  104.784779400000005
  47.649999999999999  106.056580299999993
  48.390000000000001  107.357175999999995
  49.140000000000001  108.689991199999994
  49.899999999999999  110.148321999999993
  50.659999999999997  111.619479499999997
  51.430000000000000  113.194968500000002
  52.210000000000001  114.913335799999999
  53.000000000000000  116.808170599999997
  53.789999999999999  118.998677499999999
  54.590000000000003  121.597481999999999
  55.409999999999997  124.624366100000003
  56.219999999999999  124.251637599999995


# temperature  510.000000000000000
#   -0.001238639292930    0.245663727706026  -18.242798001903900  601.206087434694723 -7370.613138496140891
  44.759999999999998  102.542280899999994
  45.469999999999999  103.535574499999996
  46.189999999999998  104.608451000000002
  46.920000000000002  105.755953099999999
  47.649999999999999  107.028727500000002
  48.390000000000001  108.330253999999996
  49.140000000000001  109.663891500000005
  49.899999999999999  111.123086099999995
  50.659999999999997  112.594990300000006
  51.430000000000000  114.171203000000006
  52.210000000000001  115.890257899999995
  53.000000000000000  117.785764599999993
  53.789999999999999  119.976930800000005
  54.590000000000003  122.576336299999994
  55.409999999999997  125.601856799999993
  56.219999999999999  125.205819300000002


# temperature  520.000000000000000
#   -0.001238976238237    0.245729764564944  -18.247571371118759  601.354701001868989 -7372.234819065359261
  44.759999999999998  103.492407799999995
  45.469999999999999  104.486663600000000
  46.189999999999998  105.560473400000006
  46.920000000000002  106.708887200000007
  47.649999999999999  107.982580700000000
  48.390000000000001  109.284986099999998
  49.140000000000001  110.619399500000000
  49.899999999999999  112.079409600000005
  50.659999999999997  113.552018399999994
  51.430000000000000  115.128914300000005
  52.210000000000001  116.848617800000000
  53.000000000000000  118.744758500000003
  53.789999999999999  120.936547000000004
  54.590000000000003  123.536517900000007
  55.409999999999997  126.560678600000003
  56.219999999999999  126.141762900000003


# temperature  530.000000000000000
#   -0.001239294330371    0.245792093269649  -18.252075395953163  601.494868786336156 -7373.763221182780399
  44.759999999999998  104.425110200000006
  45.469999999999999  105.420275500000002
  46.189999999999998  106.494967500000001
  46.920000000000002  107.644243000000003
  47.649999999999999  108.918805199999994
  48.390000000000001  110.222041300000001
  49.140000000000001  111.557187700000000
  49.899999999999999  113.017968499999995
  50.659999999999997  114.491242900000003
  51.430000000000000  116.068784399999998
  52.210000000000001  117.789100599999998
  53.000000000000000  119.685840200000001
  53.789999999999999  121.878216499999994
  54.590000000000003  124.478719900000002
  55.409999999999997  127.501525599999994
  56.219999999999999  127.060147400000005


# temperature  540.000000000000000
#   -0.001239595092308    0.245851014057172  -18.256331986877196  601.627284229620955 -7375.206155865247638
  44.759999999999998  105.341003599999993
  45.469999999999999  106.337029599999994
  46.189999999999998  107.412556400000000
  46.920000000000002  108.562647200000001
  47.649999999999999  109.838031099999995
  48.390000000000001  111.142053200000007
  49.140000000000001  112.477892900000001
  49.899999999999999  113.939402700000002
  50.659999999999997  115.413306500000004
  51.430000000000000  116.991458800000004
  52.210000000000001  118.712354099999999
  53.000000000000000  120.609660099999999
  53.789999999999999  122.802592200000007
  54.590000000000003  125.403597800000000
  55.409999999999997  128.425054299999999
  56.219999999999999  127.961614800000007


# temperature  550.000000000000000
#   -0.001239879960395    0.245906812002243  -18.260362101835611  601.752616531771309 -7376.571257916624745
  44.759999999999998  106.240672300000000
  45.469999999999999  107.237513600000000
  46.189999999999998  108.313830999999993
  46.920000000000002  109.464693800000006
  47.649999999999999  110.740855999999994
  48.390000000000001  112.045622399999999
  49.140000000000001  113.382118399999996
  49.899999999999999  114.844318700000002
  50.659999999999997  116.318818199999995
  51.430000000000000  117.897548799999996
  52.210000000000001  119.618992300000002
  53.000000000000000  121.516834399999993
  53.789999999999999  123.710292600000002
  54.590000000000003  126.311772099999999
  55.409999999999997  129.331885999999997
  56.219999999999999  128.846772700000002


# temperature  560.000000000000000
#   -0.001240149722050    0.245959641310279  -18.264176841729292  601.871206803071573 -7377.862104878229729
  44.759999999999998  107.124671199999995
  45.469999999999999  108.122285300000001
  46.189999999999998  109.199352300000001
  46.920000000000002  110.350947000000005
  47.649999999999999  111.627846800000000
  48.390000000000001  112.933318900000003
  49.140000000000001  114.270436700000005
  49.899999999999999  115.733291600000001
  50.659999999999997  117.208355499999996
  51.430000000000000  118.787634199999999
  52.210000000000001  120.509596999999999
  53.000000000000000  122.407947100000001
  53.789999999999999  124.601903800000002
  54.590000000000003  127.203830999999994
  55.409999999999997  130.222609400000010
  56.219999999999999  129.716196800000006


# temperature  570.000000000000000
#   -0.001240405346812    0.246009692190973  -18.267789980393790  601.983485025398750 -7379.083404657982101
  44.759999999999998  107.993527599999993
  45.469999999999999  108.991875100000001
  46.189999999999998  110.069653299999999
  46.920000000000002  111.221942499999997
  47.649999999999999  112.499542099999999
  48.390000000000001  113.805683900000005
  49.140000000000001  115.143391399999999
  49.899999999999999  116.606867300000005
  50.659999999999997  118.082466400000001
  51.430000000000000  119.662265199999993
  52.210000000000001  121.384720299999998
  53.000000000000000  123.283552200000003
  53.789999999999999  125.477981700000001
  54.590000000000003  128.080332199999987
  55.409999999999997  131.097783099999987
  56.219999999999999  130.570433000000008


# temperature  580.000000000000000
#   -0.001240647889972    0.246057173835315  -18.271216869656364  602.089939907040957 -7380.240699354941171
  44.759999999999998  108.847743199999996
  45.469999999999999  109.846787300000003
  46.189999999999998  110.925240900000006
  46.920000000000002  112.078189600000002
  47.649999999999999  113.356453700000003
  48.390000000000001  114.663231499999995
  49.140000000000001  116.001498900000001
  49.899999999999999  117.465564499999999
  50.659999999999997  118.941671600000006
  51.430000000000000  120.521964299999993
  52.210000000000001  122.244886699999995
  53.000000000000000  124.144176000000002
  53.789999999999999  126.339054099999998
  54.590000000000003  128.941805200000005
  55.409999999999997  131.957936999999987
  56.219999999999999  131.409999699999986


# temperature  590.000000000000000
#   -0.001240878475576    0.246102308455579  -18.274473791350857  602.191090319394107 -7381.339917597264503
  44.759999999999998  109.687795499999993
  45.469999999999999  110.687501800000007
  46.189999999999998  111.766597399999995
  46.920000000000002  112.920172899999997
  47.649999999999999  114.199068699999998
  48.390000000000001  115.506450999999998
  49.140000000000001  116.845250199999995
  49.899999999999999  118.309876399999993
  50.659999999999997  119.786466099999998
  51.430000000000000  121.367228200000000
  52.210000000000001  123.090594499999995
  53.000000000000000  124.990318299999998
  53.789999999999999  127.185622800000004
  54.590000000000003  129.788753200000002
  55.409999999999997  132.803574700000013
  56.219999999999999  132.235388999999998


# temperature  600.000000000000000
#   -0.001241097883163    0.246145250412263  -18.277572039366582  602.287293327069392 -7382.385044297576314
  44.759999999999998  110.514139499999999
  45.469999999999999  111.514475700000006
  46.189999999999998  112.594182099999998
  46.920000000000002  113.748353899999998
  47.649999999999999  115.027850500000000
  48.390000000000001  116.335807900000006
  49.140000000000001  117.675112900000002
  49.899999999999999  119.140272400000001
  50.659999999999997  120.617320899999996
  51.430000000000000  122.198529500000006
  52.210000000000001  123.922317800000002
  53.000000000000000  125.822454800000003
  53.789999999999999  128.018164700000000
  54.590000000000003  130.621654599999999
  55.409999999999997  133.635175000000004
  56.219999999999999  133.047068999999993


# temperature  610.000000000000000
#   -0.001241306376311    0.246186048521645  -18.280514838049360  602.378633030200604 -7383.376626125280382
  44.759999999999998  111.327208900000002
  45.469999999999999  112.328145000000006
  46.189999999999998  113.408432800000000
  46.920000000000002  114.563172300000005
  47.649999999999999  115.843240800000004
  48.390000000000001  117.151745899999995
  49.140000000000001  118.491532199999995
  49.899999999999999  119.957199299999999
  50.659999999999997  121.434684399999995
  51.430000000000000  123.016318200000001
  52.210000000000001  124.740508000000005
  53.000000000000000  126.641038199999997
  53.789999999999999  128.837133999999992
  54.590000000000003  131.440964799999989
  55.409999999999997  134.453193700000014
  56.219999999999999  133.845485200000013


# temperature  620.000000000000000
#   -0.001241504893098    0.246224889056739  -18.283315907129637  602.465549651600554 -7384.319748058445839
  44.759999999999998  112.127417500000007
  45.469999999999999  113.128925100000004
  46.189999999999998  114.209766999999999
  46.920000000000002  115.365047300000001
  47.649999999999999  116.645660800000002
  48.390000000000001  117.954687600000000
  49.140000000000001  119.294932299999999
  49.899999999999999  120.761083299999996
  50.659999999999997  122.238984099999996
  51.430000000000000  123.821022999999997
  52.210000000000001  125.545595000000006
  53.000000000000000  127.446499799999998
  53.789999999999999  129.642963100000003
  54.590000000000003  132.247117599999996
  55.409999999999997  135.258064600000012
  56.219999999999999  134.631061600000010


# temperature  630.000000000000000
#   -0.001241694247873    0.246261933032725  -18.285987044603189  602.548419122670794 -7385.218704592582071
  44.759999999999998  112.915160200000003
  45.469999999999999  113.917212899999996
  46.189999999999998  114.998583100000005
  46.920000000000002  116.154379100000000
  47.649999999999999  117.435512200000005
  48.390000000000001  118.745036600000006
  49.140000000000001  120.085718200000002
  49.899999999999999  121.552330400000002
  50.659999999999997  123.030627499999994
  51.430000000000000  124.613052600000003
  52.210000000000001  126.337988899999999
  53.000000000000000  128.239250800000008
  53.789999999999999  130.436064299999998
  54.590000000000003  133.040526300000010
  55.409999999999997  136.050201299999998
  56.219999999999999  135.404202599999991


# temperature  640.000000000000000
#   -0.001241874702442    0.246297231095045  -18.288531806570447  602.627344920112478 -7386.074432752269786
  44.759999999999998  113.690814500000002
  45.469999999999999  114.693387299999998
  46.189999999999998  115.775261599999993
  46.920000000000002  116.931549700000005
  47.649999999999999  118.213178499999998
  48.390000000000001  119.523177799999999
  49.140000000000001  120.864276099999998
  49.899999999999999  122.331328499999998
  50.659999999999997  123.810003499999993
  51.430000000000000  125.392797099999996
  52.210000000000001  127.118080899999995
  53.000000000000000  129.019683399999991
  53.789999999999999  131.216830899999991
  54.590000000000003  133.821585199999987
  55.409999999999997  136.829998499999988
  56.219999999999999  136.165293700000007


# temperature  650.000000000000000
#   -0.001242047103668    0.246330950607665  -18.290962464211848  602.702719434239611 -7386.891463930489408
  44.759999999999998  114.454740999999999
  45.469999999999999  115.457810400000000
  46.189999999999998  116.540166200000002
  46.920000000000002  117.696924100000004
  47.649999999999999  118.979026200000007
  48.390000000000001  120.289479099999994
  49.140000000000001  121.630975100000001
  49.899999999999999  123.098447899999996
  50.659999999999997  124.577483599999994
  51.430000000000000  126.160629099999994
  52.210000000000001  127.886244500000004
  53.000000000000000  129.788172000000003
  53.789999999999999  131.985638499999993
  54.590000000000003  134.590670799999998
  55.409999999999997  137.597832500000010
  56.219999999999999  136.914702900000009


# temperature  660.000000000000000
#   -0.001242211606169    0.246363120585191  -18.293280961076135  602.774593983753562 -7387.670130471393350
  44.759999999999998  115.207284700000002
  45.469999999999999  116.210828699999993
  46.189999999999998  117.293644499999999
  46.920000000000002  118.450851400000005
  47.649999999999999  119.733405800000000
  48.390000000000001  121.044291999999999
  49.140000000000001  122.386167999999998
  49.899999999999999  123.854042500000006
  50.659999999999997  125.333422600000006
  51.430000000000000  126.916904500000001
  52.210000000000001  128.642836499999987
  53.000000000000000  130.545074599999992
  53.789999999999999  132.742845799999998
  54.590000000000003  135.348142599999989
  55.409999999999997  138.354063200000013
  56.219999999999999  137.652781599999997


# temperature  670.000000000000000
#   -0.001242368846457    0.246393867391085  -18.295496596185416  602.843266454777790 -7388.413863889107233
  44.759999999999998  115.948775699999999
  45.469999999999999  116.952773600000000
  46.189999999999998  118.036029299999996
  46.920000000000002  119.193665499999994
  47.649999999999999  120.476652299999998
  48.390000000000001  121.787953000000002
  49.140000000000001  123.130192100000002
  49.899999999999999  124.598450700000001
  50.659999999999997  126.078160100000005
  51.430000000000000  127.661963600000007
  52.210000000000001  129.388198100000011
  53.000000000000000  131.290733200000005
  53.789999999999999  133.488795500000009
  54.590000000000003  136.094344299999989
  55.409999999999997  139.099034100000011
  56.219999999999999  138.379865800000005


# temperature  680.000000000000000
#   -0.001242519158461    0.246423256419246  -18.297614078626303  602.908881902390249 -7389.124201246102530
  44.759999999999998  116.679530299999996
  45.469999999999999  117.683962500000007
  46.189999999999998  118.767639000000003
  46.920000000000002  119.925685999999999
  47.649999999999999  121.209086499999998
  48.390000000000001  122.520783899999998
  49.140000000000001  123.863370300000000
  49.899999999999999  125.331996500000002
  50.659999999999997  126.812020700000005
  51.430000000000000  128.396131999999994
  52.210000000000001  130.122655900000012
  53.000000000000000  132.025474900000006
  53.789999999999999  134.223815800000011
  54.590000000000003  136.829604600000010
  55.409999999999997  139.833074199999999
  56.219999999999999  139.096276600000010


# temperature  690.000000000000000
#   -0.001242663319295    0.246451440660656  -18.299644597861224  602.971798233447430 -7389.805303129744061
  44.759999999999998  117.399851499999997
  45.469999999999999  118.404699600000001
  46.189999999999998  119.488778999999994
  46.920000000000002  120.647219199999995
  47.649999999999999  121.931015799999997
  48.390000000000001  123.243093000000002
  49.140000000000001  124.586011700000000
  49.899999999999999  126.054990000000004
  50.659999999999997  127.535315400000002
  51.430000000000000  129.119721400000003
  52.210000000000001  130.846522099999987
  53.000000000000000  132.749613000000011
  53.789999999999999  134.948220499999991
  54.590000000000003  137.554238300000009
  55.409999999999997  140.556498099999999
  56.219999999999999  139.802321699999993


# temperature  700.000000000000000
#   -0.001242801099148    0.246478374172997  -18.301584654806767  603.031893126643126 -7390.455468514197491
  44.759999999999998  118.110029800000007
  45.469999999999999  119.115276199999997
  46.189999999999998  120.199741700000004
  46.920000000000002  121.358558599999995
  47.649999999999999  122.642734599999997
  48.390000000000001  123.955175699999998
  49.140000000000001  125.298412700000000
  49.899999999999999  126.767728199999993
  50.659999999999997  128.248342199999996
  51.430000000000000  129.833030500000007
  52.210000000000001  131.560096299999998
  53.000000000000000  133.463447500000001
  53.789999999999999  135.662310399999996
  54.590000000000003  138.268546500000014
  55.409999999999997  141.269607000000008
  56.219999999999999  140.498295299999995


# temperature  710.000000000000000
#   -0.001242933251183    0.246504205376379  -18.303445122273903  603.089515419621193 -7391.078778305776723
  44.759999999999998  118.810343799999998
  45.469999999999999  119.815972000000002
  46.189999999999998  120.900807499999999
  46.920000000000002  122.059985600000005
  47.649999999999999  123.344525300000001
  48.390000000000001  124.657315299999993
  49.140000000000001  126.000857300000007
  49.899999999999999  127.470496100000005
  50.659999999999997  128.951386399999990
  51.430000000000000  130.536345500000010
  52.210000000000001  132.263665199999991
  53.000000000000000  134.167265899999990
  53.789999999999999  136.366373500000009
  54.590000000000003  138.972818100000012
  55.409999999999997  141.972689800000012
  56.219999999999999  141.184479600000003


# temperature  720.000000000000000
#   -0.001243059862751    0.246528951083354  -18.305227147091070  603.144695579139125 -7391.675421721458406
  44.759999999999998  119.501060899999999
  45.469999999999999  120.507055399999999
  46.189999999999998  121.592245899999995
  46.920000000000002  122.751770300000004
  47.649999999999999  124.036658799999998
  48.390000000000001  125.349783500000001
  49.140000000000001  126.693617900000007
  49.899999999999999  128.163566800000012
  50.659999999999997  129.644722199999990
  51.430000000000000  131.229940900000003
  52.210000000000001  132.957504000000000
  53.000000000000000  134.861344000000003
  53.789999999999999  137.060686299999986
  54.590000000000003  139.667329899999999
  55.409999999999997  142.666023200000012
  56.219999999999999  141.861144999999993


# temperature  730.000000000000000
#   -0.001243181345214    0.246552692879833  -18.306936730395979  603.197625848102348 -7392.247614164636616
  44.759999999999998  120.182438000000005
  45.469999999999999  121.188784100000007
  46.189999999999998  122.274315200000004
  46.920000000000002  123.434171899999996
  47.649999999999999  124.719395100000000
  48.390000000000001  126.032841099999999
  49.140000000000001  127.376956000000007
  49.899999999999999  128.847202600000003
  50.659999999999997  130.328612099999987
  51.430000000000000  131.914080100000007
  52.210000000000001  133.641876800000006
  53.000000000000000  135.545946299999997
  53.789999999999999  137.745513700000004
  54.590000000000003  140.352347500000008
  55.409999999999997  143.349872900000008
  56.219999999999999  142.528550899999999


# temperature  740.000000000000000
#   -0.001243298093754    0.246575507394593  -18.308579369567539  603.248477322033068 -7392.797255994553780
  44.759999999999998  120.854721900000001
  45.469999999999999  121.861405500000004
  46.189999999999998  122.947263699999993
  46.920000000000002  124.107439600000006
  47.649999999999999  125.392984200000001
  48.390000000000001  126.706738700000002
  49.140000000000001  128.051122800000002
  49.899999999999999  129.521655299999992
  50.659999999999997  131.003308800000013
  51.430000000000000  132.589016100000009
  52.210000000000001  134.317036800000011
  53.000000000000000  136.221326699999992
  53.789999999999999  138.421110300000009
  54.590000000000003  141.028125899999992
  55.409999999999997  144.024493699999994
  56.219999999999999  143.186946500000005


# temperature  750.000000000000000
#   -0.001243410228075    0.246597419811911  -18.310156997348741  603.297312741709220 -7393.325033772396637
  44.759999999999998  121.518149699999995
  45.469999999999999  122.525157699999994
  46.189999999999998  123.611330100000004
  46.920000000000002  124.771812600000004
  47.649999999999999  126.057665900000003
  48.390000000000001  127.371716899999996
  49.140000000000001  128.716359500000010
  49.899999999999999  130.187166700000006
  50.659999999999997  131.669054499999987
  51.430000000000000  133.254991799999999
  52.210000000000001  134.983227699999986
  53.000000000000000  136.887729199999995
  53.789999999999999  139.087720399999995
  54.590000000000003  141.694909899999999
  55.409999999999997  144.690130399999987
  56.219999999999999  143.836570800000004


# temperature  760.000000000000000
#   -0.001243517786998    0.246618434732140  -18.311669667848317  603.344121116380961 -7393.830577891127177
  44.759999999999998  122.172949700000004
  45.469999999999999  123.180269400000000
  46.189999999999998  124.266743800000000
  46.920000000000002  125.427520999999999
  47.649999999999999  126.713671099999999
  48.390000000000001  128.028007199999990
  49.140000000000001  129.372898200000009
  49.899999999999999  130.843969499999986
  50.659999999999997  132.326082299999996
  51.430000000000000  133.912240700000012
  52.210000000000001  135.640683300000006
  53.000000000000000  137.545388300000013
  53.789999999999999  139.745578999999992
  54.590000000000003  142.352934800000014
  55.409999999999997  145.347018300000002
  56.219999999999999  144.477653599999996


# temperature  770.000000000000000
#   -0.001243621240999    0.246638646707712  -18.313124451954341  603.389134328822252 -7394.316667686631263
  44.759999999999998  122.819341300000005
  45.469999999999999  123.826960799999995
  46.189999999999998  124.913725700000001
  46.920000000000002  126.074786300000000
  47.649999999999999  127.361221799999996
  48.390000000000001  128.675832100000008
  49.140000000000001  130.020961900000003
  49.899999999999999  131.492287199999993
  50.659999999999997  132.974616300000008
  51.430000000000000  134.560987500000010
  52.210000000000001  136.289628700000009
  53.000000000000000  138.194529299999999
  53.789999999999999  140.394911799999988
  54.590000000000003  143.002426899999989
  55.409999999999997  145.995383500000003
  56.219999999999999  145.110415899999992


# temperature  780.000000000000000
#   -0.001243720795318    0.246658096009633  -18.314524263477072  603.432443162682262 -7394.784293808968869
  44.759999999999998  123.457535800000002
  45.469999999999999  124.465443899999997
  46.189999999999998  125.552488299999993
  46.920000000000002  126.713821600000003
  47.649999999999999  128.000531700000010
  48.390000000000001  129.315405800000008
  49.140000000000001  130.660765199999986
  49.899999999999999  132.132335100000006
  50.659999999999997  133.614872200000008
  51.430000000000000  135.201448099999993
  52.210000000000001  136.930280399999987
  53.000000000000000  138.835369200000002
  53.789999999999999  141.035936200000009
  54.590000000000003  143.643603799999994
  55.409999999999997  146.635443500000008
  56.219999999999999  145.735070000000007


# temperature  790.000000000000000
#   -0.001243816575565    0.246676806366334  -18.315870731241752  603.474094230836727 -7395.233881673420910
  44.759999999999998  124.087736899999996
  45.469999999999999  125.095922599999994
  46.189999999999998  126.183236100000002
  46.920000000000002  127.344831900000003
  47.649999999999999  128.631806299999994
  48.390000000000001  129.946934499999998
  49.140000000000001  131.292515000000009
  49.899999999999999  132.764320199999986
  50.659999999999997  134.247057600000005
  51.430000000000000  135.833830500000005
  52.210000000000001  137.562846600000000
  53.000000000000000  139.468116500000008
  53.789999999999999  141.668861200000009
  54.590000000000003  144.276674899999989
  55.409999999999997  147.267407700000007
  56.219999999999999  146.351820599999996


# temperature  800.000000000000000
#   -0.001243908816793    0.246694823371782  -18.317167127944497  603.514189336608524 -7395.666556497757483
  44.759999999999998  124.710140499999994
  45.469999999999999  125.718593799999994
  46.189999999999998  126.806166399999995
  46.920000000000002  127.968014999999994
  47.649999999999999  129.255244000000005
  48.390000000000001  130.570616900000005
  49.140000000000001  131.916410100000007
  49.899999999999999  133.388442099999992
  50.659999999999997  134.871372199999996
  51.430000000000000  136.458335000000005
  52.210000000000001  138.187528100000009
  53.000000000000000  140.092972300000014
  53.789999999999999  142.293888000000010
  54.590000000000003  144.901841800000000
  55.409999999999997  147.891477600000002
  56.219999999999999  146.960864299999997


# temperature  810.000000000000000
#   -0.001243997649050    0.246712174880761  -18.318415643126592  603.552802511348773 -7396.083202531421193
  44.759999999999998  125.324935800000006
  45.469999999999999  126.333646799999997
  46.189999999999998  127.421469099999996
  46.920000000000002  128.583561300000014
  47.649999999999999  129.871035500000005
  48.390000000000001  131.186644400000006
  49.140000000000001  132.532642500000009
  49.899999999999999  134.004893100000004
  50.659999999999997  135.488008699999995
  51.430000000000000  137.075154499999996
  52.210000000000001  138.804518000000002
  53.000000000000000  140.710130300000003
  53.789999999999999  142.911210699999998
  54.590000000000003  145.519298800000001
  55.409999999999997  148.507847400000003
  56.219999999999999  147.562390899999997


# temperature  820.000000000000000
#   -0.001244083120725    0.246728866733682  -18.319616388160917  603.589924412890468 -7396.483490140037247
  44.759999999999998  125.932304900000005
  45.469999999999999  126.941264399999994
  46.189999999999998  128.029327400000000
  46.920000000000002  129.191654499999999
  47.649999999999999  130.479365099999995
  48.390000000000001  131.795201399999996
  49.140000000000001  133.141397000000012
  49.899999999999999  134.613858300000004
  50.659999999999997  136.097152700000009
  51.430000000000000  137.684474999999992
  52.210000000000001  139.414002699999998
  53.000000000000000  141.319776899999994
  53.789999999999999  143.521016199999991
  54.590000000000003  146.129232999999999
  55.409999999999997  149.116704099999993
  56.219999999999999  148.156583100000006


# temperature  830.000000000000000
#   -0.001244165746071    0.246745003465925  -18.320777287599103  603.625819688320121 -7396.870682024262351
  44.759999999999998  126.532423899999998
  45.469999999999999  127.541623000000001
  46.189999999999998  128.629918199999992
  46.920000000000002  129.792471699999993
  47.649999999999999  131.080410400000005
  48.390000000000001  132.396466000000004
  49.140000000000001  133.742851999999999
  49.899999999999999  135.215516500000007
  50.659999999999997  136.698983400000003
  51.430000000000000  138.286475899999999
  52.210000000000001  140.016161799999992
  53.000000000000000  141.922092099999986
  53.789999999999999  144.123484499999989
  54.590000000000003  146.731824999999986
  55.409999999999997  149.718228000000011
  56.219999999999999  148.743617000000000


# temperature  840.000000000000000
#   -0.001244245471353    0.246760573525250  -18.321897385392912  603.660451691848152 -7397.244217458894127
  44.759999999999998  127.125462499999998
  45.469999999999999  128.134892799999989
  46.189999999999998  129.223411900000002
  46.920000000000002  130.386183899999992
  47.649999999999999  131.674342499999995
  48.390000000000001  132.990610000000004
  49.140000000000001  134.337179499999991
  49.899999999999999  135.810040200000003
  50.659999999999997  137.293673299999995
  51.430000000000000  138.881329999999991
  52.210000000000001  140.611168499999991
  53.000000000000000  142.517249499999991
  53.789999999999999  144.718789700000002
  54.590000000000003  147.327248700000013
  55.409999999999997  150.312593300000003
  56.219999999999999  149.323662500000012


# temperature  850.000000000000000
#   -0.001244322143752    0.246775544693338  -18.322974118311890  603.693728564625189 -7397.602829502826353
  44.759999999999998  127.711584400000007
  45.469999999999999  128.721237900000006
  46.189999999999998  129.809973299999996
  46.920000000000002  130.972956100000005
  47.649999999999999  132.261327099999988
  48.390000000000001  133.577798900000005
  49.140000000000001  134.924545599999988
  49.899999999999999  136.397595700000011
  50.659999999999997  137.881389100000007
  51.430000000000000  139.469204499999989
  52.210000000000001  141.199190200000004
  53.000000000000000  143.105416600000012
  53.789999999999999  145.307099300000004
  54.590000000000003  147.915672199999989
  55.409999999999997  150.899967599999997
  56.219999999999999  149.896883599999995


# temperature  860.000000000000000
#   -0.001244396534817    0.246790072025723  -18.324019121681605  603.726035945403169 -7397.951262396310995
  44.759999999999998  128.290948200000003
  45.469999999999999  129.300817200000012
  46.189999999999998  130.389761300000004
  46.920000000000002  131.552947799999998
  47.649999999999999  132.841523800000004
  48.390000000000001  134.158193100000005
  49.140000000000001  135.505110699999989
  49.899999999999999  136.978343700000011
  50.659999999999997  138.462291899999997
  51.430000000000000  140.050260500000007
  52.210000000000001  141.780388299999998
  53.000000000000000  143.686755000000005
  53.789999999999999  145.888575400000008
  54.590000000000003  148.497257700000006
  55.409999999999997  151.480513199999990
  56.219999999999999  150.463438499999995


# temperature  870.000000000000000
#   -0.001244468046800    0.246804034373897  -18.325023184467199  603.757061804125101 -7398.285525741714082
  44.759999999999998  128.863706699999994
  45.469999999999999  129.873783900000006
  46.189999999999998  130.962929699999989
  46.920000000000002  132.126312899999988
  47.649999999999999  133.415086900000006
  48.390000000000001  134.731946999999991
  49.140000000000001  136.079029700000007
  49.899999999999999  137.552439399999997
  50.659999999999997  139.036537100000004
  51.430000000000000  140.624653700000010
  52.210000000000001  142.354918700000013
  53.000000000000000  144.261421000000013
  53.789999999999999  146.463374299999998
  54.590000000000003  149.072161700000009
  55.409999999999997  152.054386399999999
  56.219999999999999  151.023480199999995


# temperature  880.000000000000000
#   -0.001244537502251    0.246817596896252  -18.325998693645076  603.787216744639068 -7398.610678008943069
  44.759999999999998  129.430007899999993
  45.469999999999999  130.440286299999997
  46.189999999999998  131.529626900000011
  46.920000000000002  132.693200200000007
  47.649999999999999  133.982165600000002
  48.390000000000001  135.299210100000010
  49.140000000000001  136.646452299999993
  49.899999999999999  138.120032900000012
  50.659999999999997  139.604274900000007
  51.430000000000000  141.192534599999988
  52.210000000000001  142.922932099999997
  53.000000000000000  144.829565400000007
  53.789999999999999  147.031647099999986
  54.590000000000003  149.640535499999999
  55.409999999999997  152.621738499999992
  56.219999999999999  151.577156099999996


# temperature  890.000000000000000
#   -0.001244604286460    0.246830634783398  -18.326936142157955  603.816178181772557 -7398.922590484207831
  44.759999999999998  129.989994700000011
  45.469999999999999  131.000467700000002
  46.189999999999998  132.089996700000000
  46.920000000000002  133.253753700000004
  47.649999999999999  134.542904200000009
  48.390000000000001  135.860127000000006
  49.140000000000001  137.207523199999997
  49.899999999999999  138.681269100000009
  50.659999999999997  140.165650599999992
  51.430000000000000  141.754048699999998
  52.210000000000001  143.484574100000003
  53.000000000000000  145.391334099999995
  53.789999999999999  147.593539999999990
  54.590000000000003  150.202525500000007
  55.409999999999997  153.182715699999989
  56.219999999999999  152.124609099999986


# temperature  900.000000000000000
#   -0.001244669000969    0.246843269397634  -18.327844676159838  603.844250675775584 -7399.225029088373049
  44.759999999999998  130.543805600000013
  45.469999999999999  131.554466600000012
  46.189999999999998  132.644177799999994
  46.920000000000002  133.808112599999987
  47.649999999999999  135.097442000000001
  48.390000000000001  136.414837299999988
  49.140000000000001  137.762382500000001
  49.899999999999999  139.236288199999990
  50.659999999999997  140.720804600000008
  51.430000000000000  142.309336500000001
  52.210000000000001  144.039985699999988
  53.000000000000000  145.946868099999989
  53.789999999999999  148.149194099999988
  54.590000000000003  150.758272900000009
  55.409999999999997  153.737459099999995
  56.219999999999999  152.665977099999992


# temperature  910.000000000000000
#   -0.001244731600648    0.246855489737941  -18.328723302151580  603.871394302506815 -7399.517381364696121
  44.759999999999998  131.091574299999991
  45.469999999999999  132.102417300000013
  46.189999999999998  133.192304799999988
  46.920000000000002  134.356411500000007
  47.649999999999999  135.645914000000005
  48.390000000000001  136.963476299999996
  49.140000000000001  138.311165600000010
  49.899999999999999  139.785225900000000
  50.659999999999997  141.269872600000014
  51.430000000000000  142.858534200000008
  52.210000000000001  144.589303000000001
  53.000000000000000  146.496303899999987
  53.789999999999999  148.698746000000000
  54.590000000000003  151.307914699999998
  55.409999999999997  154.286105399999997
  56.219999999999999  153.201393599999989


# temperature  920.000000000000000
#   -0.001244792115878    0.246867302661235  -18.329572572829818  603.897627541456131 -7399.799850186842377
  44.759999999999998  131.633430400000009
  45.469999999999999  132.644449600000002
  46.189999999999998  133.734507699999995
  46.920000000000002  134.898780899999991
  47.649999999999999  136.188450799999998
  48.390000000000001  137.506174799999997
  49.140000000000001  138.854003400000011
  49.899999999999999  140.328213500000004
  50.659999999999997  141.812986400000000
  51.430000000000000  143.401773300000002
  52.210000000000001  145.132657800000004
  53.000000000000000  147.039773400000001
  53.789999999999999  149.242327899999992
  54.590000000000003  151.851583000000005
  55.409999999999997  154.828787000000005
  56.219999999999999  153.730987599999992


# temperature  930.000000000000000
#   -0.001244850703692    0.246878739402121  -18.330394796376435  603.923024972799567 -7400.073310741079695
  44.759999999999998  132.169499500000001
  45.469999999999999  133.180689300000012
  46.189999999999998  134.270912600000003
  46.920000000000002  135.435346799999991
  47.649999999999999  136.725178999999997
  48.390000000000001  138.043059499999998
  49.140000000000001  139.391022899999996
  49.899999999999999  140.865377999999993
  50.659999999999997  142.350272899999993
  51.430000000000000  143.939181399999995
  52.210000000000001  145.670177899999999
  53.000000000000000  147.577404400000006
  53.789999999999999  149.780067699999989
  54.590000000000003  152.389406000000008
  55.409999999999997  155.365631600000000
  56.219999999999999  154.254884099999998


# temperature  940.000000000000000
#   -0.001244907546286    0.246889835057094  -18.331192481338629  603.947664869804044 -7400.338647726379349
  44.759999999999998  132.699903199999994
  45.469999999999999  133.711258100000009
  46.189999999999998  134.801641399999994
  46.920000000000002  135.966231700000009
  47.649999999999999  137.256220899999988
  48.390000000000001  138.574252999999999
  49.140000000000001  139.922347000000002
  49.899999999999999  141.396842600000014
  50.659999999999997  142.881855699999988
  51.430000000000000  144.470881800000001
  52.210000000000001  146.201986699999992
  53.000000000000000  148.109320599999990
  53.789999999999999  150.312089299999997
  54.590000000000003  152.921507700000006
  55.409999999999997  155.896763300000003
  56.219999999999999  154.773204200000009


# temperature  950.000000000000000
#   -0.001244962591455    0.246900579619400  -18.331964896857208  603.971522646921017 -7400.595528835234290
  44.759999999999998  133.224759199999994
  45.469999999999999  134.236274199999997
  46.189999999999998  135.326812399999994
  46.920000000000002  136.491553799999991
  47.649999999999999  137.781695200000001
  48.390000000000001  139.099874300000010
  49.140000000000001  140.448094700000013
  49.899999999999999  141.922726500000010
  50.659999999999997  143.407853899999992
  51.430000000000000  144.996994199999989
  52.210000000000001  146.728203900000011
  53.000000000000000  148.635641999999990
  53.789999999999999  150.838512799999990
  54.590000000000003  153.448008200000004
  55.409999999999997  156.422302099999996
  56.219999999999999  155.286064900000014


# temperature  960.000000000000000
#   -0.001245015751865    0.246910955358590  -18.332710680004034  603.994550882266822 -7400.843314521081993
  44.759999999999998  133.744181700000013
  45.469999999999999  134.755851799999988
  46.189999999999998  135.846540199999993
  46.920000000000002  137.011428099999989
  47.649999999999999  138.301716999999996
  48.390000000000001  139.620038499999993
  49.140000000000001  140.968381399999998
  49.899999999999999  142.443145200000004
  50.659999999999997  143.928383400000001
  51.430000000000000  145.517634200000003
  52.210000000000001  147.248945700000007
  53.000000000000000  149.156484599999999
  53.789999999999999  151.359454300000010
  54.590000000000003  153.969023899999996
  55.409999999999997  156.942364199999986
  56.219999999999999  155.793579899999997


# temperature  970.000000000000000
#   -0.001245067344231    0.246921024239288  -18.333434348381022  604.016894585487080 -7401.083722342613328
  44.759999999999998  134.258281500000010
  45.469999999999999  135.270101899999986
  46.189999999999998  136.360935899999987
  46.920000000000002  137.525965799999994
  47.649999999999999  138.816397599999988
  48.390000000000001  140.134857399999987
  49.140000000000001  141.483318900000000
  49.899999999999999  142.958210600000001
  50.659999999999997  144.443556300000012
  51.430000000000000  146.032914299999987
  52.210000000000001  147.764324200000004
  53.000000000000000  149.671961000000010
  53.789999999999999  151.875026499999990
  54.590000000000003  154.484667699999989
  55.409999999999997  157.457062400000012
  56.219999999999999  156.295859199999995


