# Temperature: 0.000000
# Parameters: -8.544055 0.374098 4.356552 51.470171
  44.759999999999998        -8.334608377782349
  45.469999999999999        -8.381452108945545
  46.189999999999998        -8.421604401444545
  46.920000000000002        -8.455413021985773
  47.649999999999999        -8.483287910832900
  48.390000000000001        -8.505524202173746
  49.140000000000001        -8.522425847539131
  49.899999999999999        -8.534459942716053
  50.659999999999997        -8.541606742820436
  51.430000000000000        -8.544135379744841
  52.210000000000001        -8.542224174416184
  53.000000000000000        -8.536093975351214
  53.789999999999999        -8.525984420693771
  54.590000000000003        -8.512111413637189
  55.409999999999997        -8.494713770863187
  56.219999999999999        -8.474081984076067


# Temperature: 10.000000
# Parameters: -8.544057 0.373965 4.362880 51.470397
  44.759999999999998        -8.334611647707446
  45.469999999999999        -8.381455272118730
  46.189999999999998        -8.421607533524938
  46.920000000000002        -8.455416183086104
  47.649999999999999        -8.483291186976555
  48.390000000000001        -8.505527722914016
  49.140000000000001        -8.522429462594198
  49.899999999999999        -8.534463941248864
  50.659999999999997        -8.541611027406917
  51.430000000000000        -8.544140292405684
  52.210000000000001        -8.542229786664805
  53.000000000000000        -8.536100756688745
  53.789999999999999        -8.525993209589117
  54.590000000000003        -8.512124581433815
  55.409999999999997        -8.494739702250167
  56.219999999999999        -8.474137104338009


# Temperature: 20.000000
# Parameters: -8.544181 0.373104 4.395426 51.473705
  44.759999999999998        -8.334702623138554
  45.469999999999999        -8.381545882727767
  46.189999999999998        -8.421699207507398
  46.920000000000002        -8.455510089530897
  47.649999999999999        -8.483388948927326
  48.390000000000001        -8.505629893822428
  49.140000000000001        -8.522537627156124
  49.899999999999999        -8.534579541133342
  50.659999999999997        -8.541736054625366
  51.430000000000000        -8.544277524580689
  52.210000000000001        -8.542382992242533
  53.000000000000000        -8.536275327159007
  53.789999999999999        -8.526199172376735
  54.590000000000003        -8.512381001601279
  55.409999999999997        -8.495093324698178
  56.219999999999999        -8.474608264787747


# Temperature: 30.000000
# Parameters: -8.544689 0.371667 4.440939 51.481763
  44.759999999999998        -8.335067451428133
  45.469999999999999        -8.381914427642194
  46.189999999999998        -8.422074926564939
  46.920000000000002        -8.455895819430436
  47.649999999999999        -8.483788599069012
  48.390000000000001        -8.506044713100001
  49.140000000000001        -8.522971909483900
  49.899999999999999        -8.535036392681056
  50.659999999999997        -8.542220515534302
  51.430000000000000        -8.544795592650066
  52.210000000000001        -8.542943215916786
  53.000000000000000        -8.536888686338763
  53.789999999999999        -8.526885023360286
  54.590000000000003        -8.513171139875825
  55.409999999999997        -8.496051026164514
  56.219999999999999        -8.475718214173876


# Temperature: 40.000000
# Parameters: -8.545690 0.369913 4.489915 51.493873
  44.759999999999998        -8.335807183107724
  45.469999999999999        -8.382664640701343
  46.189999999999998        -8.422840483916023
  46.920000000000002        -8.456680761063323
  47.649999999999999        -8.484598588017212
  48.390000000000001        -8.506881704063588
  49.140000000000001        -8.523842097183097
  49.899999999999999        -8.535944435852253
  50.659999999999997        -8.543173412128134
  51.430000000000000        -8.545801653769338
  52.210000000000001        -8.544014138669151
  53.000000000000000        -8.538038883268880
  53.789999999999999        -8.528138996623213
  54.590000000000003        -8.514566449562055
  55.409999999999997        -8.497655026512485
  56.219999999999999        -8.477482674047515


# Temperature: 50.000000
# Parameters: -8.547207 0.367966 4.538771 51.509501
  44.759999999999998        -8.336946393918657
  45.469999999999999        -8.383821955807548
  46.189999999999998        -8.424021858623243
  46.920000000000002        -8.457891278006318
  47.649999999999999        -8.485845462796149
  48.390000000000001        -8.508167687353968
  49.140000000000001        -8.525174600469665
  49.899999999999999        -8.537329636235981
  50.659999999999997        -8.544619282836845
  51.430000000000000        -8.547318076091738
  52.210000000000001        -8.545614741611587
  53.000000000000000        -8.539740127354452
  53.789999999999999        -8.529968239361544
  54.590000000000003        -8.516564074268983
  55.409999999999997        -8.499888906676041
  56.219999999999999        -8.479877633519692


# Temperature: 60.000000
# Parameters: -8.549236 0.365900 4.586011 51.528199
  44.759999999999998        -8.338484263011271
  45.469999999999999        -8.385386173966957
  46.189999999999998        -8.425619279736820
  46.920000000000002        -8.459527895727575
  47.649999999999999        -8.487529852516611
  48.390000000000001        -8.509903275499106
  49.140000000000001        -8.526969400687927
  49.899999999999999        -8.539191170909730
  50.659999999999997        -8.546555719005623
  51.430000000000000        -8.549340249592911
  52.210000000000001        -8.547737373844862
  53.000000000000000        -8.541980834458299
  53.789999999999999        -8.532355964577880
  54.590000000000003        -8.519140617708452
  55.409999999999997        -8.502721412182533
  56.219999999999999        -8.482868518444191


# Temperature: 70.000000
# Parameters: -8.551763 0.363762 4.631169 51.549528
  44.759999999999998        -8.340413619351732
  45.469999999999999        -8.387350308629621
  46.189999999999998        -8.427625732723296
  46.920000000000002        -8.461583365461287
  47.649999999999999        -8.489644011964572
  48.390000000000001        -8.512080005041526
  49.140000000000001        -8.529216841453691
  49.899999999999999        -8.541517942856695
  50.659999999999997        -8.548969696901104
  51.430000000000000        -8.551852786451017
  52.210000000000001        -8.550363764209063
  53.000000000000000        -8.544739313213588
  53.789999999999999        -8.535276350746432
  54.590000000000003        -8.522265419280100
  55.409999999999997        -8.506116610130814
  56.219999999999999        -8.486417488895407


# Temperature: 80.000000
# Parameters: -8.554766 0.361582 4.674228 51.573078
  44.759999999999998        -8.342725138212279
  45.469999999999999        -8.389704704447777
  46.189999999999998        -8.430031020183931
  46.920000000000002        -8.464046750836733
  47.649999999999999        -8.492175997362912
  48.390000000000001        -8.514684720621718
  49.140000000000001        -8.531902261479981
  49.899999999999999        -8.544293551666501
  50.659999999999997        -8.551842837575032
  51.430000000000000        -8.554835059709072
  52.210000000000001        -8.553470734065565
  53.000000000000000        -8.547989530663560
  53.789999999999999        -8.538700119859577
  54.590000000000003        -8.525905589030515
  55.409999999999997        -8.510037886687639
  56.219999999999999        -8.490486759878333


# Temperature: 90.000000
# Parameters: -8.558224 0.359378 4.715335 51.598500
  44.759999999999998        -8.345407963027018
  45.469999999999999        -8.392437824959851
  46.189999999999998        -8.432822768224675
  46.920000000000002        -8.466904667444183
  47.649999999999999        -8.495111197173115
  48.390000000000001        -8.517701436399841
  49.140000000000001        -8.535008151380238
  49.899999999999999        -8.547498763339167
  50.659999999999997        -8.555154108827733
  51.430000000000000        -8.558264081430899
  52.210000000000001        -8.557033174949897
  53.000000000000000        -8.551704088877967
  53.789999999999999        -8.542597365835327
  54.590000000000003        -8.530028524096375
  55.409999999999997        -8.514449963973313
  56.219999999999999        -8.495040366362607


# Temperature: 100.000000
# Parameters: -8.562112 0.357162 4.754674 51.625505
  44.759999999999998        -8.348449977972056
  45.469999999999999        -8.395536733492294
  46.189999999999998        -8.435987091841875
  46.920000000000002        -8.470142165870133
  47.649999999999999        -8.498433428634341
  48.390000000000001        -8.521112644025768
  49.140000000000001        -8.538515616065892
  49.899999999999999        -8.551113149911567
  50.659999999999997        -8.558881551894373
  51.430000000000000        -8.562116279135861
  52.210000000000001        -8.561025808423677
  53.000000000000000        -8.555855915364431
  53.789999999999999        -8.546939100865430
  54.590000000000003        -8.534603220820205
  55.409999999999997        -8.519319888812410
  56.219999999999999        -8.500044993460019


# Temperature: 110.000000
# Parameters: -8.566409 0.354941 4.792425 51.653862
  44.759999999999998        -8.351838208026065
  45.469999999999999        -8.398987614482017
  46.189999999999998        -8.439509256162284
  46.920000000000002        -8.473743502798511
  47.649999999999999        -8.502125824944359
  48.390000000000001        -8.524900299316950
  49.140000000000001        -8.542405424646239
  49.899999999999999        -8.555116176668665
  50.659999999999997        -8.563003375911201
  51.430000000000000        -8.566368559172293
  52.210000000000001        -8.565424198663127
  53.000000000000000        -8.560419178232898
  53.789999999999999        -8.551698029625847
  54.590000000000003        -8.539600871731935
  55.409999999999997        -8.524617428648650
  56.219999999999999        -8.505470262478170


# Temperature: 120.000000
# Parameters: -8.571092 0.352718 4.828742 51.683388
  44.759999999999998        -8.355559248050790
  45.469999999999999        -8.402776280288879
  46.189999999999998        -8.443374237149701
  46.920000000000002        -8.477692764939318
  47.649999999999999        -8.506171493390287
  48.390000000000001        -8.529046504226956
  49.140000000000001        -8.546658693433399
  49.899999999999999        -8.559487886184893
  50.659999999999997        -8.567498607754834
  51.430000000000000        -8.570998916136187
  52.210000000000001        -8.570205280000094
  53.000000000000000        -8.565369734968248
  53.789999999999999        -8.556848889224584
  54.590000000000003        -8.544995065579190
  55.409999999999997        -8.530315109892662
  56.219999999999999        -8.511288698791263


# Temperature: 130.000000
# Parameters: -8.576141 0.350497 4.863761 51.713937
  44.759999999999998        -8.359599637977379
  45.469999999999999        -8.406888577474806
  46.189999999999998        -8.447567149649059
  46.920000000000002        -8.481974303291276
  47.649999999999999        -8.510553956866199
  48.390000000000001        -8.533533940071672
  49.140000000000001        -8.551257293257864
  49.899999999999999        -8.564209277656195
  50.659999999999997        -8.572347431990114
  51.430000000000000        -8.575986711669866
  52.210000000000001        -8.575347588045116
  53.000000000000000        -8.570685276493556
  53.789999999999999        -8.562368508278000
  54.590000000000003        -8.550761755198074
  55.409999999999997        -8.536388088368694
  56.219999999999999        -8.517475547356215


# Temperature: 140.000000
# Parameters: -8.581537 0.348279 4.897594 51.745394
  44.759999999999998        -8.363946149896474
  45.469999999999999        -8.411310674930315
  46.189999999999998        -8.452073541731501
  46.920000000000002        -8.486573015049787
  47.649999999999999        -8.515257425416836
  48.390000000000001        -8.538346124563047
  49.140000000000001        -8.556184082664430
  49.899999999999999        -8.569262497602470
  50.659999999999997        -8.577531345297626
  51.430000000000000        -8.581312789505327
  52.210000000000001        -8.580831310472311
  53.000000000000000        -8.576345331315789
  53.789999999999999        -8.568235739543093
  54.590000000000003        -8.556879117595610
  55.409999999999997        -8.542813934774363
  56.219999999999999        -8.524008526043175


# Temperature: 150.000000
# Parameters: -8.587263 0.346064 4.930335 51.777668
  44.759999999999998        -8.368585977724244
  45.469999999999999        -8.416029253540536
  46.189999999999998        -8.456879567777573
  46.920000000000002        -8.491474516690127
  47.649999999999999        -8.520266941337285
  48.390000000000001        -8.543467527888829
  49.140000000000001        -8.561422993935574
  49.899999999999999        -8.574630906198859
  50.659999999999997        -8.583033180311507
  51.430000000000000        -8.586959458881402
  52.210000000000001        -8.586638237270920
  53.000000000000000        -8.582331169138165
  53.789999999999999        -8.574431328291352
  54.590000000000003        -8.563327366356578
  55.409999999999997        -8.549572399411876
  56.219999999999999        -8.530867562383261


# Temperature: 160.000000
# Parameters: -8.593302 0.343854 4.962071 51.810687
  44.759999999999998        -8.373506861573535
  45.469999999999999        -8.421031619155677
  46.189999999999998        -8.461972089010590
  46.920000000000002        -8.496665217553730
  47.649999999999999        -8.525568440322136
  48.390000000000001        -8.548883618315330
  49.140000000000001        -8.566959056929271
  49.899999999999999        -8.580299062765777
  50.659999999999997        -8.588837073490224
  51.430000000000000        -8.592910438576748
  52.210000000000001        -8.592751669539782
  53.000000000000000        -8.588625676488988
  53.789999999999999        -8.580937739225563
  54.590000000000003        -8.570088549540374
  55.409999999999997        -8.556645166554983
  56.219999999999999        -8.538034541716931


# Temperature: 170.000000
# Parameters: -8.599639 0.341650 4.992870 51.844392
  44.759999999999998        -8.378697150975880
  45.469999999999999        -8.426305753375924
  46.189999999999998        -8.467338719099383
  46.920000000000002        -8.502132355086662
  47.649999999999999        -8.531148764939029
  48.390000000000001        -8.554580848713885
  49.140000000000001        -8.572778363840490
  49.899999999999999        -8.586252680166151
  50.659999999999997        -8.594928391530308
  51.430000000000000        -8.599150754303629
  52.210000000000001        -8.599156298225457
  53.000000000000000        -8.595213209549110
  53.789999999999999        -8.587738994797297
  54.590000000000003        -8.577146356905716
  55.409999999999997        -8.564015643018012
  56.219999999999999        -8.545493075034498


# Temperature: 180.000000
# Parameters: -8.606261 0.339450 5.022792 51.878735
  44.759999999999998        -8.384145832865009
  45.469999999999999        -8.431840333243532
  46.189999999999998        -8.472967822085455
  46.920000000000002        -8.507863979293248
  47.649999999999999        -8.536995637681562
  48.390000000000001        -8.560546623395206
  49.140000000000001        -8.578868022562007
  49.899999999999999        -8.592478549146305
  50.659999999999997        -8.601293644306546
  51.430000000000000        -8.605666638174570
  52.210000000000001        -8.605838082860343
  53.000000000000000        -8.602079458380082
  53.789999999999999        -8.594820512487976
  54.590000000000003        -8.584485937499606
  55.409999999999997        -8.571668753979873
  56.219999999999999        -8.553228291690868


# Temperature: 190.000000
# Parameters: -8.613156 0.337255 5.051893 51.913679
  44.759999999999998        -8.389842530540426
  45.469999999999999        -8.437624720878564
  46.189999999999998        -8.478848498909430
  46.920000000000002        -8.513848926825398
  47.649999999999999        -8.543097623657946
  48.390000000000001        -8.566769235923806
  49.140000000000001        -8.585216082061722
  49.899999999999999        -8.598964459567549
  50.659999999999997        -8.607920387447892
  51.430000000000000        -8.612445418841162
  52.210000000000001        -8.612784130300792
  53.000000000000000        -8.609211307006593
  53.789999999999999        -8.602168956599909
  54.590000000000003        -8.592093734865539
  55.409999999999997        -8.579590762645884
  56.219999999999999        -8.561226662176619


# Temperature: 200.000000
# Parameters: -8.620311 0.335065 5.080226 51.949192
  44.759999999999998        -8.395777489157437
  45.469999999999999        -8.443648939641093
  46.189999999999998        -8.484970550099721
  46.920000000000002        -8.520076776416284
  47.649999999999999        -8.549444071514705
  48.390000000000001        -8.573237814187396
  49.140000000000001        -8.591811465014930
  49.899999999999999        -8.605699118528500
  50.659999999999997        -8.614797135277669
  51.430000000000000        -8.619475420960706
  52.210000000000001        -8.619982577610939
  53.000000000000000        -8.616596713191022
  53.789999999999999        -8.609772101448010
  54.590000000000003        -8.599957346089528
  55.409999999999997        -8.587769123075221
  56.219999999999999        -8.569475836435506


# Temperature: 210.000000
# Parameters: -8.627716 0.332881 5.107824 51.985250
  44.759999999999998        -8.401941550852916
  45.469999999999999        -8.449903640965548
  46.189999999999998        -8.491324440534013
  46.920000000000002        -8.526537806386854
  47.649999999999999        -8.556025065761059
  48.390000000000001        -8.579942254065607
  49.140000000000001        -8.598643893181634
  49.899999999999999        -8.612672067450982
  50.659999999999997        -8.621913268571616
  51.430000000000000        -8.626745869844989
  52.210000000000001        -8.627422496711475
  53.000000000000000        -8.624224594426536
  53.789999999999999        -8.617618717352906
  54.590000000000003        -8.608065391210380
  55.409999999999997        -8.596192337154086
  56.219999999999999        -8.577964508092609


# Temperature: 220.000000
# Parameters: -8.635361 0.330701 5.134727 52.021830
  44.759999999999998        -8.408326117433964
  45.469999999999999        -8.456380069122222
  46.189999999999998        -8.497901253836520
  46.920000000000002        -8.533222938678811
  47.649999999999999        -8.562831365619781
  48.390000000000001        -8.586873155171551
  49.140000000000001        -8.605703825220971
  49.899999999999999        -8.619873609530174
  50.659999999999997        -8.629258955789490
  51.430000000000000        -8.634246799218346
  52.210000000000001        -8.635093795919145
  53.000000000000000        -8.632084734658719
  53.789999999999999        -8.625698457670465
  54.590000000000003        -8.616407403358506
  55.409999999999997        -8.604849843698096
  56.219999999999999        -8.586682296301724


# Temperature: 230.000000
# Parameters: -8.643237 0.328527 5.160976 52.058918
  44.759999999999998        -8.414923123430817
  45.469999999999999        -8.463070017687373
  46.189999999999998        -8.504692648848074
  46.920000000000002        -8.540123698433991
  47.649999999999999        -8.569854354242294
  48.390000000000001        -8.594021766957656
  49.140000000000001        -8.612982385177776
  49.899999999999999        -8.627294742366905
  50.659999999999997        -8.636825077415940
  51.430000000000000        -8.641968981777087
  52.210000000000001        -8.642987135996217
  53.000000000000000        -8.640167686861497
  53.789999999999999        -8.634001773804830
  54.590000000000003        -8.624973727186140
  55.409999999999997        -8.613731907554657
  56.219999999999999        -8.595619644175587


# Temperature: 240.000000
# Parameters: -8.651336 0.326357 5.186590 52.096498
  44.759999999999998        -8.421724995676222
  45.469999999999999        -8.469965796377572
  46.189999999999998        -8.511690815059788
  46.920000000000002        -8.547232156990903
  47.649999999999999        -8.577085985850935
  48.390000000000001        -8.601379928602935
  49.140000000000001        -8.620471308588431
  49.899999999999999        -8.634927090599936
  50.659999999999997        -8.644603161702081
  51.430000000000000        -8.649903849384673
  52.210000000000001        -8.651093858637061
  53.000000000000000        -8.648464704633007
  53.789999999999999        -8.642519826075766
  54.590000000000003        -8.633755435953232
  55.409999999999997        -8.622829539798136
  56.219999999999999        -8.604767724471076


# Temperature: 250.000000
# Parameters: -8.659650 0.324193 5.211602 52.134560
  44.759999999999998        -8.428724621176221
  45.469999999999999        -8.477060187519797
  46.189999999999998        -8.518888436338145
  46.920000000000002        -8.554540899755528
  47.649999999999999        -8.584518743245475
  48.390000000000001        -8.608940020300951
  49.140000000000001        -8.628162886513833
  49.899999999999999        -8.642762849938940
  50.659999999999997        -8.652585323516330
  51.430000000000000        -8.658043435031848
  52.210000000000001        -8.659405919100442
  53.000000000000000        -8.656967662390754
  53.789999999999999        -8.651244417387364
  54.590000000000003        -8.642744257941178
  55.409999999999997        -8.632134413779337
  56.219999999999999        -8.614118370148645


# Temperature: 260.000000
# Parameters: -8.668170 0.322033 5.236042 52.173093
  44.759999999999998        -8.435915312908081
  45.469999999999999        -8.484346417031505
  46.189999999999998        -8.526278648431504
  46.920000000000002        -8.562042974379988
  47.649999999999999        -8.592145584945371
  48.390000000000001        -8.616694918693479
  49.140000000000001        -8.636049916827359
  49.899999999999999        -8.650794738452467
  50.659999999999997        -8.660764206304540
  51.430000000000000        -8.666380315833173
  52.210000000000001        -8.667915825060360
  53.000000000000000        -8.665669006659588
  53.789999999999999        -8.660167923787482
  54.590000000000003        -8.651932505975827
  55.409999999999997        -8.641638798794199
  56.219999999999999        -8.623663998713209


# Temperature: 270.000000
# Parameters: -8.676892 0.319878 5.259925 52.212092
  44.759999999999998        -8.443290777691075
  45.469999999999999        -8.491818113999994
  46.189999999999998        -8.533855006840897
  46.920000000000002        -8.569731861742616
  47.649999999999999        -8.599959913060555
  48.390000000000001        -8.624637952304186
  49.140000000000001        -8.644125660684956
  49.899999999999999        -8.659015947855901
  50.659999999999997        -8.669132941669368
  51.430000000000000        -8.674907561205728
  52.210000000000001        -8.676616588930445
  53.000000000000000        -8.674561689740409
  53.789999999999999        -8.669283244719274
  54.590000000000003        -8.661313025606168
  55.409999999999997        -8.651335501007512
  56.219999999999999        -8.633397559356384


# Temperature: 280.000000
# Parameters: -8.685807 0.317728 5.283278 52.251550
  44.759999999999998        -8.450845090275829
  45.469999999999999        -8.499469284771751
  46.189999999999998        -8.541611450545096
  46.920000000000002        -8.577601433454475
  47.649999999999999        -8.607955535980084
  48.390000000000001        -8.632762862154411
  49.140000000000001        -8.652383803140948
  49.899999999999999        -8.667420102054407
  50.659999999999997        -8.677685098585387
  51.430000000000000        -8.683618688302769
  52.210000000000001        -8.685501678115486
  53.000000000000000        -8.683639130325970
  53.789999999999999        -8.678583750163458
  54.590000000000003        -8.670879138100876
  55.409999999999997        -8.661217811631589
  56.219999999999999        -8.643312479062336


# Temperature: 290.000000
# Parameters: -8.694911 0.315582 5.306114 52.291463
  44.759999999999998        -8.458572662251528
  45.469999999999999        -8.507294282896087
  46.189999999999998        -8.549542274017112
  46.920000000000002        -8.585645929057979
  47.649999999999999        -8.616126632097217
  48.390000000000001        -8.641063771706820
  49.140000000000001        -8.660818415836680
  49.899999999999999        -8.676001217758740
  50.659999999999997        -8.686414648160586
  51.430000000000000        -8.692507623665950
  52.210000000000001        -8.694564976663663
  53.000000000000000        -8.692895171007397
  53.789999999999999        -8.688063238144826
  54.590000000000003        -8.680624600027693
  55.409999999999997        -8.671279463396361
  56.219999999999999        -8.653402612859308


# Temperature: 300.000000
# Parameters: -8.704198 0.313442 5.328467 52.331827
  44.759999999999998        -8.466468221317390
  45.469999999999999        -8.515287782178049
  46.189999999999998        -8.557642099240677
  46.920000000000002        -8.593859919751967
  47.649999999999999        -8.624467721825901
  48.390000000000001        -8.649535151626898
  49.140000000000001        -8.669423925907733
  49.899999999999999        -8.684753676501717
  50.659999999999997        -8.695315930470734
  51.430000000000000        -8.701568669023269
  52.210000000000001        -8.703800743809490
  53.000000000000000        -8.702324032671426
  53.789999999999999        -8.697715895348049
  54.590000000000003        -8.690543563869218
  55.409999999999997        -8.681514582873774
  56.219999999999999        -8.663662213763255


# Temperature: 310.000000
# Parameters: -8.713661 0.311306 5.350331 52.372639
  44.759999999999998        -8.474526781226301
  45.469999999999999        -8.523444750767766
  46.189999999999998        -8.565905851872436
  46.920000000000002        -8.602238284553902
  47.649999999999999        -8.632973638580845
  48.390000000000001        -8.658171792835869
  49.140000000000001        -8.678195083854703
  49.899999999999999        -8.693672189399736
  50.659999999999997        -8.704383620357307
  51.430000000000000        -8.710796461904849
  52.210000000000001        -8.713203588063152
  53.000000000000000        -8.711920291699032
  53.789999999999999        -8.707536263952028
  54.590000000000003        -8.700630538638711
  55.409999999999997        -8.691917663530690
  56.219999999999999        -8.674085886138656


# Temperature: 320.000000
# Parameters: -8.723298 0.309174 5.371735 52.413898
  44.759999999999998        -8.482743628311276
  45.469999999999999        -8.531760434577624
  46.189999999999998        -8.574328736367727
  46.920000000000002        -8.610776188534919
  47.649999999999999        -8.641639509085403
  48.390000000000001        -8.666968782672891
  49.140000000000001        -8.687126942814679
  49.899999999999999        -8.702751772278539
  50.659999999999997        -8.713612702553251
  51.430000000000000        -8.720185958023704
  52.210000000000001        -8.722768434044877
  53.000000000000000        -8.721678841617646
  53.789999999999999        -8.717519210537109
  54.590000000000003        -8.710880362933008
  55.409999999999997        -8.702483528417552
  56.219999999999999        -8.684668562897148


# Temperature: 330.000000
# Parameters: -8.733101 0.307048 5.392693 52.455604
  44.759999999999998        -8.491114296611226
  45.469999999999999        -8.540230330335186
  46.189999999999998        -8.582906214215612
  46.920000000000002        -8.619469061054865
  47.649999999999999        -8.650460724351651
  48.390000000000001        -8.675921478984394
  49.140000000000001        -8.696214830577729
  49.899999999999999        -8.711987719762547
  50.659999999999997        -8.722998443699483
  51.430000000000000        -8.729732396037235
  52.210000000000001        -8.732490493464978
  53.000000000000000        -8.731594872372634
  53.789999999999999        -8.727659897065148
  54.590000000000003        -8.721288176949011
  55.409999999999997        -8.713207302184864
  56.219999999999999        -8.695405473368297


# Temperature: 340.000000
# Parameters: -8.743069 0.304926 5.413212 52.497754
  44.759999999999998        -8.499634551288130
  45.469999999999999        -8.548850173146068
  46.189999999999998        -8.591633987356069
  46.920000000000002        -8.628312569851646
  47.649999999999999        -8.659432923097560
  48.390000000000001        -8.685025489395558
  49.140000000000001        -8.705454327821945
  49.899999999999999        -8.721375584546346
  50.659999999999997        -8.732536370579927
  51.430000000000000        -8.739431280964418
  52.210000000000001        -8.742365248541050
  53.000000000000000        -8.741663840270927
  53.789999999999999        -8.737953761187406
  54.590000000000003        -8.731849393463746
  55.409999999999997        -8.724084388281819
  56.219999999999999        -8.706292118425367


# Temperature: 350.000000
# Parameters: -8.753195 0.302809 5.433308 52.540350
  44.759999999999998        -8.508300376189929
  45.469999999999999        -8.557615914728995
  46.189999999999998        -8.600507980560733
  46.920000000000002        -8.637302613786245
  47.649999999999999        -8.668551974127745
  48.390000000000001        -8.694276655763916
  49.140000000000001        -8.714841250494203
  49.899999999999999        -8.730911159775429
  50.659999999999997        -8.742222255611550
  51.430000000000000        -8.749278360347981
  52.210000000000001        -8.752388426087299
  53.000000000000000        -8.751881453471062
  53.789999999999999        -8.748396489297461
  54.590000000000003        -8.742559681251548
  55.409999999999997        -8.735110446154909
  56.219999999999999        -8.717324251829652


# Temperature: 360.000000
# Parameters: -8.763477 0.300697 5.452990 52.583393
  44.759999999999998        -8.517107951049143
  45.469999999999999        -8.566523709942253
  46.189999999999998        -8.609524322777236
  46.920000000000002        -8.646435296932054
  47.649999999999999        -8.677813956641367
  48.390000000000001        -8.703671033450824
  49.140000000000001        -8.724371634263758
  49.899999999999999        -8.740590456244819
  50.659999999999997        -8.752052086787995
  51.430000000000000        -8.759269606635179
  52.210000000000001        -8.762555979895303
  53.000000000000000        -8.762243648145366
  53.789999999999999        -8.758983998911969
  54.590000000000003        -8.753414941246247
  55.409999999999997        -8.746281366373706
  56.219999999999999        -8.728497853283386


# Temperature: 370.000000
# Parameters: -8.773910 0.298589 5.472273 52.626883
  44.759999999999998        -8.526053643191453
  45.469999999999999        -8.575569904346571
  46.189999999999998        -8.618679337801353
  46.920000000000002        -8.655706918210621
  47.649999999999999        -8.687215147795021
  48.390000000000001        -8.713204877847922
  49.140000000000001        -8.734041713793722
  49.899999999999999        -8.750409687889105
  50.659999999999997        -8.762022063533882
  51.430000000000000        -8.769401199558528
  52.210000000000001        -8.772864073114755
  53.000000000000000        -8.772746570860715
  53.789999999999999        -8.769712422087835
  54.590000000000003        -8.764411288921927
  55.409999999999997        -8.757593261303017
  56.219999999999999        -8.739809119101908


# Temperature: 380.000000
# Parameters: -8.784491 0.296487 5.491168 52.670821
  44.759999999999998        -8.535133996135025
  45.469999999999999        -8.584751017622308
  46.189999999999998        -8.627969523548488
  46.920000000000002        -8.665113958954528
  47.649999999999999        -8.696752006119910
  48.390000000000001        -8.722874628830738
  49.140000000000001        -8.743847911340380
  49.899999999999999        -8.760365259345317
  50.659999999999997        -8.772128573903421
  51.430000000000000        -8.779669511625846
  52.210000000000001        -8.783309064779933
  53.000000000000000        -8.783386564068557
  53.789999999999999        -8.780578087802969
  54.590000000000003        -8.775545040819388
  55.409999999999997        -8.769042438155795
  56.219999999999999        -8.751254439412282


# Temperature: 390.000000
# Parameters: -8.795217 0.294389 5.509679 52.715210
  44.759999999999998        -8.544345713007674
  45.469999999999999        -8.594063736314462
  46.189999999999998        -8.637391547907965
  46.920000000000002        -8.674653065288144
  47.649999999999999        -8.706421163230434
  48.390000000000001        -8.732676897285147
  49.140000000000001        -8.753786823279635
  49.899999999999999        -8.770453751442970
  50.659999999999997        -8.782368182143305
  51.430000000000000        -8.790071094646704
  52.210000000000001        -8.793887492190439
  53.000000000000000        -8.794160155740665
  53.789999999999999        -8.791577508482742
  54.590000000000003        -8.786812694854028
  55.409999999999997        -8.780625394847446
  56.219999999999999        -8.762830387789036


# Temperature: 400.000000
# Parameters: -8.806085 0.292296 5.527808 52.760052
  44.759999999999998        -8.553685648255467
  45.469999999999999        -8.603504896213419
  46.189999999999998        -8.646942231123779
  46.920000000000002        -8.684321043981923
  47.649999999999999        -8.716219405168522
  48.390000000000001        -8.742608456815960
  49.140000000000001        -8.763855207669900
  49.899999999999999        -8.780671906694080
  50.659999999999997        -8.792737619364859
  51.430000000000000        -8.800602666258889
  52.210000000000001        -8.804596060546945
  53.000000000000000        -8.805064036567739
  53.789999999999999        -8.802707366526450
  54.590000000000003        -8.798210924097303
  55.409999999999997        -8.792338795121587
  56.219999999999999        -8.774533704671335


# Temperature: 410.000000
# Parameters: -8.817091 0.290208 5.545582 52.805348
  44.759999999999998        -8.563150800387726
  45.469999999999999        -8.613071480282112
  46.189999999999998        -8.656618540612463
  46.920000000000002        -8.694114845869576
  47.649999999999999        -8.726143670330766
  48.390000000000001        -8.752666229236949
  49.140000000000001        -8.774049973887838
  49.899999999999999        -8.791016618928911
  50.659999999999997        -8.803233767997661
  51.430000000000000        -8.811261098527716
  52.210000000000001        -8.815431631550499
  53.000000000000000        -8.816095058922988
  53.789999999999999        -8.813964500833757
  54.590000000000003        -8.809736557084619
  55.409999999999997        -8.804179468550052
  56.219999999999999        -8.786361288035147


# Temperature: 420.000000
# Parameters: -8.828232 0.288126 5.562988 52.851101
  44.759999999999998        -8.572738299539921
  45.469999999999999        -8.622760605182467
  46.189999999999998        -8.666417577489550
  46.920000000000002        -8.704031558593094
  47.649999999999999        -8.736191031849188
  48.390000000000001        -8.762847275243022
  49.140000000000001        -8.784368171227662
  49.899999999999999        -8.801484928113844
  50.659999999999997        -8.813853656607396
  51.430000000000000        -8.822043408618178
  52.210000000000001        -8.826391212001836
  53.000000000000000        -8.827250219242888
  53.789999999999999        -8.825345898513302
  54.590000000000003        -8.821386571596774
  55.409999999999997        -8.816144389804357
  56.219999999999999        -8.798310179919707


# Temperature: 430.000000
# Parameters: -8.839507 0.286048 5.580056 52.897315
  44.759999999999998        -8.582445399182259
  45.469999999999999        -8.632569510911146
  46.189999999999998        -8.676336571387438
  46.920000000000002        -8.714068399347759
  47.649999999999999        -8.746358694481957
  48.390000000000001        -8.773148787155229
  49.140000000000001        -8.794806980609732
  49.899999999999999        -8.812074003768549
  50.659999999999997        -8.824594443313050
  51.430000000000000        -8.832946746357850
  52.210000000000001        -8.837471943437116
  53.000000000000000        -8.838526649735760
  53.789999999999999        -8.836848686591273
  54.590000000000003        -8.833158085332119
  55.409999999999997        -8.828230671400725
  56.219999999999999        -8.810377561245373


# Temperature: 440.000000
# Parameters: -8.850911 0.283976 5.596771 52.943992
  44.759999999999998        -8.592269471973969
  45.469999999999999        -8.642495558726692
  46.189999999999998        -8.686372869054702
  46.920000000000002        -8.724222704517882
  47.649999999999999        -8.756643983212692
  48.390000000000001        -8.783568079592927
  49.140000000000001        -8.805363707325570
  49.899999999999999        -8.822781138747429
  50.659999999999997        -8.835453415786892
  51.430000000000000        -8.843968389054741
  52.210000000000001        -8.848671093836511
  53.000000000000000        -8.849921612163218
  53.789999999999999        -8.848470115428595
  54.590000000000003        -8.845048342433026
  55.409999999999997        -8.840435559554376
  56.219999999999999        -8.822560737303666


# Temperature: 450.000000
# Parameters: -8.862444 0.281909 5.613146 52.991135
  44.759999999999998        -8.602207998362626
  45.469999999999999        -8.652536216639559
  46.189999999999998        -8.696523932283240
  46.920000000000002        -8.734491924494671
  47.649999999999999        -8.767044335995488
  48.390000000000001        -8.794102581182370
  49.140000000000001        -8.816035771710022
  49.899999999999999        -8.833603746130345
  50.659999999999997        -8.846427975708094
  51.430000000000000        -8.855105731133035
  52.210000000000001        -8.859986052442077
  53.000000000000000        -8.861432486439478
  53.789999999999999        -8.860207558720930
  54.590000000000003        -8.857054708303741
  55.409999999999997        -8.852756417596705
  56.219999999999999        -8.834857131538710


# Temperature: 460.000000
# Parameters: -8.874102 0.279846 5.629204 53.038748
  44.759999999999998        -8.612258562438434
  45.469999999999999        -8.662689061484972
  46.189999999999998        -8.706787324434730
  46.920000000000002        -8.744873614348394
  47.649999999999999        -8.777557300645624
  48.390000000000001        -8.804749829374581
  49.140000000000001        -8.826820701886268
  49.899999999999999        -8.844539344712643
  50.659999999999997        -8.857515635653444
  51.430000000000000        -8.866356278950965
  52.210000000000001        -8.871414316284204
  53.000000000000000        -8.873056764412805
  53.789999999999999        -8.872058502097978
  54.590000000000003        -8.869174664428261
  55.409999999999997        -8.865190723902431
  56.219999999999999        -8.847264280365099


# Temperature: 470.000000
# Parameters: -8.885883 0.277790 5.644923 53.086834
  44.759999999999998        -8.622418846752103
  45.469999999999999        -8.672951764412948
  46.189999999999998        -8.717160709404206
  46.920000000000002        -8.755365427609824
  47.649999999999999        -8.788180522402465
  48.390000000000001        -8.815507461117507
  49.140000000000001        -8.837716128583700
  49.899999999999999        -8.855585556932306
  50.659999999999997        -8.868714011842364
  51.430000000000000        -8.877717641472966
  52.210000000000001        -8.882953488108775
  53.000000000000000        -8.884792042610517
  53.789999999999999        -8.884020535868505
  54.590000000000003        -8.881405792823939
  55.409999999999997        -8.877736062561761
  56.219999999999999        -8.859779821767209


# Temperature: 480.000000
# Parameters: -8.897785 0.275739 5.660324 53.135397
  44.759999999999998        -8.632686625059856
  45.469999999999999        -8.683322089851874
  46.189999999999998        -8.727641844365074
  46.920000000000002        -8.765965115233804
  47.649999999999999        -8.798911741856591
  48.390000000000001        -8.826373209746748
  49.140000000000001        -8.848719776846508
  49.899999999999999        -8.866740101614962
  50.659999999999997        -8.880020815845501
  51.430000000000000        -8.889187525087555
  52.210000000000001        -8.894601269122171
  53.000000000000000        -8.896636016020443
  53.789999999999999        -8.896091348801775
  54.590000000000003        -8.893745779150766
  55.409999999999997        -8.890390117161830
  56.219999999999999        -8.872401494262768


# Temperature: 490.000000
# Parameters: -8.909806 0.273693 5.675405 53.184440
  44.759999999999998        -8.643059755068453
  45.469999999999999        -8.693797891362806
  46.189999999999998        -8.738228573550547
  46.920000000000002        -8.776670512125715
  47.649999999999999        -8.809748788731250
  48.390000000000001        -8.837344898766993
  49.140000000000001        -8.859829462924397
  49.899999999999999        -8.878000787755330
  50.659999999999997        -8.891433851475442
  51.430000000000000        -8.900763728425186
  52.210000000000001        -8.906355452772718
  53.000000000000000        -8.908586472908773
  53.789999999999999        -8.908268725018281
  54.590000000000003        -8.906192400274241
  55.409999999999997        -8.903150665604567
  56.219999999999999        -8.885127125502173


# Temperature: 500.000000
# Parameters: -8.921944 0.271654 5.690163 53.233968
  44.759999999999998        -8.653536179471613
  45.469999999999999        -8.704377103348049
  46.189999999999998        -8.748918825144379
  46.920000000000002        -8.787479540250750
  47.649999999999999        -8.820689577736649
  48.390000000000001        -8.848420432524188
  49.140000000000001        -8.871043089090456
  49.899999999999999        -8.889365512444373
  50.659999999999997        -8.902951010641019
  51.430000000000000        -8.912444135103280
  52.210000000000001        -8.918213918532128
  53.000000000000000        -8.920641287565088
  53.789999999999999        -8.920550533625468
  54.590000000000003        -8.918743523228965
  55.409999999999997        -8.916015572851716
  56.219999999999999        -8.897954629159207


# Temperature: 510.000000
# Parameters: -8.934197 0.269620 5.704636 53.283984
  44.759999999999998        -8.664113917658604
  45.469999999999999        -8.715057735869037
  46.189999999999998        -8.759710602989442
  46.920000000000002        -8.798390199306075
  47.649999999999999        -8.831732099242121
  48.390000000000001        -8.859597801387661
  49.140000000000001        -8.882358637422607
  49.899999999999999        -8.900832250505024
  50.659999999999997        -8.914570261946604
  51.430000000000000        -8.924226712689787
  52.210000000000001        -8.930174628786222
  53.000000000000000        -8.932798418229504
  53.789999999999999        -8.932934728717747
  54.590000000000003        -8.931397096927213
  55.409999999999997        -8.928982789888408
  56.219999999999999        -8.910882003894608


# Temperature: 520.000000
# Parameters: -8.946563 0.267591 5.718802 53.334493
  44.759999999999998        -8.674791059495686
  45.469999999999999        -8.725837875682750
  46.189999999999998        -8.770601987624158
  46.920000000000002        -8.809400561538700
  47.649999999999999        -8.842874423421824
  48.390000000000001        -8.870875065167308
  49.140000000000001        -8.893774163585039
  49.899999999999999        -8.912399054492196
  50.659999999999997        -8.926289654837833
  51.430000000000000        -8.936109503375354
  52.210000000000001        -8.942235620543514
  53.000000000000000        -8.945055898801257
  53.789999999999999        -8.945419340048648
  54.590000000000003        -8.944151146976809
  55.409999999999997        -8.942050343358893
  56.219999999999999        -8.923907320918962


# Temperature: 530.000000
# Parameters: -8.959041 0.265569 5.732645 53.385499
  44.759999999999998        -8.685565766362533
  45.469999999999999        -8.736715677950302
  46.189999999999998        -8.781591127991083
  46.920000000000002        -8.820508771745484
  47.649999999999999        -8.854114688854052
  48.390000000000001        -8.882250358295719
  49.140000000000001        -8.905287796828214
  49.899999999999999        -8.924064047437788
  50.659999999999997        -8.938107308200902
  51.430000000000000        -8.948090623973323
  52.210000000000001        -8.954395007508067
  53.000000000000000        -8.957411838838706
  53.789999999999999        -8.958002473030824
  54.590000000000003        -8.957003775681132
  55.409999999999997        -8.955216333493695
  56.219999999999999        -8.937028727101977


# Temperature: 540.000000
# Parameters: -8.971628 0.263553 5.746214 53.437006
  44.759999999999998        -8.696436265970107
  45.469999999999999        -8.747689363127675
  46.189999999999998        -8.792676241436920
  46.920000000000002        -8.831713042090989
  47.649999999999999        -8.865451100448389
  48.390000000000001        -8.893721881536775
  49.140000000000001        -8.916897734806724
  49.899999999999999        -8.935825422850696
  50.659999999999997        -8.950021410362568
  51.430000000000000        -8.960168258664753
  52.210000000000001        -8.966650970751660
  53.000000000000000        -8.969864414231495
  53.789999999999999        -8.970682301481069
  54.590000000000003        -8.969953153747690
  55.409999999999997        -8.968478932036753
  56.219999999999999        -8.950244433571791


# Temperature: 550.000000
# Parameters: -8.984323 0.261542 5.759485 53.489019
  44.759999999999998        -8.707400844069246
  45.469999999999999        -8.758757215929277
  46.189999999999998        -8.803855605421095
  46.920000000000002        -8.843011644852512
  47.649999999999999        -8.876881927372851
  48.390000000000001        -8.905287899912782
  49.140000000000001        -8.928602237360753
  49.899999999999999        -8.947681436425391
  50.659999999999997        -8.962030213908029
  51.430000000000000        -8.972340656925555
  52.210000000000001        -8.979001755604504
  53.000000000000000        -8.982411869273408
  53.789999999999999        -8.983457064511033
  54.590000000000003        -8.982997517178861
  55.409999999999997        -8.981836378099718
  56.219999999999999        -8.963552720897114


# Temperature: 560.000000
# Parameters: -8.997124 0.259538 5.772453 53.541541
  44.759999999999998        -8.718457850669221
  45.469999999999999        -8.769917577036541
  46.189999999999998        -8.815127558552184
  46.920000000000002        -8.854402914492926
  47.649999999999999        -8.888405500981033
  48.390000000000001        -8.916946739595206
  49.140000000000001        -8.940399627552484
  49.899999999999999        -8.959630407078352
  50.659999999999997        -8.974132035680912
  51.430000000000000        -8.984606130417228
  52.210000000000001        -8.991445671655237
  53.000000000000000        -8.995052508370955
  53.789999999999999        -8.996325066527229
  54.590000000000003        -8.996135166235447
  55.409999999999997        -8.995286970906971
  56.219999999999999        -8.976951927686521


# Temperature: 570.000000
# Parameters: -9.010031 0.257541 5.785119 53.594577
  44.759999999999998        -8.729605687600614
  45.469999999999999        -8.781168848280055
  46.189999999999998        -8.826490496442220
  46.920000000000002        -8.865885242478557
  47.649999999999999        -8.900020207557128
  48.390000000000001        -8.928696783758959
  49.140000000000001        -8.952288284411125
  49.899999999999999        -8.971670710729509
  50.659999999999997        -8.986325246419010
  51.430000000000000        -8.996963049877566
  52.210000000000001        -9.003981085495953
  53.000000000000000        -9.007784697079801
  53.789999999999999        -9.009284666866762
  54.590000000000003        -9.009364459218130
  55.409999999999997        -9.008829069795615
  56.219999999999999        -8.990440452661321


# Temperature: 580.000000
# Parameters: -9.023041 0.255549 5.797560 53.648135
  44.759999999999998        -8.740842811624614
  45.469999999999999        -8.792509480202440
  46.189999999999998        -8.837942867560974
  46.920000000000002        -8.877457075206321
  47.649999999999999        -8.911724488315921
  48.390000000000001        -8.940536469473123
  49.140000000000001        -8.964266643969330
  49.899999999999999        -8.983800779265810
  50.659999999999997        -8.998608275936425
  51.430000000000000        -9.009409839938535
  52.210000000000001        -9.016606419685766
  53.000000000000000        -9.020606854849783
  53.789999999999999        -9.022334284979465
  54.590000000000003        -9.022683812467463
  55.409999999999997        -9.022461091106209
  56.219999999999999        -9.004016748436994


# Temperature: 590.000000
# Parameters: -9.036154 0.253565 5.809648 53.702214
  44.759999999999998        -8.752167731323713
  45.469999999999999        -8.803937978276922
  46.189999999999998        -8.849483173235958
  46.920000000000002        -8.889116907785176
  47.649999999999999        -8.923516836293516
  48.390000000000001        -8.952464287700948
  49.140000000000001        -8.976333190971793
  49.899999999999999        -8.996019095359097
  50.659999999999997        -9.010979604832141
  51.430000000000000        -9.021944979126271
  52.210000000000001        -9.029320149641531
  53.000000000000000        -9.033517456061327
  53.789999999999999        -9.035472391100067
  54.590000000000003        -9.036091694145320
  55.409999999999997        -9.036181504037049
  56.219999999999999        -9.017679319450330


# Temperature: 600.000000
# Parameters: -9.049367 0.251587 5.821503 53.756824
  44.759999999999998        -8.763579002956028
  45.469999999999999        -8.815452894615902
  46.189999999999998        -8.861109960397449
  46.920000000000002        -8.900863286108970
  47.649999999999999        -8.935395795310910
  48.390000000000001        -8.964478776044874
  49.140000000000001        -8.988486463020953
  49.899999999999999        -9.008324192466102
  50.659999999999997        -9.023437764490041
  51.430000000000000        -9.034566995715377
  52.210000000000001        -9.042120803637848
  53.000000000000000        -9.046515022770478
  53.789999999999999        -9.048697506248180
  54.590000000000003        -9.049586624234891
  55.409999999999997        -9.049988830644180
  56.219999999999999        -9.031426722995867


# Temperature: 610.000000
# Parameters: -9.062680 0.249616 5.833047 53.811965
  44.759999999999998        -8.775075226309573
  45.469999999999999        -8.827052826934544
  46.189999999999998        -8.872821827797036
  46.920000000000002        -8.912694803747163
  47.649999999999999        -8.947359952719005
  48.390000000000001        -8.976578522892227
  49.140000000000001        -9.000725043322003
  49.899999999999999        -9.020714652755595
  50.659999999999997        -9.035981332933185
  51.430000000000000        -9.047274466692485
  52.210000000000001        -9.055006953479225
  53.000000000000000        -9.059598128854594
  53.789999999999999        -9.062008201191885
  54.590000000000003        -9.063167169358548
  55.409999999999997        -9.063881638586400
  56.219999999999999        -9.045257558861627


# Temperature: 620.000000
# Parameters: -9.076091 0.247651 5.844325 53.867645
  44.759999999999998        -8.786655048847978
  45.469999999999999        -8.838736418550775
  46.189999999999998        -8.884617412534087
  46.920000000000002        -8.924610096762693
  47.649999999999999        -8.959407943544310
  48.390000000000001        -8.988762158087388
  49.140000000000001        -9.013047561719326
  49.899999999999999        -9.033189101926249
  50.659999999999997        -9.048608933787399
  51.430000000000000        -9.060066014646996
  52.210000000000001        -9.067977219682202
  53.000000000000000        -9.072765391720939
  53.789999999999999        -9.075403092302020
  54.590000000000003        -9.076831944850706
  55.409999999999997        -9.077858542161696
  56.219999999999999        -9.059170476584084


# Temperature: 630.000000
# Parameters: -9.089599 0.245694 5.855317 53.923867
  44.759999999999998        -8.798317157419072
  45.469999999999999        -8.850502354239572
  46.189999999999998        -8.896495397310723
  46.920000000000002        -8.936607845784833
  47.649999999999999        -8.971538445306821
  48.390000000000001        -9.001028357077498
  49.140000000000001        -9.025452689514356
  49.899999999999999        -9.045746210243076
  50.659999999999997        -9.061319236281264
  51.430000000000000        -9.072940302588933
  52.210000000000001        -9.081030267329659
  53.000000000000000        -9.086015471270258
  53.789999999999999        -9.088880838442904
  54.590000000000003        -9.090579608539256
  55.409999999999997        -9.091918202307237
  56.219999999999999        -9.073164165083925


# Temperature: 640.000000
# Parameters: -9.103203 0.243744 5.866025 53.980637
  44.759999999999998        -8.810060280327738
  45.469999999999999        -8.862349360232960
  46.189999999999998        -8.908454505249699
  46.920000000000002        -8.948686768754200
  47.649999999999999        -8.983750174910730
  48.390000000000001        -9.013375833657468
  49.140000000000001        -9.037939139465580
  49.899999999999999        -9.058384686318856
  50.659999999999997        -9.074110946954709
  51.430000000000000        -9.085896040167503
  52.210000000000001        -9.094164798815820
  53.000000000000000        -9.099347073006056
  53.789999999999999        -9.102440140972336
  54.590000000000003        -9.104408859709142
  55.409999999999997        -9.106059318307972
  56.219999999999999        -9.087237356811737


# Temperature: 650.000000
# Parameters: -9.116901 0.241801 5.876493 54.037962
  44.759999999999998        -8.821883183190209
  45.469999999999999        -8.874276198001471
  46.189999999999998        -8.920493496785109
  46.920000000000002        -8.960845625068469
  47.649999999999999        -8.996041887608005
  48.390000000000001        -9.025803342042844
  49.140000000000001        -9.050505663715688
  49.899999999999999        -9.071103281259852
  50.659999999999997        -9.086982814841146
  51.430000000000000        -9.098931971233986
  52.210000000000001        -9.107379560064816
  53.000000000000000        -9.112758938706758
  53.789999999999999        -9.116079740632314
  54.590000000000003        -9.118318438065939
  55.409999999999997        -9.120280631942324
  56.219999999999999        -9.101388820493032


# Temperature: 660.000000
# Parameters: -9.130694 0.239866 5.886675 54.095844
  44.759999999999998        -8.833784668934063
  45.469999999999999        -8.886281669436254
  46.189999999999998        -8.932611169662406
  46.920000000000002        -8.973083211436661
  47.649999999999999        -9.008412378034814
  48.390000000000001        -9.038309673760512
  49.140000000000001        -9.063151051718718
  49.899999999999999        -9.083900783483674
  50.659999999999997        -9.099933625248905
  51.430000000000000        -9.112046880060287
  52.210000000000001        -9.120673333275699
  53.000000000000000        -9.126249848498563
  53.789999999999999        -9.129798418585466
  54.590000000000003        -9.132307121662993
  55.409999999999997        -9.134580921263643
  56.219999999999999        -9.115617365273947


# Temperature: 670.000000
# Parameters: -9.144579 0.237938 5.896598 54.154290
  44.759999999999998        -8.845763573652521
  45.469999999999999        -8.898364608557683
  46.189999999999998        -8.944806357901959
  46.920000000000002        -8.985398357733441
  47.649999999999999        -9.020860473992968
  48.390000000000001        -9.050893654539433
  49.140000000000001        -9.075874127130772
  49.899999999999999        -9.096776013537152
  50.659999999999997        -9.112962199761240
  51.430000000000000        -9.125239588229659
  52.210000000000001        -9.134044936922443
  53.000000000000000        -9.139818620855445
  53.789999999999999        -9.143594988123631
  54.590000000000003        -9.146373724828575
  55.409999999999997        -9.148959001636621
  56.219999999999999        -9.129921834502685


# Temperature: 680.000000
# Parameters: -9.158556 0.236018 5.906212 54.213299
  44.759999999999998        -8.857818770750157
  45.469999999999999        -8.910523884624618
  46.189999999999998        -8.957077927653353
  46.920000000000002        -8.997789929071967
  47.649999999999999        -9.033385039559205
  48.390000000000001        -9.063554147419914
  49.140000000000001        -9.088673751955737
  49.899999999999999        -9.109727831351313
  50.659999999999997        -9.126067394163474
  51.430000000000000        -9.138508948418147
  52.210000000000001        -9.147493223681092
  53.000000000000000        -9.153464106380598
  53.789999999999999        -9.157468301922858
  54.590000000000003        -9.160517096093022
  55.409999999999997        -9.163413723664451
  56.219999999999999        -9.144301104693101


# Temperature: 690.000000
# Parameters: -9.172623 0.234106 5.915564 54.272882
  44.759999999999998        -8.869949161615049
  45.469999999999999        -8.922758399025145
  46.189999999999998        -8.969424778231815
  46.920000000000002        -9.010256823731044
  47.649999999999999        -9.045984968866616
  48.390000000000001        -9.076290045498626
  49.140000000000001        -9.101548815144573
  49.899999999999999        -9.122755125877120
  50.659999999999997        -9.139248098442998
  51.430000000000000        -9.151853848540290
  52.210000000000001        -9.161017080429760
  53.000000000000000        -9.167185190915706
  53.789999999999999        -9.171417241679123
  54.590000000000003        -9.174736119225166
  55.409999999999997        -9.177943971115967
  56.219999999999999        -9.158754085524683


# Temperature: 700.000000
# Parameters: -9.186780 0.232202 5.924641 54.333042
  44.759999999999998        -8.882153679764496
  45.469999999999999        -8.935067083203705
  46.189999999999998        -8.981845839008940
  46.920000000000002        -9.022797969009410
  47.649999999999999        -9.058659190250372
  48.390000000000001        -9.089100271928602
  49.140000000000001        -9.114498242959597
  49.899999999999999        -9.135856819231183
  50.659999999999997        -9.152503231607142
  51.430000000000000        -9.165273209676268
  52.210000000000001        -9.174615425139349
  53.000000000000000        -9.180980789322394
  53.789999999999999        -9.185440723290480
  54.590000000000003        -9.189029707013782
  55.409999999999997        -9.192548658852793
  56.219999999999999        -9.173279718806143


# Temperature: 710.000000
# Parameters: -9.201026 0.230305 5.933485 54.393789
  44.759999999999998        -8.894431289808589
  45.469999999999999        -8.947448899697539
  46.189999999999998        -8.994340071485539
  46.920000000000002        -9.035412322262170
  47.649999999999999        -9.071406657956295
  48.390000000000001        -9.101983783028521
  49.140000000000001        -9.127520986537354
  49.899999999999999        -9.149031863586474
  50.659999999999997        -9.165831745828878
  51.430000000000000        -9.178765977780497
  52.210000000000001        -9.188287204800698
  53.000000000000000        -9.194849850664355
  53.789999999999999        -9.199537692711342
  54.590000000000003        -9.203396804376856
  55.409999999999997        -9.207226732829342
  56.219999999999999        -9.187876974329697


# Temperature: 720.000000
# Parameters: -9.215360 0.228417 5.942019 54.455119
  44.759999999999998        -8.906780982268071
  45.469999999999999        -8.959902836954535
  46.189999999999998        -9.006906463073076
  46.920000000000002        -9.048098871937219
  47.649999999999999        -9.084226359395855
  48.390000000000001        -9.114939563100570
  49.140000000000001        -9.140616029143606
  49.899999999999999        -9.162279240135904
  50.659999999999997        -9.179232619191838
  51.430000000000000        -9.192331135082313
  52.210000000000001        -9.202031398533869
  53.000000000000000        -9.208791350952366
  53.789999999999999        -9.213707126988915
  54.590000000000003        -9.217836387325166
  55.409999999999997        -9.221977169056395
  56.219999999999999        -9.202544851943932


# Temperature: 730.000000
# Parameters: -9.229781 0.226537 5.950291 54.517042
  44.759999999999998        -8.919201776683627
  45.469999999999999        -8.972427913478956
  46.189999999999998        -9.019544029166530
  46.920000000000002        -9.060856631356680
  47.649999999999999        -9.097117305818324
  48.390000000000001        -9.127966621321173
  49.140000000000001        -9.153782382027627
  49.899999999999999        -9.175597957019466
  50.659999999999997        -9.192704859836015
  51.430000000000000        -9.205967684539578
  52.210000000000001        -9.215847009296718
  53.000000000000000        -9.222804293144291
  53.789999999999999        -9.227948025971777
  54.590000000000003        -9.232347456743721
  55.409999999999997        -9.236798970491810
  56.219999999999999        -9.217282379480942


# Temperature: 740.000000
# Parameters: -9.244289 0.224666 5.958324 54.579566
  44.759999999999998        -8.931692716433748
  45.469999999999999        -8.985023171612863
  46.189999999999998        -9.032251812107967
  46.920000000000002        -9.073684641826192
  47.649999999999999        -9.110078536456486
  48.390000000000001        -9.141063997959538
  49.140000000000001        -9.167019079240069
  49.899999999999999        -9.188987049324240
  50.659999999999997        -9.206247502848488
  51.430000000000000        -9.219674662275796
  52.210000000000001        -9.229733072176330
  53.000000000000000        -9.236887710254354
  53.789999999999999        -9.242259423710587
  54.590000000000003        -9.246929041501044
  55.409999999999997        -9.251691167040537
  56.219999999999999        -9.232088609647054


# Temperature: 750.000000
# Parameters: -9.258881 0.222803 5.966055 54.642689
  44.759999999999998        -8.944252873916861
  45.469999999999999        -8.997687681681830
  46.189999999999998        -9.045028879113682
  46.920000000000002        -9.086581968489199
  47.649999999999999        -9.123109116453787
  48.390000000000001        -9.154230754013405
  49.140000000000001        -9.180325183851521
  49.899999999999999        -9.202445579084390
  50.659999999999997        -9.219859607154140
  51.430000000000000        -9.233451125143004
  52.210000000000001        -9.243688642988307
  53.000000000000000        -9.251040657061740
  53.789999999999999        -9.256640372911670
  54.590000000000003        -9.261580198449165
  55.409999999999997        -9.266652815554609
  56.219999999999999        -9.246962621059254


# Temperature: 760.000000
# Parameters: -9.273559 0.220950 5.973499 54.706416
  44.759999999999998        -8.956881341223493
  45.469999999999999        -9.010420533703533
  46.189999999999998        -9.057874320201348
  46.920000000000002        -9.099547701363374
  47.649999999999999        -9.136208133755044
  48.390000000000001        -9.167465977427593
  49.140000000000001        -9.193699783806808
  49.899999999999999        -9.215972630099031
  50.659999999999997        -9.233540256552093
  51.430000000000000        -9.247296156940315
  52.210000000000001        -9.257712804495343
  53.000000000000000        -9.265262217365560
  53.789999999999999        -9.271089956337716
  54.590000000000003        -9.276300006205073
  55.409999999999997        -9.281682997760290
  56.219999999999999        -9.261903516172330


# Temperature: 770.000000
# Parameters: -9.288320 0.219106 5.980680 54.770756
  44.759999999999998        -8.969577236354832
  45.469999999999999        -9.023220845679159
  46.189999999999998        -9.070787252335727
  46.920000000000002        -9.112580954304198
  47.649999999999999        -9.149374701179317
  48.390000000000001        -9.180768781021159
  49.140000000000001        -9.207141987779281
  49.899999999999999        -9.229567313114368
  50.659999999999997        -9.247288560752120
  51.430000000000000        -9.261208866341079
  52.210000000000001        -9.271804664334358
  53.000000000000000        -9.279551495693461
  53.789999999999999        -9.285607278516370
  54.590000000000003        -9.291087570332834
  55.409999999999997        -9.296780817148798
  56.219999999999999        -9.276910422315309


# Temperature: 780.000000
# Parameters: -9.303164 0.217270 5.987585 54.835712
  44.759999999999998        -8.982339698040590
  45.469999999999999        -9.036087755301994
  46.189999999999998        -9.083766812173680
  46.920000000000002        -9.125680862932107
  47.649999999999999        -9.162607954347036
  48.390000000000001        -9.194138297305258
  49.140000000000001        -9.220650928280090
  49.899999999999999        -9.243228758568701
  50.659999999999997        -9.261103649156095
  51.430000000000000        -9.275188381710747
  52.210000000000001        -9.285963350870801
  53.000000000000000        -9.293907620410893
  53.789999999999999        -9.300191465740228
  54.590000000000003        -9.305942016088622
  55.409999999999997        -9.311945403122007
  56.219999999999999        -9.291982487545740


# Temperature: 790.000000
# Parameters: -9.318091 0.215443 5.994266 54.901297
  44.759999999999998        -8.995167887811858
  45.469999999999999        -9.049020422030278
  46.189999999999998        -9.096812157100592
  46.920000000000002        -9.138846585668915
  47.649999999999999        -9.175907048570739
  48.390000000000001        -9.207573681592425
  49.140000000000001        -9.234225760621772
  49.899999999999999        -9.256956120738138
  50.659999999999997        -9.274984676040129
  51.430000000000000        -9.289233855252572
  52.210000000000001        -9.300188014235079
  53.000000000000000        -9.308329742684684
  53.789999999999999        -9.314841670212544
  54.590000000000003        -9.320862492566413
  55.409999999999997        -9.327175904773894
  56.219999999999999        -9.307118882722552


# Temperature: 800.000000
# Parameters: -9.333100 0.213628 6.000583 54.967494
  44.759999999999998        -9.008060987928257
  45.469999999999999        -9.062018027087202
  46.189999999999998        -9.109922467303230
  46.920000000000002        -9.152077299592106
  47.649999999999999        -9.189271161964337
  48.390000000000001        -9.221074110960146
  49.140000000000001        -9.247865660845388
  49.899999999999999        -9.270748574627316
  50.659999999999997        -9.288930815372430
  51.430000000000000        -9.303344460934765
  52.210000000000001        -9.314477829431825
  53.000000000000000        -9.322817033373765
  53.789999999999999        -9.329557060719399
  54.590000000000003        -9.335848171661560
  55.409999999999997        -9.342471493999817
  56.219999999999999        -9.322318798396775


# Temperature: 810.000000
# Parameters: -9.348190 0.211821 6.006672 55.034328
  44.759999999999998        -9.021018200341507
  45.469999999999999        -9.075079771388063
  46.189999999999998        -9.123096943696890
  46.920000000000002        -9.165372205616976
  47.649999999999999        -9.202699491297420
  48.390000000000001        -9.234638782178010
  49.140000000000001        -9.261569824684099
  49.899999999999999        -9.284605314932969
  50.659999999999997        -9.302941259776880
  51.430000000000000        -9.317519392417633
  52.210000000000001        -9.328831988048492
  53.000000000000000        -9.337368686138442
  53.789999999999999        -9.344336830921097
  54.590000000000003        -9.350898243925096
  55.409999999999997        -9.357831363423655
  56.219999999999999        -9.337581444811541


# Temperature: 820.000000
# Parameters: -9.363360 0.210023 6.012477 55.101796
  44.759999999999998        -9.034038744622574
  45.469999999999999        -9.088204873467399
  46.189999999999998        -9.136334803779683
  46.920000000000002        -9.178730520205214
  47.649999999999999        -9.216191256140954
  48.390000000000001        -9.248266911707702
  49.140000000000001        -9.275337466526743
  49.899999999999999        -9.298525556043932
  50.659999999999997        -9.317015224678741
  51.430000000000000        -9.331757862017161
  52.210000000000001        -9.343249701364641
  53.000000000000000        -9.351983911221847
  53.789999999999999        -9.359180190024347
  54.590000000000003        -9.366011918563723
  55.409999999999997        -9.373254723288541
  56.219999999999999        -9.352906053974930


# Temperature: 830.000000
# Parameters: -9.378610 0.208236 6.017997 55.169901
  44.759999999999998        -9.047121861070954
  45.469999999999999        -9.101392573624706
  46.189999999999998        -9.149635285778251
  46.920000000000002        -9.192151480547031
  47.649999999999999        -9.229745690575875
  48.390000000000001        -9.261957733630164
  49.140000000000001        -9.289167822527105
  49.899999999999999        -9.312508532041143
  50.659999999999997        -9.331151942086096
  51.430000000000000        -9.346059102777858
  52.210000000000001        -9.357730203461207
  53.000000000000000        -9.366661940632065
  53.789999999999999        -9.374086369000803
  54.590000000000003        -9.381188427585526
  55.409999999999997        -9.388740805602559
  56.219999999999999        -9.368291874477849


# Temperature: 840.000000
# Parameters: -9.393939 0.206459 6.023239 55.238650
  44.759999999999998        -9.060266807605386
  45.469999999999999        -9.114642128742299
  46.189999999999998        -9.162997645538486
  46.920000000000002        -9.205634342488320
  47.649999999999999        -9.243362048375221
  48.390000000000001        -9.275710502754855
  49.140000000000001        -9.303060143348945
  49.899999999999999        -9.326553494624784
  50.659999999999997        -9.345350662662703
  51.430000000000000        -9.360422364327054
  52.210000000000001        -9.372272741892667
  53.000000000000000        -9.381402022959998
  53.789999999999999        -9.389054617477797
  54.590000000000003        -9.396427016472131
  55.409999999999997        -9.404288858956612
  56.219999999999999        -9.383738173566877


# Temperature: 850.000000
# Parameters: -9.409347 0.204693 6.028197 55.308046
  44.759999999999998        -9.073472857691009
  45.469999999999999        -9.127952810212461
  46.189999999999998        -9.176421155489097
  46.920000000000002        -9.219178376384939
  47.649999999999999        -9.257039601967701
  48.390000000000001        -9.289524488401208
  49.140000000000001        -9.317013700384548
  49.899999999999999        -9.340659712077862
  50.659999999999997        -9.359610656764422
  51.430000000000000        -9.374846914947755
  52.210000000000001        -9.386876585978452
  53.000000000000000        -9.396203425452226
  53.789999999999999        -9.404084200629054
  54.590000000000003        -9.411726953506541
  55.409999999999997        -9.419898150597279
  56.219999999999999        -9.399244234034988


# Temperature: 860.000000
# Parameters: -9.424833 0.202936 6.032899 55.378099
  44.759999999999998        -9.086739303448635
  45.469999999999999        -9.141323911192432
  46.189999999999998        -9.189905106714466
  46.920000000000002        -9.232782872284846
  47.649999999999999        -9.270777638291996
  48.390000000000001        -9.303398977507900
  49.140000000000001        -9.331027779536166
  49.899999999999999        -9.354826471339054
  50.659999999999997        -9.373931208220650
  51.430000000000000        -9.389332040542214
  52.210000000000001        -9.401541018511541
  53.000000000000000        -9.411065431938152
  53.789999999999999        -9.419174402283975
  54.590000000000003        -9.427087520445305
  55.409999999999997        -9.435567963317535
  56.219999999999999        -9.414809358367256


# Temperature: 870.000000
# Parameters: -9.440396 0.201191 6.037269 55.448796
  44.759999999999998        -9.100065453581893
  45.469999999999999        -9.154754736240136
  46.189999999999998        -9.203448803772526
  46.920000000000002        -9.246447134745965
  47.649999999999999        -9.284575462942458
  48.390000000000001        -9.317333275669288
  49.140000000000001        -9.345101683288874
  49.899999999999999        -9.369053074893436
  50.659999999999997        -9.388311619516463
  51.430000000000000        -9.403877040486227
  52.210000000000001        -9.416265340940576
  53.000000000000000        -9.425987341793567
  53.789999999999999        -9.434324522854784
  54.590000000000003        -9.442508016664220
  55.409999999999997        -9.451297598566029
  56.219999999999999        -9.430432863558725


# Temperature: 880.000000
# Parameters: -9.456037 0.199456 6.041388 55.520160
  44.759999999999998        -9.113450628195109
  45.469999999999999        -9.168244609605603
  46.189999999999998        -9.217051568840446
  46.920000000000002        -9.260170485945475
  47.649999999999999        -9.298432396023410
  48.390000000000001        -9.331326700916840
  49.140000000000001        -9.359234732783419
  49.899999999999999        -9.383338840772478
  50.659999999999997        -9.402751209719757
  51.430000000000000        -9.418481233847690
  52.210000000000001        -9.431048870260604
  53.000000000000000        -9.440968474086370
  53.789999999999999        -9.449533876227241
  54.590000000000003        -9.457987757085474
  55.409999999999997        -9.467086372301374
  56.219999999999999        -9.446114081114406


# Temperature: 890.000000
# Parameters: -9.471753 0.197732 6.045171 55.592176
  44.759999999999998        -9.126894169157556
  45.469999999999999        -9.181792867975975
  46.189999999999998        -9.230712738605373
  46.920000000000002        -9.273952261534090
  47.649999999999999        -9.312347773185568
  48.390000000000001        -9.345378588901271
  49.140000000000001        -9.373426260561239
  49.899999999999999        -9.397683103590470
  50.659999999999997        -9.417249309299118
  51.430000000000000        -9.433143953168040
  52.210000000000001        -9.445890939013061
  53.000000000000000        -9.456008157212292
  53.789999999999999        -9.464801795979215
  54.590000000000003        -9.473526074250506
  55.409999999999997        -9.482933616028586
  56.219999999999999        -9.461852360158558


# Temperature: 900.000000
# Parameters: -9.487546 0.196020 6.048684 55.664862
  44.759999999999998        -9.140395426629921
  45.469999999999999        -9.195398862548366
  46.189999999999998        -9.244431665300846
  46.920000000000002        -9.287791812708925
  47.649999999999999        -9.326320943553194
  48.390000000000001        -9.359488289783272
  49.140000000000001        -9.387675616783023
  49.899999999999999        -9.412085210398820
  50.659999999999997        -9.431805268415230
  51.430000000000000        -9.447864545498685
  52.210000000000001        -9.460790894249357
  53.000000000000000        -9.471105740295593
  53.789999999999999        -9.480127628125683
  54.590000000000003        -9.489122312101445
  55.409999999999997        -9.498838676799071
  56.219999999999999        -9.477647061216132


# Temperature: 910.000000
# Parameters: -9.503414 0.194319 6.051899 55.738215
  44.759999999999998        -9.153953767355711
  45.469999999999999        -9.209061962139135
  46.189999999999998        -9.258207713597518
  46.920000000000002        -9.301688503104208
  47.649999999999999        -9.340351272833367
  48.390000000000001        -9.373655165124214
  49.140000000000001        -9.401982163010144
  49.899999999999999        -9.426544523795327
  50.659999999999997        -9.446418448629469
  51.430000000000000        -9.462642371364575
  52.210000000000001        -9.475748095458012
  53.000000000000000        -9.486260581788372
  53.789999999999999        -9.495510731118744
  54.590000000000003        -9.504775832199666
  55.409999999999997        -9.514800916174202
  56.219999999999999        -9.493497562431326


# Temperature: 920.000000
# Parameters: -9.519357 0.192629 6.054828 55.812243
  44.759999999999998        -9.167568573624829
  45.469999999999999        -9.222781543856053
  46.189999999999998        -9.272040263712437
  46.920000000000002        -9.315641711900561
  47.649999999999999        -9.354438138133858
  48.390000000000001        -9.387878595141149
  49.140000000000001        -9.416345278423226
  49.899999999999999        -9.441060421924192
  50.659999999999997        -9.461088226013183
  51.430000000000000        -9.477476808909906
  52.210000000000001        -9.490761919746799
  53.000000000000000        -9.501472058798397
  53.789999999999999        -9.510950481029742
  54.590000000000003        -9.520486007507234
  55.409999999999997        -9.530819707116049
  56.219999999999999        -9.509403252312596


# Temperature: 930.000000
# Parameters: -9.535374 0.190953 6.057380 55.886923
  44.759999999999998        -9.181239239127866
  45.469999999999999        -9.236557001389711
  46.189999999999998        -9.285928706226921
  46.920000000000002        -9.329650832788577
  47.649999999999999        -9.368580932108834
  48.390000000000001        -9.402157969378964
  49.140000000000001        -9.430764351530730
  49.899999999999999        -9.455632294330300
  50.659999999999997        -9.475813990111256
  51.430000000000000        -9.492367245606710
  52.210000000000001        -9.505831755624175
  53.000000000000000        -9.516739558797703
  53.789999999999999        -9.526446265330708
  54.590000000000003        -9.536252226532611
  55.409999999999997        -9.546894440205921
  56.219999999999999        -9.525363533878377


# Temperature: 940.000000
# Parameters: -9.551465 0.189287 6.059709 55.962302
  44.759999999999998        -9.194965167919678
  45.469999999999999        -9.250387742940672
  46.189999999999998        -9.299872449341528
  46.920000000000002        -9.343715267750259
  47.649999999999999        -9.382779057776723
  48.390000000000001        -9.416492690856087
  49.140000000000001        -9.445238786387511
  49.899999999999999        -9.470259542995654
  50.659999999999997        -9.490595143942116
  51.430000000000000        -9.507313083436994
  52.210000000000001        -9.520957005072148
  53.000000000000000        -9.532062483768293
  53.789999999999999        -9.541997484967226
  54.590000000000003        -9.552073889184944
  55.409999999999997        -9.563024516389397
  56.219999999999999        -9.541377824657062


# Temperature: 950.000000
# Parameters: -9.567629 0.187634 6.061690 56.038346
  44.759999999999998        -9.208745781674368
  45.469999999999999        -9.264273183964480
  46.189999999999998        -9.313870909548230
  46.920000000000002        -9.357834437423284
  47.649999999999999        -9.397031931629499
  48.390000000000001        -9.430882177100916
  49.140000000000001        -9.459767999485543
  49.899999999999999        -9.484941584412226
  50.659999999999997        -9.505431100888458
  51.430000000000000        -9.522313737856301
  52.210000000000001        -9.536137080436980
  53.000000000000000        -9.547440246056434
  53.789999999999999        -9.557603553321981
  54.590000000000003        -9.567950408846929
  55.409999999999997        -9.579209350085597
  56.219999999999999        -9.557445550468463


# Temperature: 960.000000
# Parameters: -9.583867 0.185993 6.063417 56.115087
  44.759999999999998        -9.222580510357453
  45.469999999999999        -9.278212756499503
  46.189999999999998        -9.327923515776115
  46.920000000000002        -9.372007768663886
  47.649999999999999        -9.411338984669099
  48.390000000000001        -9.445325857042540
  49.140000000000001        -9.474351418717484
  49.899999999999999        -9.499677844399825
  50.659999999999997        -9.520321289879369
  51.430000000000000        -9.537368634684441
  52.210000000000001        -9.551371410647761
  53.000000000000000        -9.562872273554785
  53.789999999999999        -9.573263896214787
  54.590000000000003        -9.583881211338372
  55.409999999999997        -9.595448366077900
  56.219999999999999        -9.573566152678783


# Temperature: 970.000000
# Parameters: -9.600177 0.184365 6.064747 56.192485
  44.759999999999998        -9.236468796371559
  45.469999999999999        -9.292205902948369
  46.189999999999998        -9.342029711464239
  46.920000000000002        -9.386234702838269
  47.649999999999999        -9.425699656188876
  48.390000000000001        -9.459823169974310
  49.140000000000001        -9.488988483376687
  49.899999999999999        -9.514467764324653
  50.659999999999997        -9.535265149171773
  51.430000000000000        -9.552477214251191
  52.210000000000001        -9.566659432924988
  53.000000000000000        -9.578358002447422
  53.789999999999999        -9.588977952938990
  54.590000000000003        -9.599865732843348
  55.409999999999997        -9.611741004696084
  56.219999999999999        -9.589739084054914


