   0.000000000000000        -0.005518809839581
  10.000000000000000        -0.005517359775974
  20.000000000000000        -0.005496050868431
  30.000000000000000        -0.005444156856490
  40.000000000000000        -0.005366179865308
  50.000000000000000        -0.005265571080852
  60.000000000000000        -0.005145221050989
  70.000000000000000        -0.005007978404008
  80.000000000000000        -0.004856480019834
  90.000000000000000        -0.004692994540850
 100.000000000000000        -0.004519386271117
 110.000000000000000        -0.004337152801038
 120.000000000000000        -0.004147481170271
 130.000000000000000        -0.003951311693949
 140.000000000000000        -0.003749389595845
 150.000000000000000        -0.003542306151276
 160.000000000000000        -0.003330536689715
 170.000000000000000        -0.003114460973369
 180.000000000000000        -0.002894386519423
 190.000000000000000        -0.002670563684221
 200.000000000000000        -0.002443197608115
 210.000000000000000        -0.002212452729727
 220.000000000000000        -0.001978466911062
 230.000000000000000        -0.001741354201243
 240.000000000000000        -0.001501204986200
 250.000000000000000        -0.001258096928080
 260.000000000000000        -0.001012093351045
 270.000000000000000        -0.000763243757612
 280.000000000000000        -0.000511590644970
 290.000000000000000        -0.000257166831514
 300.000000000000000         0.000000000000000
 310.000000000000000         0.000259891908312
 320.000000000000000         0.000522491927072
 330.000000000000000         0.000787789361405
 340.000000000000000         0.001055778124631
 350.000000000000000         0.001326454882825
 360.000000000000000         0.001599818533288
 370.000000000000000         0.001875871089336
 380.000000000000000         0.002154617293708
 390.000000000000000         0.002436064458502
 400.000000000000000         0.002720219349514
 410.000000000000000         0.003007093442605
 420.000000000000000         0.003296696900710
 430.000000000000000         0.003589043715946
 440.000000000000000         0.003884147672813
 450.000000000000000         0.004182022519121
 460.000000000000000         0.004482688436830
 470.000000000000000         0.004786157777080
 480.000000000000000         0.005092451321221
 490.000000000000000         0.005401585076407
 500.000000000000000         0.005713578382444
 510.000000000000000         0.006028457063254
 520.000000000000000         0.006346236653556
 530.000000000000000         0.006666933845633
 540.000000000000000         0.006990579545489
 550.000000000000000         0.007317191586645
 560.000000000000000         0.007646786935742
 570.000000000000000         0.007979387194392
 580.000000000000000         0.008315041043091
 590.000000000000000         0.008653729724730
 600.000000000000000         0.008995513771452
 610.000000000000000         0.009340389359870
 620.000000000000000         0.009688394950453
 630.000000000000000         0.010039548972248
 640.000000000000000         0.010393871914318
 650.000000000000000         0.010751410112522
 660.000000000000000         0.011112162733828
 670.000000000000000         0.011476171282539
 680.000000000000000         0.011843424187909
 690.000000000000000         0.012213977558579
 700.000000000000000         0.012587844128047
 710.000000000000000         0.012965075171757
 720.000000000000000         0.013345642570292
 730.000000000000000         0.013729603871452
 740.000000000000000         0.014116997970534
 750.000000000000000         0.014507798440287
 760.000000000000000         0.014902033007802
 770.000000000000000         0.015299753425897
 780.000000000000000         0.015700965393212
 790.000000000000000         0.016105739189971
 800.000000000000000         0.016513962017076
 810.000000000000000         0.016925783366514
 820.000000000000000         0.017341168238547
 830.000000000000000         0.017760138874845
 840.000000000000000         0.018182717447283
 850.000000000000000         0.018608919197732
 860.000000000000000         0.019038788700678
 870.000000000000000         0.019472251466038
 880.000000000000000         0.019909426102959
 890.000000000000000         0.020350214512894
 900.000000000000000         0.020794716756493
 910.000000000000000         0.021242908196306
 920.000000000000000         0.021694823624612
 930.000000000000000         0.022150321228481
 940.000000000000000         0.022609663196369
 950.000000000000000         0.023072643653256
 960.000000000000000         0.023539442188723
 970.000000000000000         0.024009801155094
