# File: 1    
# 1       0.0000000000000000   0.0212132034355964   0.0212132034355964
  -0.0000000000   -0.0600670000   -0.0600670000
  -0.0000000000    0.0229046300    0.0229046300
   0.0192200600    0.0002400600    0.0036777200
  -0.0192200600    0.0036777200    0.0002400600
   0.0192200600    0.0036777200    0.0002400600
  -0.0192200600    0.0002400600    0.0036777200
  -0.0000000000   -0.0155437800   -0.0155437800
  -0.0000000000    0.0305554400    0.0305554400
  -0.0000137400   -0.0013204000   -0.0013204000
  -0.0001549100    0.0002587200    0.0002587200
  -0.0000000000    0.0094487500    0.0002644000
  -0.0000000000    0.0002381500    0.0064872000
  -0.0000000000    0.0002644000    0.0094487500
  -0.0000000000    0.0064872000    0.0002381500
   0.0001549100    0.0002587200    0.0002587200
   0.0000137400   -0.0013204000   -0.0013204000
# File: 2    
# 9       0.0000000000000000   0.0212132034355964   0.0212132034355964
   0.0000346800   -0.0013087700   -0.0013087700
  -0.0000232900    0.0002537600    0.0002537600
   0.0000000000    0.0064705600    0.0003220000
   0.0000000000    0.0001609300    0.0094398000
   0.0000000000    0.0003220000    0.0064705600
   0.0000000000    0.0094398000    0.0001609300
   0.0000232900    0.0002537600    0.0002537600
  -0.0000346800   -0.0013087700   -0.0013087700
   0.0000000000   -0.0708574900   -0.0708574900
  -0.0000000000    0.0094146700    0.0094146700
   0.0052359900    0.0017227800    0.0041691400
  -0.0052359900    0.0041691400    0.0017227800
   0.0052359900    0.0041691400    0.0017227800
  -0.0052359900    0.0017227800    0.0041691400
   0.0000000000   -0.0010675200   -0.0010675200
   0.0000000000    0.0364432200    0.0364432200
