# File: 3    
# 1       0.0000000000000000   0.0212132034355964   0.0212132034355964
# 1       0.0212132034355964   0.0000000000000000   0.0212132034355964
  -0.0599822200   -0.0599822200   -0.1207301900
   0.0002315900    0.0421180100    0.0265773400
   0.0421180100    0.0002315900    0.0265773400
  -0.0155285200   -0.0155285200    0.0004802200
   0.0228816000    0.0228816000    0.0004721600
  -0.0347504600    0.0002399600   -0.0118573400
   0.0002399600   -0.0347504600   -0.0118573400
   0.0305110700    0.0305110700    0.0610347800
  -0.0013437700   -0.0013437700   -0.0026471200
   0.0091355800    0.0002690000    0.0005438300
   0.0002690000    0.0091355800    0.0005438300
   0.0002079900    0.0002079900    0.0101710800
   0.0002601400    0.0002601400    0.0223380800
   0.0002406200    0.0067983400    0.0004865700
   0.0067983400    0.0002406200    0.0004865700
  -0.0012889400   -0.0012889400   -0.0026198200
# File: 4    
# 1       0.0000000000000000   0.0212132034355964   0.0212132034355964
# 1      -0.0212132034355964   0.0000000000000000  -0.0212132034355964
   0.0600623100   -0.0600623100    0.0000000000
  -0.0002405200    0.0036779800    0.0192163000
  -0.0036779800    0.0002405200   -0.0192163000
  -0.0229003700    0.0229003700    0.0000000000
   0.0155401000   -0.0155401000    0.0000000000
  -0.0036779800    0.0002405200    0.0192163000
  -0.0002405200    0.0036779800   -0.0192163000
  -0.0305528100    0.0305528100    0.0000000000
   0.0013196400   -0.0013196400    0.0000132500
  -0.0064848100    0.0002381800    0.0000000000
  -0.0002656600    0.0094454600    0.0000000000
  -0.0002586900    0.0002586900    0.0001551600
  -0.0002586900    0.0002586900   -0.0001551600
  -0.0002381800    0.0064848100    0.0000000000
  -0.0094454600    0.0002656600    0.0000000000
   0.0013196400   -0.0013196400   -0.0000132500
# File: 5    
# 1       0.0000000000000000   0.0212132034355964   0.0212132034355964
# 2       0.0212132034355964   0.0000000000000000   0.0212132034355964
   0.0002371000   -0.0408496800   -0.0563775500
  -0.0600675300    0.0228829300   -0.0371730000
   0.0228930300   -0.0189761700    0.0039180200
   0.0036835800    0.0036760700    0.0231399600
   0.0036743900    0.0036772800   -0.0153004100
  -0.0155392200    0.0194544600    0.0039170300
   0.0305519700   -0.0155441400    0.0150095900
   0.0002394000    0.0113312400    0.0342318600
   0.0094687000   -0.0013293700   -0.0010639700
  -0.0014371900    0.0002524000   -0.0010544300
   0.0002160500    0.0092963800    0.0069613300
   0.0002852600    0.0001400100    0.0067388300
   0.0002351800    0.0003749100    0.0097055900
   0.0002942100    0.0066496400    0.0094797200
  -0.0011989500    0.0002687000   -0.0010650200
   0.0064640200   -0.0013046500   -0.0010675400
# File: 6    
# 1       0.0000000000000000   0.0212132034355964   0.0212132034355964
# 2      -0.0212132034355964   0.0000000000000000  -0.0212132034355964
  -0.0002358000   -0.0792900300   -0.0637392500
   0.0600476800    0.0229109600    0.0829678400
   0.0155395200    0.0194559700    0.0034392900
  -0.0421215000    0.0036770500   -0.0226600200
   0.0347600400    0.0036797100    0.0157789800
  -0.0228949600   -0.0189757100    0.0034361100
  -0.0305531900   -0.0155383900   -0.0460985200
  -0.0002382900    0.0497739200    0.0268767200
  -0.0065314500   -0.0013063500   -0.0015438000
   0.0011281500    0.0002383800    0.0015725900
  -0.0002395600    0.0096007700   -0.0093838400
  -0.0002837000    0.0000297600    0.0062262000
  -0.0002340500    0.0004730800    0.0091802300
  -0.0002607100    0.0063255300   -0.0060386400
   0.0015103100    0.0002764500    0.0015833000
  -0.0093924800   -0.0013310900   -0.0015971800
# File: 7    
# 1       0.0000000000000000   0.0212132034355964   0.0212132034355964
# 3       0.0000000000000000   0.0212132034355964   0.0212132034355964
   0.0192104600   -0.0598290600   -0.0563823200
  -0.0192177700    0.0265790500    0.0231404900
   0.0192104600   -0.0598290600   -0.0563823200
  -0.0192177700    0.0265790500    0.0231404900
   0.0192176100   -0.0118656700   -0.0153023300
  -0.0192181100    0.0307901000    0.0342315000
   0.0192176100   -0.0118656700   -0.0153023300
  -0.0192181100    0.0307901000    0.0342315000
  -0.0000198500    0.0081241800   -0.0010518800
  -0.0001330700    0.0005332100    0.0067722700
  -0.0000198500    0.0081241800   -0.0010518800
  -0.0001330700    0.0005332100    0.0067722700
   0.0001394500    0.0004896900    0.0096721700
   0.0000212600    0.0051785100   -0.0010798900
   0.0001394500    0.0004896900    0.0096721700
   0.0000212600    0.0051785100   -0.0010798900
# File: 8    
# 1       0.0000000000000000   0.0212132034355964   0.0212132034355964
# 3       0.0000000000000000  -0.0212132034355964  -0.0212132034355964
  -0.0192122500   -0.0603011400   -0.0637333100
   0.0192163400    0.0192253800    0.0226614300
   0.0192122500    0.0603011400    0.0637333100
  -0.0192163400   -0.0192253800   -0.0226614300
   0.0192179800    0.0192198700    0.0157811500
  -0.0192180400   -0.0303140300   -0.0268795600
  -0.0192179800   -0.0192198700   -0.0157811500
   0.0192180400    0.0303140300    0.0268795600
  -0.0000055500   -0.0077961500   -0.0015563700
  -0.0001744900   -0.0000434300   -0.0092137300
  -0.0000080600    0.0107714600    0.0015852200
  -0.0001734800   -0.0000572700    0.0061933200
   0.0001744900    0.0000434300    0.0092137300
   0.0000055500    0.0077961500    0.0015563700
   0.0001734800    0.0000572700   -0.0061933200
   0.0000080600   -0.0107714600   -0.0015852200
# File: 9    
# 1       0.0000000000000000   0.0212132034355964   0.0212132034355964
# 3       0.0212132034355964   0.0000000000000000   0.0212132034355964
   0.0228864900   -0.0600725900   -0.0371741100
   0.0036756400    0.0036834900    0.0231435900
  -0.0408505600    0.0002366600   -0.0563823400
  -0.0189803600    0.0228965700    0.0039180400
   0.0194579900   -0.0155428800    0.0039163500
   0.0113302500    0.0002394900    0.0342347100
   0.0036774000    0.0036742700   -0.0153047000
  -0.0155478500    0.0305549100    0.0150088300
   0.0002523200   -0.0014381000   -0.0010550600
   0.0001389100    0.0002838800    0.0067404000
  -0.0013295200    0.0094705600   -0.0010647600
   0.0092976000    0.0002159600    0.0069629300
   0.0066526900    0.0002938400    0.0094815300
  -0.0013048000    0.0064676200   -0.0010673300
   0.0003754200    0.0002354300    0.0097071600
   0.0002683700   -0.0011991100   -0.0010652300
# File: 10   
# 1       0.0000000000000000   0.0212132034355964   0.0212132034355964
# 3      -0.0212132034355964   0.0000000000000000  -0.0212132034355964
  -0.0229107100   -0.0600472800   -0.0829663700
  -0.0036776700    0.0421198300    0.0226594300
   0.0792886900    0.0002349300    0.0637389800
  -0.0194554100   -0.0155393500   -0.0034385400
   0.0189754400    0.0228946900   -0.0034369700
  -0.0497721300    0.0002389100   -0.0268762300
  -0.0036789000   -0.0347587100   -0.0157786600
   0.0155382900    0.0305524900    0.0460969700
  -0.0002761900   -0.0015104400   -0.0015830900
  -0.0004730100    0.0002337200   -0.0091814100
   0.0013313700    0.0093933200    0.0015968900
  -0.0063269200    0.0002605300    0.0060396000
  -0.0096017600    0.0002391300    0.0093848800
   0.0013064500    0.0065325700    0.0015439300
  -0.0000292500    0.0002837700   -0.0062271400
  -0.0002383000   -0.0011281000   -0.0015722600
# File: 11   
# 1       0.0000000000000000   0.0212132034355964   0.0212132034355964
# 3       0.0212132034355964   0.0212132034355964   0.0000000000000000
   0.0036757600   -0.0598349700   -0.0408568000
  -0.0155433800    0.0073589800    0.0229013900
  -0.0408568000   -0.0598349700    0.0036757600
  -0.0189776600    0.0073551800    0.0194564000
   0.0194564000    0.0073551800   -0.0189776600
   0.0113322600    0.0307920600    0.0036767500
   0.0229013900    0.0073589800   -0.0155433800
   0.0036767500    0.0307920600    0.0113322600
   0.0002493400    0.0081650600   -0.0013199500
   0.0001187300    0.0005175200    0.0004006600
  -0.0013199500    0.0081650600    0.0002493400
   0.0092569100    0.0005075800    0.0066872100
   0.0066872100    0.0005075800    0.0092569100
  -0.0013159200    0.0051386000    0.0002583100
   0.0004006600    0.0005175200    0.0001187300
   0.0002583100    0.0051386000   -0.0013159200
# File: 12   
# 1       0.0000000000000000   0.0212132034355964   0.0212132034355964
# 3      -0.0212132034355964  -0.0212132034355964   0.0000000000000000
  -0.0036778000   -0.0602935600   -0.0792770400
   0.0155379000    0.0384419900    0.0229001700
   0.0792770400    0.0602935600    0.0036778000
  -0.0194550700   -0.0000022300   -0.0189746900
   0.0189746900    0.0000022300    0.0194550700
  -0.0497707400   -0.0303112000    0.0036758000
  -0.0229001700   -0.0384419900   -0.0155379000
  -0.0036758000    0.0303112000    0.0497707400
  -0.0002446800   -0.0078369000   -0.0013173400
  -0.0004286100    0.0000000000    0.0004286100
   0.0013213500    0.0107319100    0.0002559300
  -0.0062890200    0.0000000000    0.0062890200
  -0.0096408000    0.0000000000    0.0096408000
   0.0013173400    0.0078369000    0.0002446800
  -0.0000896900    0.0000000000    0.0000896900
  -0.0002559300   -0.0107319100   -0.0013213500
# File: 13   
# 1       0.0000000000000000   0.0212132034355964   0.0212132034355964
# 7       0.0212132034355964   0.0000000000000000   0.0212132034355964
   0.0002394900   -0.0792819000   -0.0563768900
   0.0305513100    0.0228976000    0.0534578600
   0.0228938700    0.0194558800    0.0039197500
  -0.0347600700    0.0036750200   -0.0152998700
   0.0421201700    0.0036781600    0.0231400000
  -0.0155393600   -0.0189766200    0.0039157100
  -0.0600552200   -0.0155408400   -0.0755995300
   0.0002406600    0.0497717900    0.0342300600
   0.0065099100   -0.0013238900   -0.0010870200
  -0.0015138900    0.0002752900   -0.0010580900
   0.0002284800    0.0096607800    0.0098727800
   0.0002952200    0.0003894300    0.0067852100
   0.0002230100    0.0001175100    0.0096568300
   0.0002721500    0.0062714400    0.0065535100
  -0.0011235100    0.0002442800   -0.0010618100
   0.0094177800   -0.0013139300   -0.0010485000
# File: 14   
# 1       0.0000000000000000   0.0212132034355964   0.0212132034355964
# 7      -0.0212132034355964   0.0000000000000000  -0.0212132034355964
  -0.0002399200   -0.0408536400   -0.0637377900
  -0.0305555000    0.0229053700   -0.0076496600
   0.0155414500   -0.0189781300    0.0034382900
  -0.0036757800    0.0036775700    0.0157835600
  -0.0036835600    0.0036782000   -0.0226628200
  -0.0228962300    0.0194583600    0.0034375400
   0.0600697000   -0.0155324500    0.0445255200
  -0.0002394500    0.0113330000    0.0268806000
  -0.0095023200   -0.0013160900   -0.0015814500
   0.0012026300    0.0002692500    0.0015755200
  -0.0002020800    0.0092352800   -0.0063906000
  -0.0002953200    0.0003940700    0.0061824100
  -0.0002214200    0.0001016300    0.0092309900
  -0.0003028500    0.0067062500   -0.0090483400
   0.0014350100    0.0002468700    0.0015788500
  -0.0064343800   -0.0013255400   -0.0015626200
# File: 15   
# 1       0.0000000000000000   0.0212132034355964   0.0212132034355964
# 8       0.0212132034355964   0.0000000000000000   0.0212132034355964
   0.0305245700   -0.0600968400   -0.0295781700
   0.0002380600    0.0036819700    0.0265816000
   0.0036742000    0.0002387000   -0.0118694600
  -0.0155437900    0.0228962300    0.0004769600
   0.0228962300   -0.0155437900    0.0004769600
   0.0036819700    0.0002380600    0.0265816000
   0.0002387000    0.0036742000   -0.0118694600
  -0.0600968400    0.0305245700   -0.0295781700
  -0.0013306900   -0.0013039100   -0.0026347700
   0.0063515600    0.0003984800    0.0006406700
   0.0001282800    0.0096224600    0.0003978900
   0.0004098900    0.0001108100    0.0159852800
   0.0001108100    0.0004098900    0.0159852800
   0.0003984800    0.0063515600    0.0006406700
   0.0096224600    0.0001282800    0.0003978900
  -0.0013039100   -0.0013306900   -0.0026347700
# File: 16   
# 1       0.0000000000000000   0.0212132034355964   0.0212132034355964
# 8      -0.0212132034355964   0.0000000000000000  -0.0212132034355964
  -0.0305414400   -0.0600518700   -0.0906128700
  -0.0002401300    0.0421262500    0.0192233300
   0.0347645100    0.0002409700    0.0192173100
  -0.0228949700   -0.0155397000   -0.0000004500
   0.0155397000    0.0228949700    0.0000004500
  -0.0421262500    0.0002401300   -0.0192233300
  -0.0002409700   -0.0347645100   -0.0192173100
   0.0600518700    0.0305414400    0.0906128700
   0.0013059800   -0.0013059800    0.0000000000
  -0.0096012100    0.0001254200   -0.0001412400
  -0.0001254200    0.0096012100    0.0001412400
  -0.0003702000    0.0003702000    0.0000000000
  -0.0001286600    0.0001286600    0.0000000000
  -0.0003956500    0.0063303400   -0.0001576600
  -0.0063303400    0.0003956500    0.0001576600
   0.0013331800   -0.0013331800    0.0000000000
# File: 17   
# 1       0.0000000000000000   0.0212132034355964   0.0212132034355964
# 9       0.0212132034355964   0.0000000000000000   0.0212132034355964
  -0.0013206700   -0.0600367200   -0.0613878700
   0.0064526100    0.0229381900    0.0232542900
   0.0194780300    0.0001999300    0.0039364900
  -0.0190182300    0.0036811100    0.0096806500
   0.0195762500    0.0036772600    0.0066924700
  -0.0189667800    0.0002614200    0.0039285000
   0.0094381900   -0.0155017700   -0.0153363200
  -0.0013072500    0.0305144800    0.0292458200
  -0.0708326300   -0.0012782700   -0.0721401200
   0.0015524400    0.0054962000    0.0044316200
   0.0093495400    0.0094303200    0.0096155100
   0.0041960500   -0.0050377700    0.0081948400
   0.0041472800    0.0054609300    0.0111711100
  -0.0010804500    0.0064862000   -0.0008428600
   0.0018767400   -0.0049734100    0.0044303800
   0.0364589000   -0.0013181000    0.0351254900
# File: 18   
# 1       0.0000000000000000   0.0212132034355964   0.0212132034355964
# 9      -0.0212132034355964   0.0000000000000000  -0.0212132034355964
   0.0013196600   -0.0600121000   -0.0587495300
  -0.0094329500    0.0228638500    0.0226984900
   0.0189580100    0.0002240700    0.0034183700
  -0.0195680900    0.0036730600   -0.0062296600
   0.0190088600    0.0036774000   -0.0091961300
  -0.0194698500    0.0002695800    0.0034244900
  -0.0064635200   -0.0155814900   -0.0158982900
   0.0013057800    0.0305107900    0.0318554100
   0.0708119900   -0.0013556900    0.0695130900
  -0.0018618100   -0.0049813700   -0.0039163600
  -0.0093509800    0.0094633200   -0.0090861100
  -0.0042003700    0.0055127800    0.0047874900
  -0.0041479600   -0.0049305600    0.0077322400
   0.0010790500    0.0064918100    0.0013172300
  -0.0015620300    0.0054911800   -0.0039159100
  -0.0364258100   -0.0013166300   -0.0377548200
# File: 19   
# 1       0.0000000000000000   0.0212132034355964   0.0212132034355964
# 9       0.0000000000000000   0.0212132034355964   0.0212132034355964
   0.0000123800   -0.0613727000   -0.0613727000
  -0.0000524900    0.0231560900    0.0231560900
   0.0192572000    0.0066967800    0.0039956300
  -0.0191780100    0.0038404200    0.0096923100
   0.0192572000    0.0039956300    0.0066967800
  -0.0191780100    0.0096923100    0.0038404200
   0.0000173800   -0.0152880100   -0.0152880100
  -0.0000394400    0.0292448000    0.0292448000
   0.0000653400   -0.0721768800   -0.0721768800
  -0.0001811800    0.0096730900    0.0096730900
   0.0051995900    0.0111752600    0.0044068500
  -0.0052716600    0.0044314700    0.0082071900
   0.0051995900    0.0044068500    0.0111752600
  -0.0052716600    0.0082071900    0.0044314700
   0.0001510500   -0.0008095000   -0.0008095000
   0.0000127400    0.0351271900    0.0351271900
# File: 20   
# 1       0.0000000000000000   0.0212132034355964   0.0212132034355964
# 9       0.0000000000000000  -0.0212132034355964  -0.0212132034355964
   0.0000667000   -0.0587650000   -0.0587650000
  -0.0000026700    0.0226456500    0.0226456500
   0.0191765100   -0.0092028300    0.0035095600
  -0.0192556700    0.0033607100   -0.0062435400
   0.0191765100    0.0035095600   -0.0092028300
  -0.0192556700   -0.0062435400    0.0033607100
   0.0000366300   -0.0157969100   -0.0157969100
  -0.0000395700    0.0318524700    0.0318524700
  -0.0000918500    0.0695554000    0.0695554000
  -0.0001275300   -0.0091599200   -0.0091599200
  -0.0051986200    0.0077346400   -0.0038818200
   0.0052718900   -0.0039584600    0.0047789200
  -0.0051986200   -0.0038818200    0.0077346400
   0.0052718900    0.0047789200   -0.0039584600
   0.0001573400    0.0013223900    0.0013223900
   0.0000127300   -0.0377512500   -0.0377512500
# File: 21   
# 1       0.0000000000000000   0.0212132034355964   0.0212132034355964
# 10      0.0212132034355964   0.0000000000000000   0.0212132034355964
   0.0064981800   -0.0602110100   -0.0598883700
  -0.0013031300    0.0229779500    0.0216291800
   0.0193791500    0.0002380100    0.0131689600
  -0.0189925700    0.0036497000    0.0004788300
   0.0194893400    0.0037625800    0.0004883300
  -0.0189488100    0.0002213500    0.0101495900
  -0.0013054100   -0.0156206600   -0.0168886300
   0.0095849300    0.0305474400    0.0307147600
   0.0017079500    0.0039066100    0.0028415300
  -0.0709490800    0.0003206600   -0.0705378500
   0.0040894600    0.0041606300    0.0020284700
   0.0094955000    0.0002711600    0.0158458600
  -0.0011186700    0.0002787100    0.0082792500
   0.0042217300    0.0116242500    0.0019697300
   0.0364196600    0.0004235700    0.0368675700
   0.0017317600   -0.0065509600    0.0028528100
# File: 22   
# 1       0.0000000000000000   0.0212132034355964   0.0212132034355964
# 10     -0.0212132034355964   0.0000000000000000  -0.0212132034355964
  -0.0094418700   -0.0598994500   -0.0600681100
   0.0013011300    0.0229004200    0.0241701200
   0.0188921500    0.0002377200   -0.0028391300
  -0.0194400100    0.0036561400    0.0000020100
   0.0189417500    0.0036395900   -0.0000109900
  -0.0193356000    0.0002590600   -0.0057686600
   0.0013055100   -0.0155391800   -0.0141912600
  -0.0066167600    0.0305428900    0.0302222400
  -0.0017359000   -0.0065417500   -0.0054777500
   0.0705835900    0.0001746000    0.0710316800
  -0.0040865200    0.0147405700   -0.0014945300
  -0.0094793100    0.0002043300   -0.0028693400
   0.0011324900    0.0002533800    0.0106222400
  -0.0042178300    0.0013594200   -0.0014927900
  -0.0360989200    0.0000956100   -0.0363461700
  -0.0017039000    0.0039166600   -0.0054895700
# File: 23   
# 1       0.0000000000000000   0.0212132034355964   0.0212132034355964
# 10      0.0000000000000000   0.0212132034355964   0.0212132034355964
   0.0000030400   -0.0598050400   -0.0598050400
   0.0000491300    0.0215945600    0.0215945600
   0.0191869500    0.0004190800    0.0131703000
  -0.0192451400    0.0100920000    0.0005417400
   0.0191869500    0.0131703000    0.0004190800
  -0.0192451400    0.0005417400    0.0100920000
  -0.0000355300   -0.0168485300   -0.0168485300
   0.0002967700    0.0308064300    0.0308064300
  -0.0000120100    0.0080998100    0.0080998100
  -0.0000043100   -0.0706001600   -0.0706001600
  -0.0052378000    0.0136185000    0.0019848700
   0.0052332100    0.0019570200    0.0106526100
  -0.0052378000    0.0019848700    0.0136185000
   0.0052332100    0.0106526100    0.0019570200
  -0.0001786700    0.0366999500    0.0366999500
   0.0000071600   -0.0023831300   -0.0023831300
# File: 24   
# 1       0.0000000000000000   0.0212132034355964   0.0212132034355964
# 10      0.0000000000000000  -0.0212132034355964  -0.0212132034355964
  -0.0000560600   -0.0603272900   -0.0603272900
   0.0000276400    0.0242067100    0.0242067100
   0.0192458100   -0.0000942200   -0.0028399800
  -0.0191873300   -0.0057137700    0.0000893400
   0.0192458100   -0.0028399800   -0.0000942200
  -0.0191873300    0.0000893400   -0.0057137700
  -0.0000424700   -0.0142358800   -0.0142358800
  -0.0002435400    0.0302889200    0.0302889200
  -0.0000144500   -0.0107331600   -0.0107331600
  -0.0003034700    0.0711268800    0.0711268800
   0.0052382300    0.0052768100   -0.0014546400
  -0.0052328500   -0.0014789800    0.0023194200
   0.0052382300   -0.0014546400    0.0052768100
  -0.0052328500    0.0023194200   -0.0014789800
   0.0004861200   -0.0361785400   -0.0361785400
   0.0000185200   -0.0002516100   -0.0002516100
# File: 25   
# 1       0.0000000000000000   0.0212132034355964   0.0212132034355964
# 11      0.0212132034355964   0.0000000000000000   0.0212132034355964
   0.0002610900   -0.0600691800   -0.0597982000
   0.0001376000    0.0228514700    0.0325490500
   0.0178990000    0.0002840600    0.0023583500
  -0.0125897600    0.0037002400    0.0005181800
   0.0288793400    0.0036435600    0.0003819100
  -0.0205211600    0.0002020100    0.0023731200
   0.0002825600   -0.0155337700   -0.0089051500
   0.0001194900    0.0307066500    0.0306746700
   0.0093389000   -0.0013196600    0.0080323600
   0.0039722700   -0.0049839300    0.0019803700
  -0.0708782600    0.0095305400   -0.0706095700
   0.0017180500    0.0054705700    0.0106120200
   0.0017483000   -0.0049547900    0.0135210500
   0.0364379000    0.0063236000    0.0366781700
   0.0042321200    0.0054701000    0.0020040100
  -0.0010374200   -0.0013214800   -0.0023703300
# File: 26   
# 1       0.0000000000000000   0.0212132034355964   0.0212132034355964
# 11     -0.0212132034355964   0.0000000000000000  -0.0212132034355964
  -0.0002640200   -0.0600685500   -0.0603288500
  -0.0002962600    0.0229473300    0.0162208700
   0.0205341500    0.0002720900    0.0049968100
  -0.0288102800    0.0036546400    0.0001176200
   0.0125240800    0.0037095200   -0.0000595800
  -0.0179117400    0.0001973500    0.0049804900
  -0.0001272600   -0.0155467700   -0.0251442800
  -0.0001243100    0.0304241400    0.0304251000
  -0.0093620600   -0.0013149500   -0.0106673800
  -0.0042824800    0.0054970100   -0.0014626500
   0.0708764500    0.0093488700    0.0711426900
  -0.0017189500   -0.0049980200    0.0023581500
  -0.0017494100    0.0054814600    0.0053683100
  -0.0364378300    0.0066658500   -0.0361966100
  -0.0039183200   -0.0049561600   -0.0014850600
   0.0010682500   -0.0013138000   -0.0002656400
# File: 27   
# 1       0.0000000000000000   0.0212132034355964   0.0212132034355964
# 11      0.0000000000000000   0.0212132034355964   0.0212132034355964
   0.0000000000   -0.0504385900   -0.0598640100
   0.0000000000    0.0230139000    0.0323890700
   0.0192867000   -0.0010707700    0.0023632700
  -0.0190887600    0.0039039300    0.0004538900
   0.0190887600    0.0039039300    0.0004538900
  -0.0192867000   -0.0010707700    0.0023632700
   0.0000000000   -0.0152618000   -0.0087008000
   0.0000000000    0.0401313800    0.0305839600
   0.0051752200    0.0004122200    0.0028186300
  -0.0054470400    0.0043922200    0.0020202400
   0.0000000000   -0.0642952200   -0.0705361400
   0.0000000000    0.0096952700    0.0158532100
   0.0000000000   -0.0008699600    0.0081179400
   0.0000000000    0.0427498300    0.0368446900
   0.0054470400    0.0043922200    0.0020202400
  -0.0051752200    0.0004122200    0.0028186300
# File: 28   
# 1       0.0000000000000000   0.0212132034355964   0.0212132034355964
# 11      0.0000000000000000  -0.0212132034355964  -0.0212132034355964
   0.0000000000   -0.0729155600   -0.0600618900
   0.0000000000    0.0226243600    0.0163688700
   0.0192249700    0.0015429700    0.0049886500
  -0.0193906400    0.0034492600    0.0000256600
   0.0193906400    0.0034492600    0.0000256600
  -0.0192249700    0.0015429700    0.0049886500
   0.0000000000   -0.0156714700   -0.0253720600
   0.0000000000    0.0238895100    0.0303437100
  -0.0052032700   -0.0030401400   -0.0054571800
   0.0051320600   -0.0038713100   -0.0014970500
   0.0000000000    0.0834252700    0.0710353400
   0.0000000000   -0.0092121500   -0.0028745700
   0.0000000000    0.0014147300    0.0107878800
   0.0000000000   -0.0297162500   -0.0363474600
  -0.0051320600   -0.0038713100   -0.0014970500
   0.0052032700   -0.0030401400   -0.0054571800
# File: 29   
# 1       0.0000000000000000   0.0212132034355964   0.0212132034355964
# 12      0.0212132034355964   0.0000000000000000   0.0212132034355964
   0.0001600800   -0.0599012300   -0.0537114300
   0.0002780700    0.0230351900    0.0231525000
   0.0256824900    0.0002391300    0.0040431200
  -0.0204855000    0.0037101300   -0.0010618000
   0.0178767200    0.0036495800   -0.0010659900
  -0.0101536600    0.0002590000    0.0038338900
   0.0002905500   -0.0157294900   -0.0152448300
   0.0004511000    0.0305556600    0.0370208100
   0.0041755200   -0.0065887100    0.0003984900
   0.0092412600    0.0002150600    0.0097023600
   0.0017216100    0.0146815100    0.0043932900
  -0.0708356300    0.0001651900   -0.0614236800
   0.0364473500    0.0000928000    0.0458766500
   0.0016984200    0.0014067600    0.0044915700
  -0.0007658400    0.0002460500   -0.0007965500
   0.0042174600    0.0039633900    0.0003915800
# File: 30   
# 1       0.0000000000000000   0.0212132034355964   0.0212132034355964
# 12     -0.0212132034355964   0.0000000000000000  -0.0212132034355964
  -0.0002849300   -0.0602136700   -0.0637062800
  -0.0002803900    0.0227084100    0.0226481800
   0.0097566900    0.0002363200    0.0034621400
  -0.0179497100    0.0037239000    0.0015364200
   0.0205547800    0.0036253500    0.0015388900
  -0.0253178800    0.0002212200    0.0033695900
  -0.0002888400   -0.0152960500   -0.0158377600
  -0.0003077000    0.0305353600    0.0210569000
  -0.0042022200    0.0039514100   -0.0030276100
  -0.0095545000    0.0003006300   -0.0091915900
  -0.0017171800    0.0042237800   -0.0038592900
   0.0708229900    0.0002904600    0.0746679700
  -0.0364274900    0.0004396000   -0.0269357900
  -0.0016939400    0.0115782800   -0.0040134200
   0.0010802400    0.0002713200    0.0013128600
  -0.0041899200   -0.0065963500   -0.0030212100
# File: 31   
# 1       0.0000000000000000   0.0212132034355964   0.0212132034355964
# 12      0.0000000000000000   0.0212132034355964   0.0212132034355964
  -0.0000000000   -0.0597368900   -0.0537236500
  -0.0000000000    0.0293155400    0.0232674500
   0.0193474600    0.0005337000    0.0039566300
  -0.0191524200    0.0023747900   -0.0010669900
   0.0191524200    0.0023747900   -0.0010669900
  -0.0193474600    0.0005337000    0.0039566300
  -0.0000000000   -0.0064855500   -0.0153383600
  -0.0000000000    0.0310090300    0.0368861000
  -0.0052981900    0.0028821400    0.0003938900
   0.0050251500    0.0019425200    0.0044642100
  -0.0000000000    0.0188978200    0.0096407900
  -0.0000000000   -0.0706664800   -0.0615066000
  -0.0000000000    0.0365413600    0.0460408900
  -0.0000000000    0.0056588800   -0.0007620900
  -0.0050251500    0.0019425200    0.0044642100
   0.0052981900    0.0028821400    0.0003938900
# File: 32   
# 1       0.0000000000000000   0.0212132034355964   0.0212132034355964
# 12      0.0000000000000000  -0.0212132034355964  -0.0212132034355964
   0.0000000000   -0.0605014600   -0.0636686800
   0.0000000000    0.0134877400    0.0226768900
   0.0190236600   -0.0000548300    0.0033966400
  -0.0192033600    0.0049771500    0.0015402500
   0.0192033600    0.0049771500    0.0015402500
  -0.0190236600   -0.0000548300    0.0033966400
   0.0000000000   -0.0216324700   -0.0159006100
   0.0000000000    0.0302245400    0.0211806900
   0.0052661600   -0.0055187300   -0.0030243800
  -0.0053339900   -0.0014198900   -0.0039429000
   0.0000000000    0.0000003400   -0.0090963600
   0.0000000000    0.0711122600    0.0747108600
   0.0000000000   -0.0359865400   -0.0270896200
   0.0000000000    0.0073281700    0.0012475900
   0.0053339900   -0.0014198900   -0.0039429000
  -0.0052661600   -0.0055187300   -0.0030243800
# File: 33   
# 9       0.0000000000000000   0.0212132034355964   0.0212132034355964
# 1       0.0212132034355964   0.0000000000000000   0.0212132034355964
  -0.0600363200   -0.0013202500   -0.0613867800
   0.0002000000    0.0194765600    0.0039359600
   0.0229372100    0.0064528100    0.0232540800
   0.0036815100   -0.0190177900    0.0096804500
   0.0036767800    0.0195758300    0.0066925800
  -0.0155005600    0.0094381800   -0.0153358400
   0.0002612300   -0.0189655900    0.0039288200
   0.0305140900   -0.0013076500    0.0292445300
  -0.0012776900   -0.0708331400   -0.0721402100
   0.0094303300    0.0093486300    0.0096153600
   0.0054972600    0.0015522100    0.0044317300
  -0.0050393200    0.0041978700    0.0081950100
   0.0054617700    0.0041466300    0.0111714500
  -0.0049734400    0.0018773700    0.0044317100
   0.0064857300   -0.0010807400   -0.0008444800
  -0.0013185600    0.0364590600    0.0351256300
# File: 34   
# 9       0.0000000000000000   0.0212132034355964   0.0212132034355964
# 1      -0.0212132034355964   0.0000000000000000  -0.0212132034355964
   0.0601200500   -0.0012924900    0.0587792600
  -0.0002522900   -0.0189708800   -0.0034290600
  -0.0229374900    0.0064817200   -0.0226200900
  -0.0036805200    0.0193499400    0.0092128700
  -0.0036769800   -0.0189417300    0.0062476700
   0.0155044100    0.0094495600    0.0156691700
  -0.0002068200    0.0194757700   -0.0034206700
  -0.0305916000   -0.0013057800   -0.0318570700
   0.0012769200   -0.0709185400   -0.0695917700
  -0.0064805500    0.0094823500    0.0092453400
   0.0049765900    0.0015734000    0.0039115000
  -0.0054632400    0.0041426200   -0.0077182800
   0.0050391700    0.0041946300   -0.0047776900
  -0.0054963600    0.0018777200    0.0039104400
  -0.0094478100   -0.0010508400   -0.0013172700
   0.0013165300    0.0364525700    0.0377556500
# File: 35   
# 9       0.0000000000000000   0.0212132034355964   0.0212132034355964
# 1       0.0000000000000000   0.0212132034355964   0.0212132034355964
   0.0000123800   -0.0613727000   -0.0613727000
  -0.0000524900    0.0231560900    0.0231560900
   0.0192572000    0.0066967800    0.0039956300
  -0.0191780100    0.0038404200    0.0096923100
   0.0192572000    0.0039956300    0.0066967800
  -0.0191780100    0.0096923100    0.0038404200
   0.0000173800   -0.0152880100   -0.0152880100
  -0.0000394400    0.0292448000    0.0292448000
   0.0000653400   -0.0721768800   -0.0721768800
  -0.0001811800    0.0096730900    0.0096730900
   0.0051995900    0.0111752600    0.0044068500
  -0.0052716600    0.0044314700    0.0082071900
   0.0051995900    0.0044068500    0.0111752600
  -0.0052716600    0.0082071900    0.0044314700
   0.0001510500   -0.0008095000   -0.0008095000
   0.0000127400    0.0351271900    0.0351271900
# File: 36   
# 9       0.0000000000000000   0.0212132034355964   0.0212132034355964
# 1       0.0000000000000000  -0.0212132034355964  -0.0212132034355964
   0.0000666800    0.0587594400    0.0587594400
  -0.0000007200   -0.0226411600   -0.0226411600
  -0.0192510900    0.0062435400   -0.0033611300
   0.0191716700   -0.0035090900    0.0092008800
  -0.0192510900   -0.0033611300    0.0062435400
   0.0191716700    0.0092008800   -0.0035090900
   0.0000360700    0.0157927200    0.0157927200
  -0.0000397700   -0.0318494600   -0.0318494600
  -0.0000936800   -0.0695523200   -0.0695523200
  -0.0001342900    0.0091595900    0.0091595900
   0.0052740600   -0.0047784000    0.0039601900
  -0.0051976600    0.0038777300   -0.0077302000
   0.0052740600    0.0039601900   -0.0047784000
  -0.0051976600   -0.0077302000    0.0038777300
   0.0001580600   -0.0013228500   -0.0013228500
   0.0000136900    0.0377505200    0.0377505200
# File: 37   
# 9       0.0000000000000000   0.0212132034355964   0.0212132034355964
# 2       0.0212132034355964   0.0000000000000000   0.0212132034355964
   0.0002839200    0.0178982300    0.0023583100
  -0.0600691200    0.0002611900   -0.0597976600
   0.0037005000   -0.0125896200    0.0005182500
   0.0228509300    0.0001376700    0.0325490100
  -0.0155332900    0.0002827900   -0.0089052100
   0.0036435400    0.0288793500    0.0003819700
   0.0307064800    0.0001194400    0.0306739200
   0.0002019900   -0.0205204700    0.0023733500
   0.0095323100   -0.0708787100   -0.0706093100
  -0.0013199500    0.0093379500    0.0080317100
   0.0054703700    0.0017183500    0.0106123100
  -0.0049841100    0.0039733900    0.0019800200
   0.0054695800    0.0042313900    0.0020039000
  -0.0049543100    0.0017491300    0.0135223300
  -0.0013210700   -0.0010371300   -0.0023708400
   0.0063222500    0.0364370600    0.0366779300
# File: 38   
# 9       0.0000000000000000   0.0212132034355964   0.0212132034355964
# 2      -0.0212132034355964   0.0000000000000000  -0.0212132034355964
  -0.0002038300   -0.0205123000   -0.0049711500
   0.0599961100    0.0002350000    0.0603042100
  -0.0037003500    0.0255288800    0.0001149000
  -0.0228464700    0.0001940400   -0.0136609900
   0.0155403500    0.0003516300    0.0218429600
  -0.0036408500   -0.0099839700   -0.0000500200
  -0.0306441200    0.0003943100   -0.0301575800
  -0.0002793900    0.0179060500   -0.0049896300
  -0.0065440000   -0.0708304800   -0.0710670600
   0.0013103000    0.0094666000    0.0107996600
   0.0049700700    0.0017175400   -0.0052354100
  -0.0054908200    0.0040528900    0.0014625000
   0.0050023600    0.0044116100    0.0014315100
  -0.0054916600    0.0016980800   -0.0022315800
   0.0013208500   -0.0010676500    0.0002384700
  -0.0092985600    0.0364377600    0.0361692100
# File: 39   
# 9       0.0000000000000000   0.0212132034355964   0.0212132034355964
# 2       0.0000000000000000   0.0212132034355964   0.0212132034355964
   0.0000497500    0.0215963100    0.0215963100
   0.0000023200   -0.0598063100   -0.0598063100
  -0.0192470400    0.0100904200    0.0005414100
   0.0191889600    0.0004199600    0.0131704300
  -0.0192470400    0.0005414100    0.0100904200
   0.0191889600    0.0131704300    0.0004199600
   0.0002976200    0.0308098000    0.0308098000
  -0.0000359700   -0.0168511900   -0.0168511900
  -0.0000047400   -0.0705950100   -0.0705950100
  -0.0000127800    0.0081006900    0.0081006900
   0.0052340400    0.0019567300    0.0106494300
  -0.0052394200    0.0136142100    0.0019869700
   0.0052340400    0.0106494300    0.0019567300
  -0.0052394200    0.0019869700    0.0136142100
   0.0000080200   -0.0023842700   -0.0023842700
  -0.0001773000    0.0367004200    0.0367004200
# File: 40   
# 9       0.0000000000000000   0.0212132034355964   0.0212132034355964
# 2       0.0000000000000000  -0.0212132034355964  -0.0212132034355964
   0.0000293600   -0.0242064800   -0.0242064800
  -0.0000566600    0.0603268600    0.0603268600
   0.0192453200    0.0028396600    0.0000933300
  -0.0191872200   -0.0000884100    0.0057141500
   0.0192453200    0.0000933300    0.0028396600
  -0.0191872200    0.0057141500   -0.0000884100
  -0.0002429400   -0.0302885500   -0.0302885500
  -0.0000431400    0.0142356300    0.0142356300
  -0.0003055800   -0.0711268900   -0.0711268900
  -0.0000199800    0.0107331500    0.0107331500
   0.0052401300    0.0014521200   -0.0052756800
  -0.0052309900   -0.0023206400    0.0014818400
   0.0052401300   -0.0052756800    0.0014521200
  -0.0052309900    0.0014818400   -0.0023206400
   0.0000182600    0.0002514400    0.0002514400
   0.0004861700    0.0361784700    0.0361784700
# File: 41   
# 9       0.0000000000000000   0.0212132034355964   0.0212132034355964
# 3       0.0212132034355964   0.0000000000000000   0.0212132034355964
   0.0229784600   -0.0013028600    0.0216309300
   0.0036493700   -0.0189942300    0.0004785000
  -0.0602124100    0.0064981200   -0.0598887700
   0.0002382200    0.0193795100    0.0131690500
   0.0002209800   -0.0189492600    0.0101492800
   0.0305489900    0.0095852800    0.0307151700
   0.0037625700    0.0194909300    0.0004886700
  -0.0156211800   -0.0013056200   -0.0168900300
   0.0003218700   -0.0709485700   -0.0705373600
   0.0002699000    0.0094962600    0.0158457300
   0.0039073500    0.0017070900    0.0028412000
   0.0041613000    0.0040893700    0.0020280700
   0.0116229400    0.0042213000    0.0019681600
  -0.0065510600    0.0017332700    0.0028528800
   0.0002794700   -0.0011190800    0.0082796500
   0.0004232200    0.0364184900    0.0368688900
# File: 42   
# 9       0.0000000000000000   0.0212132034355964   0.0212132034355964
# 3      -0.0212132034355964   0.0000000000000000  -0.0212132034355964
  -0.0228950300   -0.0013111400   -0.0242428500
  -0.0037049200    0.0195003900    0.0000284300
   0.0602134300    0.0064418500    0.0605327200
  -0.0002372000   -0.0190460800    0.0057177100
  -0.0002207900    0.0195836700    0.0027783900
  -0.0305436100    0.0093239800   -0.0303748900
  -0.0037051000   -0.0189797000    0.0000190800
   0.0155420900   -0.0013086100    0.0142738800
  -0.0003242200   -0.0710546800   -0.0711869600
  -0.0003119300    0.0093296500    0.0000225500
   0.0065664400    0.0017020000    0.0055021900
  -0.0116729200    0.0042455200    0.0014448100
  -0.0041101700    0.0041130100    0.0014363900
  -0.0039187900    0.0017380600    0.0054888900
  -0.0002490200   -0.0010196100   -0.0074559800
  -0.0004282500    0.0367417100    0.0360156300
# File: 43   
# 9       0.0000000000000000   0.0212132034355964   0.0212132034355964
# 3       0.0000000000000000   0.0212132034355964   0.0212132034355964
   0.0192881200   -0.0010707800    0.0023632300
  -0.0190894800    0.0039039100    0.0004537300
   0.0000000000   -0.0504393800   -0.0598656200
   0.0000000000    0.0230153400    0.0323900500
   0.0000000000   -0.0152633700   -0.0087012400
   0.0000000000    0.0401324400    0.0305854800
   0.0190894800    0.0039039100    0.0004537300
  -0.0192881200   -0.0010707800    0.0023632300
   0.0000000000   -0.0642946600   -0.0705383000
   0.0000000000    0.0096970100    0.0158530200
   0.0051775800    0.0004122100    0.0028193400
  -0.0054467900    0.0043921100    0.0020207400
   0.0054467900    0.0043921100    0.0020207400
  -0.0051775800    0.0004122100    0.0028193400
   0.0000000000   -0.0008712100    0.0081174500
   0.0000000000    0.0427489300    0.0368450700
# File: 44   
# 9       0.0000000000000000   0.0212132034355964   0.0212132034355964
# 3       0.0000000000000000  -0.0212132034355964  -0.0212132034355964
  -0.0192033300   -0.0015402700   -0.0049771200
   0.0190246800   -0.0033965300    0.0000547300
   0.0000000000    0.0636694900    0.0605014700
   0.0000000000   -0.0226768300   -0.0134887100
   0.0000000000    0.0159008000    0.0216338300
   0.0000000000   -0.0211819800   -0.0302250500
  -0.0190246800   -0.0033965300    0.0000547300
   0.0192033300   -0.0015402700   -0.0049771200
   0.0000000000   -0.0747100200   -0.0711141500
   0.0000000000    0.0090979700   -0.0000006000
   0.0052688800    0.0030242300    0.0055192000
  -0.0053334900    0.0039424700    0.0014199800
   0.0053334900    0.0039424700    0.0014199800
  -0.0052688800    0.0030242300    0.0055192000
   0.0000000000   -0.0012490200   -0.0073267800
   0.0000000000    0.0270897800    0.0359863900
# File: 45   
# 9       0.0000000000000000   0.0212132034355964   0.0212132034355964
# 4       0.0212132034355964   0.0000000000000000   0.0212132034355964
   0.0037098400   -0.0204859100   -0.0010617500
   0.0230349300    0.0002782200    0.0231529500
   0.0002394300    0.0256820800    0.0040432600
  -0.0599016600    0.0001599700   -0.0537113000
   0.0305560200    0.0004513800    0.0370202100
   0.0002588700   -0.0101533500    0.0038336900
  -0.0157294400    0.0002904700   -0.0152453300
   0.0036496400    0.0178772700   -0.0010655000
   0.0001653100   -0.0708348800   -0.0614229200
   0.0002149500    0.0092415300    0.0097027800
   0.0146835100    0.0017200200    0.0043932000
  -0.0065901400    0.0041757000    0.0003977800
   0.0039639400    0.0042173700    0.0003896400
   0.0014051000    0.0016994400    0.0044917300
   0.0002466600   -0.0007666700   -0.0007966700
   0.0000930400    0.0364473400    0.0458782500
# File: 46   
# 9       0.0000000000000000   0.0212132034355964   0.0212132034355964
# 4      -0.0212132034355964   0.0000000000000000  -0.0212132034355964
  -0.0036320400    0.0178676900   -0.0015510200
  -0.0230778100    0.0002306200   -0.0226446400
  -0.0002368400   -0.0127349200   -0.0034088900
   0.0599003200    0.0001572000    0.0729286000
  -0.0305381100    0.0001898000   -0.0240359500
  -0.0002595200    0.0290380900   -0.0035062200
   0.0157794900    0.0002164700    0.0157507900
  -0.0037257100   -0.0204891100   -0.0015467400
  -0.0001636200   -0.0708663100   -0.0835349100
  -0.0002235900    0.0092744600    0.0091269500
  -0.0012598400    0.0017181900    0.0039718500
  -0.0038838900    0.0041357000    0.0030408700
   0.0065066700    0.0041512500    0.0030443300
  -0.0148603800    0.0017466500    0.0038083400
  -0.0002455800   -0.0010638400   -0.0013412600
  -0.0000795500    0.0364280800    0.0298979000
# File: 47   
# 9       0.0000000000000000   0.0212132034355964   0.0212132034355964
# 4       0.0000000000000000   0.0212132034355964   0.0212132034355964
  -0.0191497700    0.0023745300   -0.0010672000
   0.0193459900    0.0005338900    0.0039564800
  -0.0000000000    0.0293138000    0.0232646600
  -0.0000000000   -0.0597339400   -0.0537218500
  -0.0000000000    0.0310065900    0.0368848100
  -0.0000000000   -0.0064841300   -0.0153357800
  -0.0193459900    0.0005338900    0.0039564800
   0.0191497700    0.0023745300   -0.0010672000
  -0.0000000000   -0.0706658200   -0.0615085400
  -0.0000000000    0.0188987400    0.0096397300
   0.0050272300    0.0019433700    0.0044646600
  -0.0052972900    0.0028812700    0.0003947500
   0.0052972900    0.0028812700    0.0003947500
  -0.0050272300    0.0019433700    0.0044646600
  -0.0000000000    0.0056567200   -0.0007616100
  -0.0000000000    0.0365419300    0.0460412100
# File: 48   
# 9       0.0000000000000000   0.0212132034355964   0.0212132034355964
# 4       0.0000000000000000  -0.0212132034355964  -0.0212132034355964
   0.0192199200   -0.0049889700   -0.0015435400
  -0.0193833200   -0.0000254600   -0.0034491200
  -0.0000000000   -0.0163623600   -0.0226193100
  -0.0000000000    0.0600562500    0.0729064400
  -0.0000000000   -0.0303394800   -0.0238845300
  -0.0000000000    0.0253638800    0.0156666200
   0.0193833200   -0.0000254600   -0.0034491200
  -0.0192199200   -0.0049889700   -0.0015435400
  -0.0000000000   -0.0710314200   -0.0834203700
  -0.0000000000    0.0028762500    0.0092108200
   0.0051328800    0.0014973500    0.0038706500
  -0.0052021000    0.0054559700    0.0030407500
   0.0052021000    0.0054559700    0.0030407500
  -0.0051328800    0.0014973500    0.0038706500
  -0.0000000000   -0.0107869000   -0.0014154700
  -0.0000000000    0.0363460100    0.0297183500
# File: 49   
# 9       0.0000000000000000   0.0212132034355964   0.0212132034355964
# 9       0.0212132034355964   0.0000000000000000   0.0212132034355964
  -0.0012211200   -0.0012211200   -0.0025665600
   0.0064100900    0.0003209000    0.0006377100
   0.0003209000    0.0064100900    0.0006377100
   0.0000554300    0.0000554300    0.0221155700
   0.0003589200    0.0003589200    0.0102612900
   0.0001684500    0.0094769000    0.0003396700
   0.0094769000    0.0001684500    0.0003396700
  -0.0013838500   -0.0013838500   -0.0026443800
  -0.0707235300   -0.0707235300   -0.1421866000
   0.0017059800    0.0146624800    0.0135973100
   0.0146624800    0.0017059800    0.0135973100
  -0.0010626200   -0.0010626200    0.0034311800
   0.0094080600    0.0094080600    0.0034215400
  -0.0062925300    0.0017164200    0.0030974300
   0.0017164200   -0.0062925300    0.0030974300
   0.0364000300    0.0364000300    0.0728237100
# File: 50   
# 9       0.0000000000000000   0.0212132034355964   0.0212132034355964
# 9      -0.0212132034355964   0.0000000000000000  -0.0212132034355964
   0.0013089800   -0.0013089800   -0.0000366700
  -0.0094444400    0.0001628200   -0.0000000000
  -0.0003197000    0.0064654700   -0.0000000000
  -0.0002537800    0.0002537800    0.0000278700
  -0.0002537800    0.0002537800   -0.0000278700
  -0.0001628200    0.0094444400   -0.0000000000
  -0.0064654700    0.0003197000   -0.0000000000
   0.0013089800   -0.0013089800    0.0000366700
   0.0708533700   -0.0708533700   -0.0000000000
  -0.0017248200    0.0041689000    0.0052348500
  -0.0041689000    0.0017248200   -0.0052348500
  -0.0094092200    0.0094092200   -0.0000000000
   0.0010668000   -0.0010668000   -0.0000000000
  -0.0041689000    0.0017248200    0.0052348500
  -0.0017248200    0.0041689000   -0.0052348500
  -0.0364414700    0.0364414700   -0.0000000000
# File: 51   
# 9       0.0000000000000000   0.0212132034355964   0.0212132034355964
# 10      0.0212132034355964   0.0000000000000000   0.0212132034355964
   0.0064389400   -0.0013156100   -0.0010031600
  -0.0014027400    0.0002968900   -0.0010550900
   0.0002061800    0.0064839000    0.0097095500
   0.0002188000    0.0000674000    0.0097291800
   0.0002900900    0.0004285600    0.0066811200
   0.0002804300    0.0094363300    0.0066915700
  -0.0012108700    0.0002137200   -0.0010527200
   0.0094735400   -0.0012985100   -0.0011314500
   0.0017183400   -0.0656191000   -0.0666779000
  -0.0708634800    0.0093997100   -0.0614537100
   0.0094048100   -0.0035151800    0.0058937200
   0.0041792200    0.0041642600    0.0111388000
   0.0041688300    0.0041687000    0.0006532900
  -0.0010655000    0.0069579600    0.0058902500
   0.0364423900   -0.0010751300    0.0353712700
   0.0017210300    0.0312060900    0.0406152900
# File: 52   
# 9       0.0000000000000000   0.0212132034355964   0.0212132034355964
# 10     -0.0212132034355964   0.0000000000000000  -0.0212132034355964
  -0.0093404000   -0.0012912900   -0.0014588100
   0.0013417200    0.0002883800    0.0015559700
  -0.0003562000    0.0064547400   -0.0060880400
  -0.0002128500    0.0002011700    0.0091610900
  -0.0002943300    0.0002631900    0.0062447400
  -0.0001234200    0.0094670600   -0.0093399300
   0.0012686200    0.0002161800    0.0015637100
  -0.0065672100   -0.0013188000   -0.0016374400
  -0.0017129900   -0.0761108200   -0.0750385100
   0.0708499100    0.0094389700    0.0802793100
   0.0010643500    0.0069519500    0.0024510300
  -0.0146535900    0.0041752100   -0.0076948600
   0.0063003600    0.0041739900    0.0027848900
  -0.0094082900   -0.0035182300    0.0024507600
  -0.0364394700   -0.0010562500   -0.0375055700
  -0.0017162100    0.0416645300    0.0322716500
# File: 53   
# 9       0.0000000000000000   0.0212132034355964   0.0212132034355964
# 11      0.0000000000000000   0.0212132034355964   0.0212132034355964
   0.0000360500    0.0051502900   -0.0009956100
  -0.0000773300    0.0004111000    0.0097078400
   0.0000360500    0.0051502900   -0.0009956100
  -0.0000773300    0.0004111000    0.0097078400
   0.0000805800    0.0005868300    0.0067122700
  -0.0000358800    0.0081604700   -0.0011348300
   0.0000805800    0.0005868300    0.0067122700
  -0.0000358800    0.0081604700   -0.0011348300
   0.0052356900   -0.0691505300   -0.0666890900
  -0.0052385200    0.0135835200    0.0111373400
   0.0052356900   -0.0691505300   -0.0666890900
  -0.0052385200    0.0135835200    0.0111373400
   0.0052372800    0.0031031400    0.0006527300
  -0.0052378800    0.0381551700    0.0406093400
   0.0052372800    0.0031031400    0.0006527300
  -0.0052378800    0.0381551700    0.0406093400
# File: 54   
# 9       0.0000000000000000   0.0212132034355964   0.0212132034355964
# 11      0.0000000000000000  -0.0212132034355964  -0.0212132034355964
   0.0000402700   -0.0107345600   -0.0014640400
   0.0000238200   -0.0000529900   -0.0062176500
   0.0000401500    0.0077903800    0.0016339200
   0.0000254500   -0.0000797800    0.0091764300
  -0.0000238200    0.0000529900    0.0062176500
  -0.0000402700    0.0107345600    0.0014640400
  -0.0000254500    0.0000797800   -0.0091764300
  -0.0000401500   -0.0077903800   -0.0016339200
  -0.0052375800   -0.0725757600   -0.0750222300
   0.0052322400    0.0052477100    0.0076931700
   0.0052375800    0.0725757600    0.0750222300
  -0.0052322400   -0.0052477100   -0.0076931700
   0.0052369900    0.0052381200    0.0027884100
  -0.0052374700   -0.0347221500   -0.0322811300
  -0.0052369900   -0.0052381200   -0.0027884100
   0.0052374700    0.0347221500    0.0322811300
# File: 55   
# 9       0.0000000000000000   0.0212132034355964   0.0212132034355964
# 11      0.0212132034355964   0.0000000000000000   0.0212132034355964
   0.0002924700   -0.0013982000   -0.0010525800
   0.0000681200    0.0002164600    0.0097245900
  -0.0013183400    0.0064394000   -0.0009989300
   0.0064884200    0.0002021500    0.0097088300
   0.0094316400    0.0002846400    0.0066923800
  -0.0012957600    0.0094730900   -0.0011358100
   0.0004282900    0.0002924500    0.0066855500
   0.0002182600   -0.0012156900   -0.0010553200
   0.0093996400   -0.0708635800   -0.0614536800
   0.0041644200    0.0041790900    0.0111386700
  -0.0656188800    0.0017184100   -0.0666779900
  -0.0035155000    0.0094050300    0.0058936500
   0.0069583800   -0.0010656100    0.0058905300
   0.0312061400    0.0017208700    0.0406152300
   0.0041682400    0.0041687200    0.0006536700
  -0.0010755500    0.0364427900    0.0353712000
# File: 56   
# 9       0.0000000000000000   0.0212132034355964   0.0212132034355964
# 11     -0.0212132034355964   0.0000000000000000  -0.0212132034355964
  -0.0002196900   -0.0012629500   -0.0015604100
  -0.0002613600    0.0002914000   -0.0062500100
   0.0013152500    0.0065691800    0.0016408000
  -0.0094615000    0.0001200900    0.0093379100
  -0.0064601000    0.0003592700    0.0060901500
   0.0012945800    0.0093386300    0.0014553700
  -0.0002027000    0.0002159800   -0.0091554600
  -0.0002846500   -0.0013473800   -0.0015593200
  -0.0094392800   -0.0708509800   -0.0802805000
  -0.0041751300    0.0146539000    0.0076952300
   0.0761102900    0.0017131900    0.0750380000
  -0.0069520300   -0.0010644400   -0.0024510000
   0.0035186900    0.0094082100   -0.0024507000
  -0.0416644800    0.0017160800   -0.0322712800
  -0.0041743200   -0.0062996000   -0.0027847900
   0.0010564200    0.0364394300    0.0375060000
# File: 57   
# 9       0.0000000000000000   0.0212132034355964   0.0212132034355964
# 11      0.0212132034355964   0.0212132034355964   0.0000000000000000
   0.0003495200    0.0051380000   -0.0013076800
   0.0002292500    0.0005090500    0.0002766100
  -0.0013076800    0.0051380000    0.0003495200
   0.0065687700    0.0004861500    0.0093580200
   0.0093580200    0.0004861500    0.0065687700
  -0.0013022500    0.0081768900    0.0001330400
   0.0002766100    0.0005090500    0.0002292500
   0.0001330400    0.0081768900   -0.0013022500
   0.0041737900   -0.0691577800   -0.0656353300
  -0.0010683700    0.0083524700    0.0094204900
  -0.0656353300   -0.0691577800    0.0041737900
  -0.0035209900    0.0083443000    0.0069541500
   0.0069541500    0.0083443000   -0.0035209900
   0.0311953600    0.0381509300    0.0041756200
   0.0094204900    0.0083524700   -0.0010683700
   0.0041756200    0.0381509300    0.0311953600
# File: 58   
# 9       0.0000000000000000   0.0212132034355964   0.0212132034355964
# 11     -0.0212132034355964  -0.0212132034355964   0.0000000000000000
  -0.0001183400   -0.0107204200   -0.0013046100
  -0.0002828700   -0.0000000000    0.0002828700
   0.0013101100    0.0078041200    0.0003631100
  -0.0095405300   -0.0000000000    0.0095405300
  -0.0063746400   -0.0000000000    0.0063746400
   0.0013046100    0.0107204200    0.0001183400
  -0.0002207000   -0.0000000000    0.0002207000
  -0.0003631100   -0.0078041200   -0.0013101100
  -0.0041697800   -0.0725750800   -0.0760953900
   0.0010634300    0.0104836500    0.0094156300
   0.0760953900    0.0725750800    0.0041697800
  -0.0069555000   -0.0000015400   -0.0035143600
   0.0035143600    0.0000015400    0.0069555000
  -0.0416769800   -0.0347209700    0.0041698200
  -0.0094156300   -0.0104836500   -0.0010634300
  -0.0041698200    0.0347209700    0.0416769800
# File: 59   
# 9       0.0000000000000000   0.0212132034355964   0.0212132034355964
# 15      0.0212132034355964   0.0000000000000000   0.0212132034355964
   0.0094637100   -0.0013072900   -0.0011424600
  -0.0013222600    0.0002104400   -0.0010585100
   0.0003279300    0.0063244600    0.0066893100
   0.0002428700    0.0002469200    0.0097099600
   0.0002655500    0.0002431900    0.0067034900
   0.0001552100    0.0095975000    0.0097114900
  -0.0012923100    0.0002992400   -0.0010496500
   0.0064460500   -0.0013074200   -0.0009921500
   0.0017215700   -0.0760944800   -0.0666906800
   0.0364391700    0.0094118100    0.0458535100
   0.0094058300    0.0069568900    0.0058912100
  -0.0063020500    0.0041684400    0.0006558000
   0.0146507700    0.0041666900    0.0111366300
  -0.0010669000   -0.0035141500    0.0058917400
  -0.0708553800   -0.0010788900   -0.0719235600
   0.0017202400    0.0416766500    0.0406138700
# File: 60   
# 9       0.0000000000000000   0.0212132034355964   0.0212132034355964
# 15     -0.0212132034355964   0.0000000000000000  -0.0212132034355964
  -0.0064188700   -0.0013013800   -0.0016224600
   0.0012621100    0.0002162400    0.0015610200
  -0.0001774200    0.0066135200   -0.0090222100
  -0.0002378900    0.0001239300    0.0091774300
  -0.0002680300    0.0003411800    0.0062207700
  -0.0003040100    0.0093042900   -0.0064130300
   0.0013502600    0.0002884900    0.0015601400
  -0.0094942300   -0.0013094300   -0.0014732900
  -0.0017180200   -0.0656328600   -0.0750228500
  -0.0364424500    0.0094304200   -0.0270234500
   0.0010635600   -0.0035205300    0.0024526900
  -0.0041707500    0.0041717000    0.0027878300
  -0.0041814000    0.0041767700   -0.0076978400
  -0.0094076600    0.0069533300    0.0024490000
   0.0708599500   -0.0010515300    0.0697944900
  -0.0017151500    0.0311958400    0.0322717700
# File: 61   
# 9       0.0000000000000000   0.0212132034355964   0.0212132034355964
# 16      0.0212132034355964   0.0000000000000000   0.0212132034355964
  -0.0012692500   -0.0013373900   -0.0026072600
   0.0094356400    0.0000882200    0.0002526500
   0.0004203800    0.0065125000    0.0007470100
   0.0001621200    0.0003316900    0.0159580900
   0.0003316900    0.0001621200    0.0159580900
   0.0000882200    0.0094356400    0.0002526500
   0.0065125000    0.0004203800    0.0007470100
  -0.0013373900   -0.0012692500   -0.0026072600
   0.0364059700   -0.0708915000   -0.0344698400
   0.0017111200    0.0041895800    0.0135896400
   0.0041766300    0.0017129200    0.0031013400
  -0.0010618900    0.0094132600    0.0034283800
   0.0094132600   -0.0010618900    0.0034283800
   0.0041895800    0.0017111200    0.0135896400
   0.0017129200    0.0041766300    0.0031013400
  -0.0708915000    0.0364059700   -0.0344698400
# File: 62   
# 9       0.0000000000000000   0.0212132034355964   0.0212132034355964
# 16     -0.0212132034355964   0.0000000000000000  -0.0212132034355964
   0.0013480200   -0.0013480200    0.0000000000
  -0.0064928900    0.0004211400    0.0001013500
  -0.0004211400    0.0064928900   -0.0001013500
   0.0000051900   -0.0000051900    0.0000000000
  -0.0004802900    0.0004802900    0.0000000000
  -0.0000887400    0.0094157600    0.0000781800
  -0.0094157600    0.0000887400   -0.0000781800
   0.0012700600   -0.0012700600    0.0000000000
  -0.0364378200   -0.0708496500   -0.1072956200
  -0.0017270100    0.0146500300    0.0052466600
   0.0063043100    0.0017213300    0.0052419800
  -0.0094110600   -0.0010688500    0.0000023400
   0.0010688500    0.0094110600   -0.0000023400
  -0.0146500300    0.0017270100   -0.0052466600
  -0.0017213300   -0.0063043100   -0.0052419800
   0.0708496500    0.0364378200    0.1072956200
