# File: 1    
# 1      -0.0121526414977253  -0.0121473560622773   0.0245917678364940
   0.0463943800    0.0463302300   -0.1207537200
   0.0006785300    0.0003073300   -0.0032076300
   0.0006699300    0.0003750000   -0.0032087600
   0.0003144700   -0.0000215300   -0.0037241300
   0.0005184200    0.0001746600   -0.0024990200
   0.0007173700   -0.0000268900   -0.0026431900
   0.0002867300    0.0003379400   -0.0026155900
   0.0008245300    0.0005381800   -0.0028252300
   0.0005487400   -0.0001036700    0.0005833900
   0.0001181800   -0.0021174700    0.0016653000
   0.0003137400    0.0002178300    0.0002873500
   0.0018671100    0.0023060900    0.0018290600
   0.0015286000    0.0010157000    0.0005867800
  -0.0028130700    0.0027367500    0.0028922100
   0.0005450900    0.0001153100    0.0005604700
   0.0002056700   -0.0000913500    0.0003277400
  -0.0014466700    0.0000255100   -0.0001825200
  -0.0006827700   -0.0002272000   -0.0003875500
  -0.0036419700   -0.0012339400    0.0021569000
   0.0014302900    0.0024582700    0.0016373200
   0.0004588900   -0.0000685300   -0.0002725400
  -0.0010837800    0.0003152900   -0.0000470900
   0.0040908700   -0.0049980000    0.0039543400
  -0.0012719200   -0.0004939100   -0.0004749200
   0.0012974400    0.0012105700    0.0018504900
   0.0013182300    0.0025222900    0.0021524300
   0.0025910700    0.0011962200    0.0021112200
   0.0010720000    0.0010340600    0.0018565500
   0.0004234100    0.0006390000   -0.0012378500
   0.0051650500   -0.0027005700   -0.0051751400
  -0.0031354800    0.0052627600   -0.0055984400
  -0.0073247400   -0.0074593400   -0.0092429200
   0.0009659100    0.0145169300    0.0000639900
   0.0011960600    0.0134421800    0.0014437100
  -0.0208652400    0.0366248200    0.0355889800
   0.0002535300    0.0142940500    0.0001805800
   0.0009974800    0.0134084100   -0.0005347100
   0.0005446700    0.0135806100   -0.0002654000
  -0.0003254800    0.0149137200   -0.0012369900
   0.0006343000    0.0140493900    0.0002021100
  -0.0148245600   -0.0008510600    0.0012833600
  -0.0145793300   -0.0007679800    0.0006381000
  -0.0148501400   -0.0006737900    0.0007172800
  -0.0154735500   -0.0014795000    0.0001921900
  -0.0159211800   -0.0005879200    0.0060560200
  -0.0141037900   -0.0013028600    0.0005962200
  -0.0157464600    0.0003693400    0.0008842300
  -0.0148664300   -0.0008170200    0.0025885000
   0.0139832800   -0.0005447500   -0.0001685700
   0.0136962100   -0.0012729200   -0.0013091700
   0.0132252600   -0.0008174800   -0.0014080100
   0.0143052100   -0.0000946200   -0.0008829500
   0.0150369600    0.0001615400    0.0008609100
   0.0133703400   -0.0005187100   -0.0002047200
   0.0137182800   -0.0010128800    0.0001163300
  -0.0273403200   -0.0366474400    0.0585974600
  -0.0004447100   -0.0134930900   -0.0000395900
   0.0216176700   -0.0396354300    0.0362608200
  -0.0010250300   -0.0136227100    0.0012868600
  -0.0005727900   -0.0142311600    0.0001040600
  -0.0017485900   -0.0136305800   -0.0009370100
  -0.0003341500   -0.0150443000   -0.0011185200
  -0.0014938700   -0.0138827500   -0.0001685200
  -0.0010078800   -0.0140086200    0.0002571600
# File: 2    
# 1       0.0121526414977253   0.0121473560622773  -0.0245917678364940
  -0.0579559000   -0.0579119700    0.1196274400
   0.0006624600    0.0003867300   -0.0039974700
   0.0006841400    0.0003035900   -0.0039972400
   0.0010242600    0.0006887600   -0.0034919700
   0.0008397900    0.0005322500   -0.0046835700
   0.0006324100    0.0007042000   -0.0045514500
   0.0010506000    0.0003442200   -0.0045852000
   0.0005284300    0.0001539900   -0.0043763900
   0.0006022100    0.0007011700   -0.0006415300
   0.0010459000    0.0026455300   -0.0017069000
   0.0008092900    0.0003679600   -0.0003522900
  -0.0006461000   -0.0016836200   -0.0018681700
  -0.0004077000   -0.0003357300   -0.0006726600
   0.0039843300   -0.0020550100   -0.0029237900
   0.0005854200    0.0004443000   -0.0005950000
   0.0009068700    0.0006679900   -0.0003818300
  -0.0000227300   -0.0003510800   -0.0008186400
  -0.0008657700   -0.0001814500   -0.0006479100
   0.0020714100    0.0008729800   -0.0030390600
  -0.0028219400   -0.0026773500   -0.0026019700
  -0.0017144300   -0.0003786100   -0.0008458000
  -0.0004575100   -0.0006364700   -0.0009429000
  -0.0053032400    0.0046251900   -0.0048935800
  -0.0002374400    0.0001604700   -0.0004858800
   0.0012573600    0.0011534300    0.0000614600
   0.0012190800   -0.0000642200   -0.0002445700
   0.0001183200    0.0011389400   -0.0002028300
   0.0014661700    0.0013065500    0.0000602600
   0.0018992000    0.0015147900    0.0035334700
  -0.0024985800    0.0048982300    0.0068552000
   0.0055416800   -0.0027909100    0.0072311800
   0.0097999000    0.0097669400    0.0107706500
  -0.0001750200    0.0127903700    0.0011881600
  -0.0003965400    0.0140655600   -0.0002112800
   0.0195954400   -0.0063051200   -0.0319202500
   0.0007377100    0.0130863700    0.0012627000
  -0.0001482400    0.0139741200    0.0017590700
   0.0003236700    0.0138030800    0.0015177000
   0.0010921000    0.0126001800    0.0023947800
   0.0002225500    0.0133747200    0.0010495400
  -0.0154449300   -0.0007670600    0.0020216400
  -0.0157014900   -0.0008044700    0.0026610700
  -0.0154282200   -0.0009543000    0.0026028800
  -0.0148096800   -0.0001469400    0.0030976100
  -0.0137829100   -0.0003608100   -0.0021805500
  -0.0160580400   -0.0003736600    0.0026659100
  -0.0146226500   -0.0018452500    0.0024161900
  -0.0152323600   -0.0006680100    0.0007262800
   0.0141857400   -0.0005988100    0.0006971600
   0.0144620500    0.0001042500    0.0018741800
   0.0148975700   -0.0003299900    0.0019494000
   0.0138032500   -0.0010674300    0.0015374700
   0.0133144500   -0.0011443900   -0.0002501300
   0.0147562500   -0.0006869600    0.0007046900
   0.0143469500   -0.0001269500    0.0004223700
   0.0663591400    0.0460880700   -0.0695171100
  -0.0019392700   -0.0144608100    0.0012839600
  -0.0207866800    0.0093347500   -0.0324691400
  -0.0011574800   -0.0143571000   -0.0000588000
  -0.0016544100   -0.0134509800    0.0013297800
  -0.0005609600   -0.0142711300    0.0021105900
  -0.0019269900   -0.0129527300    0.0023061500
  -0.0008189700   -0.0139717900    0.0014390300
  -0.0012499000   -0.0138885800    0.0009979100
# File: 3    
# 9      -0.0121526414977253  -0.0121473560622773   0.0245917678364940
   0.0001710300    0.0001579000   -0.0030999600
   0.0034251200   -0.0020192400   -0.0003294200
   0.0006877300    0.0002377500   -0.0031576600
   0.0009623200    0.0001379100   -0.0033580000
   0.0016076800    0.0020476800   -0.0025021200
  -0.0005195300   -0.0004221200   -0.0011440700
   0.0004211300   -0.0000942400   -0.0032821500
   0.0003611300    0.0004350300   -0.0030090100
   0.0488114000    0.0475972700   -0.1095532300
   0.0005676800    0.0002869500    0.0000474300
   0.0003948700    0.0001491800    0.0000455300
   0.0000492900   -0.0002114800   -0.0007777800
  -0.0001439000   -0.0001302100    0.0005718100
   0.0006678100   -0.0002778000    0.0004257500
   0.0002900800    0.0004129700    0.0002801700
   0.0005098600    0.0002209200    0.0000830500
   0.0008644000   -0.0027427600   -0.0044720500
  -0.0010042800   -0.0012352700   -0.0023033900
  -0.0054917400   -0.0041128000   -0.0064073900
  -0.0020561100    0.0017708500   -0.0042620600
  -0.0010895300   -0.0000013900    0.0001407000
  -0.0009561700   -0.0000499400    0.0000739100
  -0.0006974700   -0.0000459700    0.0000722700
   0.0001048300   -0.0004148000    0.0001568400
  -0.0018082600   -0.0039475800    0.0058587600
   0.0023741400    0.0014367100    0.0014373100
   0.0056896500    0.0054109800    0.0050346900
   0.0007052000    0.0005912200    0.0011637200
  -0.0078547000    0.0102956300    0.0096192800
   0.0014359800    0.0028502600    0.0011797900
   0.0017998500   -0.0004106300    0.0008747300
   0.0009805200    0.0012434300    0.0017903900
   0.0003015900    0.0139794500    0.0000396800
   0.0034482300    0.0129743900    0.0050037400
   0.0016502000    0.0155726700    0.0008319600
   0.0004663300    0.0134432300    0.0001417300
   0.0007208400    0.0146535400   -0.0004011200
   0.0005388200    0.0138674800    0.0003216200
   0.0002025700    0.0128113900    0.0003967600
   0.0004183700    0.0141497500   -0.0000491800
   0.0140368300   -0.0234486800    0.0282423200
  -0.0154397600   -0.0008784100    0.0014721300
  -0.0145889000    0.0002708200    0.0022765500
  -0.0139618900   -0.0011094800    0.0018082100
  -0.0144678800   -0.0018547500    0.0012035400
  -0.0158041800   -0.0002207200    0.0005574500
  -0.0149307800   -0.0007005200    0.0013718500
  -0.0147938500    0.0001028900    0.0013821300
   0.0143665700   -0.0002564500   -0.0000611800
   0.0132964700    0.0006310100    0.0002648300
  -0.0209262300    0.0245533800    0.0275574900
   0.0150635700   -0.0000243300    0.0007522000
   0.0151835100   -0.0003109500   -0.0000112500
   0.0138092900   -0.0008683800   -0.0004656200
   0.0135546400    0.0007245800   -0.0012953100
   0.0141947000   -0.0003518900    0.0000599100
  -0.0385387300   -0.0706041200    0.0442483600
  -0.0006768200   -0.0139282800    0.0013544700
  -0.0016546000   -0.0130454500    0.0013301000
  -0.0013941100   -0.0139969600    0.0005865100
  -0.0011027400   -0.0130899000   -0.0004152400
  -0.0015664300   -0.0143452800   -0.0005126300
  -0.0015319600   -0.0139948600    0.0003875700
  -0.0011337100   -0.0138715400    0.0004225500
# File: 4    
# 9       0.0121526414977253   0.0121473560622773  -0.0245917678364940
   0.0011527700    0.0005185300   -0.0040867000
  -0.0019847700    0.0026589300   -0.0068787800
   0.0006266400    0.0004565500   -0.0040370600
   0.0004724800    0.0005546400   -0.0038835000
  -0.0002602600   -0.0013216100   -0.0047249900
   0.0018833000    0.0011338000   -0.0059959000
   0.0009079900    0.0007884000   -0.0039465000
   0.0009878600    0.0002679200   -0.0042128000
  -0.0592318300   -0.0603277900    0.1158761100
   0.0005511100    0.0003163300   -0.0001102700
   0.0007407200    0.0004411000   -0.0001135800
   0.0010560200    0.0007913200    0.0006915800
   0.0012607800    0.0007052300   -0.0006066700
   0.0004564700    0.0008689000   -0.0004951000
   0.0008614200    0.0001705000   -0.0003428100
   0.0006249200    0.0003725100   -0.0001501400
  -0.0022804900    0.0023912300    0.0033623300
  -0.0005413600    0.0007438200    0.0014132000
   0.0039591200    0.0036314000    0.0051571200
   0.0005534900   -0.0020747400    0.0031955300
  -0.0004380700   -0.0001993200   -0.0011118500
  -0.0004754700   -0.0003366500   -0.0010582700
  -0.0007921200   -0.0003172700   -0.0010629500
  -0.0015170200    0.0000459400   -0.0011495500
   0.0043294100    0.0062292900   -0.0038530200
   0.0002164100    0.0009143000    0.0004253200
  -0.0029586900   -0.0030230000   -0.0030481000
   0.0018357800    0.0017003100    0.0006994200
   0.0102633600   -0.0074303500   -0.0075956500
   0.0009913600   -0.0001338800    0.0005550800
   0.0007774400    0.0026943700    0.0010245900
   0.0015940700    0.0010706900    0.0001512200
   0.0007091600    0.0132792100    0.0011682500
  -0.0021084300    0.0146549900   -0.0029681000
  -0.0007378700    0.0119341800    0.0004283600
   0.0003515200    0.0140049700    0.0010532700
   0.0001064600    0.0127769000    0.0015843500
   0.0002924800    0.0135512400    0.0009291900
   0.0006326500    0.0145932000    0.0008720900
   0.0004564600    0.0132071300    0.0012994500
  -0.0416038600    0.0199081200   -0.0234930300
  -0.0149405900   -0.0007909800    0.0018669300
  -0.0157412600   -0.0018213000    0.0011592600
  -0.0162390600   -0.0005271500    0.0014791400
  -0.0155997000    0.0001172100    0.0019089800
  -0.0145247700   -0.0013984200    0.0027514700
  -0.0153229600   -0.0009041500    0.0019332000
  -0.0154805700   -0.0016635900    0.0019397800
   0.0137914800   -0.0009908400    0.0006732000
   0.0148389300   -0.0017432400    0.0002785700
   0.0463091300   -0.0225437500   -0.0252383600
   0.0131618600   -0.0010782500   -0.0001455500
   0.0129348000   -0.0009428900    0.0004123600
   0.0145345700   -0.0003083300    0.0011926500
   0.0145859300   -0.0018147100    0.0017708000
   0.0139739600   -0.0007777900    0.0004987800
   0.0468013600    0.0542545200   -0.0529139500
  -0.0015995900   -0.0140698500   -0.0001593800
  -0.0006149100   -0.0148931000   -0.0000798100
  -0.0008090300   -0.0138315300    0.0006799900
  -0.0012123100   -0.0148474700    0.0017109600
  -0.0007208900   -0.0135854900    0.0017578700
  -0.0007060900   -0.0140204500    0.0007564800
  -0.0011416900   -0.0140297900    0.0008054700
# File: 5    
# 17     -0.0121526414977253  -0.0121473560622773   0.0245917678364940
   0.0009154200   -0.0003530800   -0.0032139400
   0.0006693400    0.0003009300   -0.0035119900
  -0.0040385200    0.0049968800    0.0008634400
   0.0005984900    0.0012908200   -0.0033481600
   0.0033537100    0.0023750200   -0.0015747300
   0.0003822800   -0.0001622500   -0.0036136400
  -0.0003287600   -0.0022650900   -0.0008835500
   0.0010091700    0.0000977300   -0.0031121700
  -0.0013868800    0.0022349600   -0.0034460400
  -0.0041831000   -0.0038020800   -0.0056367000
  -0.0000430800   -0.0000184500   -0.0020205200
   0.0023651900   -0.0019187900   -0.0042495600
   0.0006627500   -0.0000412600    0.0006093700
   0.0005556600    0.0001966600    0.0005503200
   0.0008401400    0.0001903100    0.0005486800
   0.0003246600    0.0011036000    0.0006370300
   0.0747622400    0.0765578100   -0.1501671800
  -0.0017937600    0.0000694200   -0.0015577700
  -0.0008808900   -0.0016257300   -0.0015616700
  -0.0012152200   -0.0006544600   -0.0046553700
  -0.0020447000   -0.0007067100    0.0022364200
  -0.0004901100   -0.0021462500    0.0014678300
  -0.0019604100    0.0001583100    0.0010375400
   0.0003028300    0.0007589100    0.0003284000
  -0.0124374700   -0.0021192500    0.0146324100
   0.0109076000    0.0120149200    0.0092949500
   0.0012576000    0.0026472700    0.0018845700
  -0.0008841700   -0.0004368200    0.0018185300
   0.0197778500   -0.0189122600    0.0206842600
  -0.0019035800    0.0023640500    0.0008110200
   0.0052659000    0.0041315500    0.0030140100
   0.0012335400    0.0002223200    0.0028712500
  -0.0778556500   -0.0395043000    0.0565248400
   0.0007148200    0.0122322900    0.0012469900
  -0.0000678400    0.0134703100    0.0010159700
  -0.0006293600    0.0129389500    0.0004946000
   0.0020521500    0.0151672700   -0.0014859900
  -0.0008035000    0.0141084800   -0.0013045100
   0.0003978100    0.0127470600   -0.0005436400
   0.0003286200    0.0139390600    0.0003097200
  -0.0428320100    0.0313963600    0.0306005800
  -0.0163627100   -0.0010459100    0.0021620200
  -0.0158356000   -0.0008315600    0.0014858700
  -0.0162735600    0.0013550800    0.0019984500
  -0.0156680400    0.0017331500   -0.0023034900
  -0.0143324700   -0.0002495400    0.0011916900
  -0.0142729500   -0.0019572900    0.0010003900
  -0.0142640500   -0.0008321100    0.0020823500
   0.0157295300   -0.0003295300    0.0002843600
   0.0442636000   -0.0478530800    0.0340705600
   0.0156224800   -0.0024435500    0.0008841500
   0.0162242100   -0.0001399300   -0.0002185300
   0.0116057900    0.0012916700   -0.0023977100
   0.0163626700   -0.0010606400   -0.0014465100
   0.0131200900   -0.0006090800    0.0002457000
   0.0140646900   -0.0002388300    0.0000548800
  -0.0021393100   -0.0112952400    0.0007700700
   0.0018489000   -0.0120358800    0.0017044500
  -0.0071137800   -0.0160116600    0.0025935500
  -0.0012903200   -0.0125704700   -0.0006564800
   0.0000752000   -0.0139802500   -0.0012961500
  -0.0025671700   -0.0158146200   -0.0005968100
  -0.0010044000   -0.0145441000    0.0002360500
  -0.0006916100   -0.0135810800    0.0005555300
# File: 6    
# 17      0.0121526414977253   0.0121473560622773  -0.0245917678364940
   0.0003984100    0.0010012900   -0.0039580800
   0.0006639200    0.0003774200   -0.0036669000
   0.0054312100   -0.0043075300   -0.0081092900
   0.0007573000   -0.0006119200   -0.0038076600
  -0.0020371300   -0.0017281300   -0.0056059900
   0.0009700300    0.0008271600   -0.0035648500
   0.0016958300    0.0029426000   -0.0062650800
   0.0003198600    0.0005765800   -0.0040618200
   0.0025278600   -0.0016928300    0.0033988400
   0.0053573200    0.0044261700    0.0056390300
   0.0011605200    0.0006449600    0.0019763400
  -0.0012704800    0.0024750400    0.0041881900
   0.0004695700    0.0006084100   -0.0006405200
   0.0005604900    0.0003791100   -0.0005815200
   0.0002681500    0.0003899400   -0.0005858100
   0.0007850800   -0.0005225200   -0.0006687100
  -0.0909768900   -0.0893873900    0.1547566400
   0.0003164100   -0.0004155600    0.0005736900
  -0.0005828900    0.0012664800    0.0005678400
  -0.0002803200    0.0002820100    0.0036672400
   0.0005230100    0.0003434700   -0.0031662100
  -0.0009946500    0.0018135600   -0.0024686700
   0.0004798600   -0.0005475800   -0.0020465600
  -0.0017785100   -0.0011272400   -0.0012958000
   0.0146986000    0.0047818500   -0.0124718200
  -0.0084175800   -0.0097308300   -0.0073495300
   0.0012924900   -0.0003205900    0.0000540100
   0.0034550400    0.0028134400    0.0000988500
  -0.0169210700    0.0215381300   -0.0190710100
   0.0044194500   -0.0000186500    0.0011108300
  -0.0027845400   -0.0018215900   -0.0010016000
   0.0013384800    0.0021294500   -0.0009877800
   0.0907917100    0.0779479100   -0.0651256700
   0.0001083100    0.0151689600    0.0000264900
   0.0008934400    0.0139137300    0.0002482200
   0.0014765100    0.0144601000    0.0007983500
  -0.0012028200    0.0122211000    0.0027837800
   0.0016852500    0.0132988600    0.0026273400
   0.0004259800    0.0146878000    0.0018287900
   0.0004997100    0.0134643400    0.0009648400
   0.0113264500   -0.0309270500   -0.0266231900
  -0.0139321600   -0.0005822300    0.0011535200
  -0.0144573200   -0.0008646100    0.0018642200
  -0.0140107600   -0.0029584900    0.0013303700
  -0.0146180900   -0.0032256800    0.0054970300
  -0.0159453400   -0.0013697000    0.0021453200
  -0.0160120000    0.0003590100    0.0023551800
  -0.0160318900   -0.0007858400    0.0012474200
   0.0123901000   -0.0008561300    0.0002992800
  -0.0131194700    0.0447200800   -0.0324900300
   0.0125424100    0.0012978200   -0.0003014300
   0.0119032800   -0.0010595900    0.0007635700
   0.0165277000   -0.0024964400    0.0029730300
   0.0118567000   -0.0000823800    0.0019635700
   0.0150365500   -0.0005663800    0.0003085100
   0.0140958500   -0.0009130300    0.0005362000
  -0.0001780300   -0.0166282800    0.0005379500
  -0.0040982700   -0.0158636800   -0.0004477300
   0.0062494700   -0.0106047400   -0.0001168600
  -0.0010134400   -0.0153389000    0.0019398400
  -0.0024326200   -0.0139430700    0.0026319300
   0.0002837500   -0.0120967200    0.0018623800
  -0.0012794900   -0.0133808200    0.0010122300
  -0.0016062900   -0.0143806300    0.0007492700
# File: 7    
# 25     -0.0121526414977253  -0.0121473560622773   0.0245917678364940
   0.0007340900    0.0003430200   -0.0026968200
   0.0019580300    0.0003827000   -0.0024035800
   0.0006955200    0.0015725300   -0.0024450700
   0.0005134700    0.0001770100   -0.0027093400
  -0.0072961800   -0.0083897100   -0.0136070800
  -0.0033844800    0.0038207000   -0.0098880800
   0.0046787100   -0.0034212200   -0.0097188500
   0.0000022100   -0.0003003700   -0.0058643800
   0.0091222500   -0.0089301200    0.0084697400
  -0.0004009300    0.0010680700   -0.0002535700
   0.0016115400    0.0002334300    0.0003739800
   0.0007996300    0.0004452500    0.0009385000
  -0.0041502300   -0.0025860500    0.0048638800
   0.0049713700    0.0049362200    0.0039368500
   0.0003565900    0.0007664400    0.0005497100
  -0.0002664900   -0.0003990900    0.0001390700
  -0.0211891100    0.0170068000    0.0195199900
   0.0019302900    0.0040905300    0.0012681300
   0.0005568200   -0.0027130200   -0.0008968900
  -0.0014846000   -0.0005190900    0.0016639500
  -0.0028975800   -0.0134944600    0.0127304500
   0.0000923800   -0.0004219800    0.0006323000
   0.0096963700    0.0098619400    0.0082097000
  -0.0020309100   -0.0024298200    0.0001481200
   0.1418935100    0.1414122400   -0.2988762500
  -0.0038497200    0.0013153600   -0.0008207800
   0.0016570700   -0.0037037800   -0.0008068800
   0.0002350000    0.0001319600   -0.0112596600
  -0.0009293200   -0.0013333600    0.0078011000
   0.0016879500   -0.0033111600    0.0051177400
  -0.0034587500    0.0016464700    0.0052486600
   0.0040622500    0.0039401500    0.0027275000
   0.0042797000    0.0145694400   -0.0053231500
  -0.0003568500    0.0171737200    0.0000318700
   0.0008948600    0.0141688300   -0.0001543700
   0.0003023000    0.0148657700    0.0010435400
   0.0550410000   -0.0501656600    0.0690678900
   0.0017122200    0.0126948500    0.0007965200
  -0.0000968400    0.0129492200    0.0017229400
   0.0026631500    0.0118881600    0.0035688800
  -0.1265424700   -0.1229951800    0.1183151600
  -0.0150462600   -0.0018522000    0.0023128500
  -0.0167072600    0.0001684500    0.0025626500
  -0.0165780200   -0.0023536700    0.0033310400
  -0.0118561700    0.0009090100   -0.0012729600
  -0.0162243200   -0.0005525500   -0.0010183800
  -0.0138873400   -0.0033201000   -0.0018143100
  -0.0154844600   -0.0007988300    0.0012585500
   0.0112907500   -0.0074274200    0.0119207200
   0.0185665400   -0.0021791500    0.0017655700
   0.0152066200    0.0006021200   -0.0005354000
   0.0167414000    0.0020640100    0.0048211400
   0.0137757100   -0.0003605200   -0.0005214200
   0.0129236000    0.0007487400   -0.0022273700
   0.0133928200    0.0007684800    0.0000570600
   0.0105495700   -0.0020973000   -0.0013135700
  -0.0023370300   -0.0122864200   -0.0027774700
  -0.0008502000   -0.0134491600    0.0002140100
   0.0012372100   -0.0172209200   -0.0032451400
  -0.0012573000   -0.0154869300    0.0004308400
  -0.0730066600    0.0419791600    0.0688870300
  -0.0000891100   -0.0123037000    0.0004717400
  -0.0010877100   -0.0102647300    0.0016065200
  -0.0030862000   -0.0116330900    0.0039248600
# File: 8    
# 25      0.0121526414977253   0.0121473560622773  -0.0245917678364940
   0.0006261600    0.0003541200   -0.0044868200
  -0.0006282100    0.0002842600   -0.0047880600
   0.0006351500   -0.0008957900   -0.0047450900
   0.0008414900    0.0005167900   -0.0045042900
   0.0088243500    0.0092682100    0.0066715800
   0.0047196100   -0.0032122600    0.0027072400
  -0.0034057200    0.0041095900    0.0025242400
   0.0015040500    0.0011122900   -0.0013783500
  -0.0082339600    0.0096877400   -0.0086899900
   0.0015026500   -0.0005094000    0.0002330300
  -0.0006269500    0.0004576300   -0.0002761100
   0.0003375900    0.0001300200   -0.0010124800
   0.0053644800    0.0031554900   -0.0050068300
  -0.0039076900   -0.0044456500   -0.0040138100
   0.0007700600   -0.0001963500   -0.0005978500
   0.0013986600    0.0010052700   -0.0001978600
   0.0201615400   -0.0173708900   -0.0209635400
  -0.0033107900   -0.0047030400   -0.0020208800
  -0.0020386100    0.0023382600   -0.0000661300
  -0.0000022300    0.0002127000   -0.0027143400
   0.0016769600    0.0129080300   -0.0135767500
  -0.0016101900    0.0000546600   -0.0016187000
  -0.0113354200   -0.0103339200   -0.0092609200
   0.0005988100    0.0021245300   -0.0011559700
  -0.1603936600   -0.1606582600    0.3113209500
   0.0064865100    0.0011218600    0.0026676400
   0.0009722000    0.0061260700    0.0026831800
   0.0023051600    0.0022001000    0.0131788700
   0.0034414500    0.0035992900   -0.0058136700
   0.0008442400    0.0057362500   -0.0033270700
   0.0061581200    0.0007259400   -0.0034454700
  -0.0015316000   -0.0015704700   -0.0007633300
  -0.0033564800    0.0128406300    0.0064789400
   0.0012640300    0.0101881000    0.0012661500
  -0.0000692000    0.0132322900    0.0014111300
   0.0005620500    0.0124905100    0.0001614200
  -0.0496354900    0.0752513400   -0.0662202000
  -0.0010035200    0.0146803100    0.0004699800
   0.0009158500    0.0143706600   -0.0005647600
  -0.0018060300    0.0155038600   -0.0023128300
   0.1133394800    0.1386519800   -0.1300997600
  -0.0152955400    0.0002672700    0.0010102100
  -0.0135559500   -0.0018277500    0.0007586900
  -0.0136472600    0.0007825900   -0.0000347600
  -0.0183671800   -0.0025109700    0.0046299400
  -0.0140012700   -0.0010565800    0.0043633400
  -0.0163898900    0.0017849400    0.0052089800
  -0.0147828800   -0.0008229400    0.0020507400
   0.0185426800    0.0080372200   -0.0101912800
   0.0094582300    0.0010784700   -0.0011414500
   0.0130082500   -0.0018700200    0.0011674100
   0.0114237100   -0.0031882500   -0.0042916200
   0.0143881700   -0.0007766600    0.0010667700
   0.0152224900   -0.0019821500    0.0028557300
   0.0146981300   -0.0019354000    0.0005320500
   0.0176368800    0.0009521000    0.0018505500
   0.0000898700   -0.0155629600    0.0039574900
  -0.0014411200   -0.0144722400    0.0010326200
  -0.0036021800   -0.0106248300    0.0045833300
  -0.0010921600   -0.0124075700    0.0007191200
   0.0681020500   -0.0647658300   -0.0659475800
  -0.0023387600   -0.0156853400    0.0006764800
  -0.0012126300   -0.0177112100   -0.0003285000
   0.0008014500   -0.0162446300   -0.0026807500
# File: 9    
# 33      0.0299999961492839  -0.0000057622322747  -0.0000140655476293
   0.0005450200   -0.0009212200   -0.0036013000
  -0.0001980900    0.0001421800   -0.0031079400
   0.0268807900   -0.0278581200   -0.0308035500
  -0.0003442300    0.0007693200   -0.0042173000
   0.0007743000    0.0002223900   -0.0028820600
   0.0005240200   -0.0006358100   -0.0040073300
   0.0013756300    0.0009232500   -0.0038231900
   0.0004799000    0.0001270900   -0.0035398300
  -0.0004430000    0.0010305500   -0.0004423400
   0.0250171900    0.0276990000    0.0294121800
  -0.0005377600    0.0002852000    0.0008515400
   0.0005519500    0.0008795100    0.0003267500
   0.0014246200   -0.0004340600    0.0004198000
   0.0002911300    0.0004024400    0.0000475300
   0.0001025000    0.0010044000   -0.0001702500
  -0.0005053300    0.0019202600    0.0002192600
   0.0628643600    0.0440614100   -0.0453228700
  -0.0010791300    0.0000077900   -0.0002281300
   0.0000550100    0.0007142900   -0.0002921800
  -0.0020896200   -0.0011725400   -0.0029903800
  -0.0013297600    0.0001793100    0.0013776500
  -0.0021922700    0.0012211900   -0.0019609300
  -0.0006443500   -0.0008058900   -0.0008112200
  -0.0013174100    0.0003493800   -0.0006335800
  -0.0002546300   -0.0018201800    0.0033406800
   0.0001646400    0.0002967000   -0.0009849100
   0.0006555800    0.0008568800    0.0010500400
   0.0012131800    0.0030626100    0.0016847400
   0.0961182800   -0.0699765900    0.0731923800
  -0.0015967800    0.0010395500    0.0010674300
   0.0031424800   -0.0002446000    0.0006802200
   0.0005074500    0.0015936000    0.0035100000
  -0.2827414900    0.0334137300   -0.0164595200
   0.0006460900    0.0137424000    0.0005109500
   0.0000581600    0.0139785900    0.0003843300
   0.0056775000    0.0130226500    0.0011894000
   0.0007355400    0.0136281400   -0.0001598700
   0.0007949100    0.0142593900    0.0008099300
   0.0007981200    0.0138610600    0.0004930900
   0.0004334300    0.0131525500    0.0004707300
  -0.0059193200    0.0026704200   -0.0085876500
  -0.0026586900   -0.0010284100    0.0152768900
  -0.0142995500   -0.0010331300    0.0019922000
  -0.0146277600   -0.0009269100    0.0011413400
  -0.0168875700    0.0050940300   -0.0045909900
  -0.0148865700   -0.0013190100    0.0013976400
  -0.0136095000   -0.0022649800    0.0001855000
  -0.0151129000   -0.0011565500    0.0014798800
   0.0141263900   -0.0003460700   -0.0001198300
   0.0156464700   -0.0040134600    0.0047260700
   0.0140231200   -0.0004510700    0.0008202800
   0.0162899600   -0.0005583900   -0.0000218600
   0.0151487200   -0.0062235200    0.0019520300
   0.0280231200    0.0011280000   -0.0139189300
   0.0154035900   -0.0000282100    0.0000707400
   0.0142014500   -0.0002240900    0.0004533100
  -0.0008618800   -0.0161677200    0.0040179400
   0.0136591300    0.0011386100   -0.0000077800
   0.0065041400   -0.0037031400   -0.0002544800
   0.0108989200   -0.0283587200   -0.0025198100
   0.0000539000   -0.0134880000   -0.0001856300
  -0.0008585400   -0.0138622500    0.0007379100
  -0.0008561800   -0.0139722000    0.0002265000
   0.0000416300   -0.0148830100    0.0011287900
# File: 10   
# 33     -0.0299999961492839   0.0000057622322747   0.0000140655476293
   0.0008070500    0.0015754200   -0.0036367000
   0.0015665400    0.0005084100   -0.0040059700
  -0.0234001100    0.0248852800    0.0198125300
   0.0017625700   -0.0000632500   -0.0030085200
   0.0005405700    0.0004148600   -0.0043106100
   0.0008188400    0.0013173600   -0.0031747700
  -0.0000318000   -0.0002426500   -0.0033728000
   0.0008655100    0.0005495400   -0.0036456100
   0.0016310900   -0.0004006400    0.0003680900
  -0.0216846700   -0.0233883200   -0.0257428200
   0.0016788400    0.0002930000   -0.0009637600
   0.0005763700   -0.0002971000   -0.0003835400
  -0.0002680500    0.0009978100   -0.0004591300
   0.0008391800    0.0001715100   -0.0000999000
   0.0010330400   -0.0003207900    0.0001581600
   0.0016119500   -0.0012937600   -0.0002741200
  -0.0676297100   -0.0493820900    0.0493366100
  -0.0002871800   -0.0003717400   -0.0007657200
  -0.0017056200   -0.0011225800   -0.0008965500
   0.0006289200    0.0008473600    0.0019178200
  -0.0001749100   -0.0004823600   -0.0023509300
   0.0008493100   -0.0017911600    0.0010843300
  -0.0007340900    0.0003783800   -0.0002389100
  -0.0001480200   -0.0006925900   -0.0003646900
   0.0028890700    0.0042559400   -0.0014201400
   0.0023978000    0.0020602000    0.0029648800
   0.0018894800    0.0015412400    0.0008224700
   0.0015250600   -0.0005834600    0.0003589400
  -0.0971228700    0.0779087600   -0.0770300600
   0.0042270900    0.0013552200    0.0007810800
  -0.0007153500    0.0025209800    0.0013717200
   0.0021483900    0.0006444500   -0.0015988300
   0.2863471900   -0.0075999800    0.0195880700
   0.0001593600    0.0136495400    0.0007544000
   0.0008046100    0.0134526800    0.0008594100
  -0.0048064900    0.0144061500    0.0000536900
   0.0000864000    0.0137758400    0.0014186900
   0.0000129400    0.0131879100    0.0003746000
   0.0000553800    0.0135421200    0.0007631900
   0.0003830500    0.0142129500    0.0007360000
  -0.0246808600   -0.0042717200    0.0122978500
  -0.0272851600   -0.0007043300   -0.0115027500
  -0.0159611000   -0.0005880500    0.0013569600
  -0.0156562900   -0.0006750100    0.0021659400
  -0.0133200400   -0.0064267000    0.0076429200
  -0.0153992500   -0.0002719500    0.0019041400
  -0.0165992200    0.0009534200    0.0033077100
  -0.0151803300   -0.0004598100    0.0018585800
   0.0139947300   -0.0007884000    0.0006429200
   0.0123734300    0.0029477700   -0.0043190800
   0.0141393400   -0.0007102200   -0.0002588400
   0.0118158500   -0.0009221200    0.0002865300
   0.0123058500    0.0052801800   -0.0021564700
   0.0005195000   -0.0021038700    0.0139201800
   0.0127845400   -0.0010850500    0.0004859800
   0.0139352600   -0.0009175300    0.0000867800
  -0.0019268000   -0.0110213100   -0.0028016400
  -0.0155602400   -0.0284687000    0.0010750000
  -0.0091315500   -0.0246565500    0.0014210900
  -0.0129416200   -0.0000060900    0.0038816000
  -0.0023996300   -0.0143922000    0.0014809000
  -0.0014202900   -0.0140617000    0.0004830200
  -0.0014171700   -0.0139722300    0.0010052900
  -0.0024156800   -0.0130982700   -0.0000452600
# File: 11   
# 33      0.0000098467884628   0.0299999968080583  -0.0000097240551545
   0.0007782600   -0.0003928800   -0.0028811200
   0.0012775700   -0.0003454100   -0.0039585500
  -0.0252023900    0.0307742500    0.0224028600
  -0.0007502200    0.0004326600   -0.0035368300
   0.0006005300    0.0003721300   -0.0039671800
   0.0014978000    0.0009427700   -0.0030286000
  -0.0003951100   -0.0000655500   -0.0029219100
   0.0006283400    0.0000394100   -0.0033543900
   0.0008594100   -0.0004895100    0.0001174600
   0.0382773300    0.0446344400    0.0398565500
  -0.0002970200   -0.0009861200    0.0010951100
   0.0006008400   -0.0005685800   -0.0007311600
   0.0001318100   -0.0004349900    0.0005445700
   0.0005987100   -0.0000492100    0.0000208700
   0.0008405100   -0.0000049000   -0.0010986400
   0.0004074600    0.0003268900    0.0004794300
   0.0359872500    0.0357424700   -0.0328615600
   0.0002375400   -0.0010367200   -0.0022576200
  -0.0020382600   -0.0020130300   -0.0023303000
  -0.0011674200   -0.0011358300   -0.0021447700
  -0.0015629600    0.0011119000    0.0015641000
  -0.0018820600    0.0004966100   -0.0002344500
   0.0015253100   -0.0017562700   -0.0013410300
  -0.0000372700   -0.0004491500    0.0000048700
   0.0017463500    0.0014701400    0.0024491100
   0.0009444200    0.0011957700    0.0050986200
   0.0002594700    0.0009864700    0.0009113000
  -0.0015654600    0.0005241600    0.0007086900
  -0.0713801900    0.0842865500   -0.0723281300
   0.0006089300    0.0010727800   -0.0006415100
   0.0022810500   -0.0035426100   -0.0017228800
   0.0017557100    0.0001176200   -0.0015400600
   0.0214420800   -0.2643482400    0.0333071600
   0.0004539700    0.0134659700    0.0015498400
   0.0006916900    0.0144157200    0.0008584100
  -0.0002757200    0.0188600800   -0.0007542100
   0.0003650800    0.0140410800    0.0001802900
   0.0009627400    0.0155501200   -0.0000953800
   0.0005827900    0.0140324100    0.0005302700
  -0.0001075200    0.0138815300    0.0005251800
  -0.0148043900    0.0008114600    0.0010560200
  -0.0171248500    0.0014232800   -0.0011617400
  -0.0144679400   -0.0007283100    0.0018395800
  -0.0155649700   -0.0008578800    0.0020979700
  -0.0182676000    0.0009264900   -0.0036687000
  -0.0144989900    0.0004929600    0.0024360700
  -0.0149958600    0.0127663100    0.0160701900
  -0.0150439600   -0.0006711400    0.0015759800
   0.0134211400    0.0002591200    0.0003402700
   0.0139698300    0.0086024100   -0.0118472600
   0.0144906900   -0.0000611100   -0.0000683100
   0.0159690600    0.0119105100    0.0149082200
   0.0171765100   -0.0023925000    0.0032109600
   0.0137758300    0.0008547100    0.0018145400
   0.0134303400   -0.0003312300    0.0002293100
   0.0139796100   -0.0005440200    0.0004509100
  -0.0040931100   -0.0091964600   -0.0024088300
   0.0138770200    0.0001649500   -0.0009167800
   0.0090523300   -0.0022140600    0.0004003100
  -0.0150651900   -0.0002373800    0.0034937900
  -0.0020290300   -0.0118124500   -0.0003789000
  -0.0011391300   -0.0142482500    0.0002207800
  -0.0010301500   -0.0142561500    0.0004926300
  -0.0006985600   -0.0118162000    0.0013385400
# File: 12   
# 33     -0.0000098467884628  -0.0299999968080583   0.0000097240551545
   0.0005516100    0.0010294700   -0.0044080500
   0.0000659900    0.0009939600   -0.0031311200
   0.0303939600   -0.0325766000   -0.0338042400
   0.0021383900    0.0002426700   -0.0036825600
   0.0007402100    0.0003314300   -0.0032268100
  -0.0001498500   -0.0002488000   -0.0041637000
   0.0017566000    0.0007528900   -0.0042800400
   0.0007100500    0.0006433000   -0.0038397600
   0.0003001100    0.0011072200   -0.0002267400
  -0.0323989900   -0.0402568200   -0.0350081100
   0.0014021800    0.0016100300   -0.0012239100
   0.0005265300    0.0011013000    0.0007418900
   0.0010671700    0.0009919500   -0.0005854400
   0.0005140700    0.0006324100   -0.0000760000
   0.0002304500    0.0005917100    0.0010674300
   0.0007343000    0.0002320500   -0.0005573100
  -0.0414509900   -0.0379110700    0.0354162600
  -0.0016723700    0.0006758400    0.0012259900
   0.0004251000    0.0015609900    0.0011925100
  -0.0002502500    0.0007961500    0.0011163100
  -0.0000882900   -0.0013206100   -0.0025039500
   0.0004297100   -0.0008621200   -0.0007518400
  -0.0030475300    0.0014169200    0.0003342300
  -0.0014341800    0.0000981700   -0.0009959900
   0.0007800400    0.0007716300   -0.0004905400
   0.0015384900    0.0010814100   -0.0031847800
   0.0022770300    0.0013846800    0.0009636600
   0.0040952100    0.0018232200    0.0012476600
   0.0687913800   -0.0791107100    0.0693073300
   0.0020679100    0.0013489500    0.0026318900
   0.0002393700    0.0059404100    0.0036861400
   0.0009070400    0.0021909300    0.0034736300
  -0.0193069500    0.2893609100   -0.0306870900
   0.0003596200    0.0139362700   -0.0002930500
   0.0001658500    0.0130212000    0.0003983000
   0.0011064900    0.0085092900    0.0020149300
   0.0005119100    0.0133605700    0.0010534400
  -0.0001107900    0.0118824900    0.0013510800
   0.0002631300    0.0133414600    0.0007277000
   0.0009518800    0.0135354300    0.0007375800
  -0.0151526500   -0.0024466600    0.0019242400
  -0.0132576200   -0.0030621400    0.0043350900
  -0.0157900900   -0.0008769900    0.0014872600
  -0.0147226900   -0.0007391900    0.0012089000
  -0.0119945700   -0.0019657700    0.0062444100
  -0.0158154800   -0.0021286400    0.0008829100
  -0.0154308000   -0.0147368000   -0.0133078400
  -0.0152402700   -0.0009460800    0.0017301800
   0.0147294600   -0.0014081500    0.0002074000
   0.0143186600   -0.0101140800    0.0128508800
   0.0136580800   -0.0010826100    0.0006693200
   0.0120735200   -0.0127340000   -0.0138475800
   0.0108735200    0.0011937300   -0.0027677500
   0.0142104600   -0.0021158700   -0.0011150400
   0.0147364200   -0.0008381300    0.0003213200
   0.0141757900   -0.0006076600    0.0001314400
   0.0010939600   -0.0180606200    0.0036039100
  -0.0157343100   -0.0277164900    0.0019898300
  -0.0119056200   -0.0261039200    0.0007582200
   0.0132611500   -0.0280369400   -0.0021244600
  -0.0002543400   -0.0160678600    0.0015494500
  -0.0011367900   -0.0136691100    0.0010169900
  -0.0012282500   -0.0136760300    0.0007346700
  -0.0015990900   -0.0160705700   -0.0000506400
# File: 13   
# 33     -0.0121526414977253  -0.0121473560622773   0.0245917678364940
   0.0002039900    0.0015211800   -0.0045496300
   0.0008946800    0.0004104100   -0.0028482500
  -0.0272331900    0.0270059600    0.0281713000
   0.0014849300    0.0002568000   -0.0039969900
   0.0003309800    0.0003053200   -0.0050855700
   0.0002745600   -0.0002318700   -0.0049760000
   0.0017214300    0.0004084600   -0.0050966500
   0.0008227000    0.0005435100   -0.0041154000
   0.0020292400    0.0005456800    0.0001638400
  -0.0013577400   -0.0049301400   -0.0003557800
   0.0013036000    0.0006128600   -0.0007903800
   0.0008002300    0.0013187400    0.0002537400
   0.0011346200    0.0010213500   -0.0010105800
   0.0006788100    0.0004743500   -0.0003288300
  -0.0002672400    0.0001948800   -0.0001729800
   0.0014521400   -0.0012142900   -0.0012357300
  -0.0814817900   -0.0672526500    0.0683846800
  -0.0017860100   -0.0009911800   -0.0002178800
  -0.0004688000   -0.0002271400    0.0003461000
   0.0004767900    0.0013595800    0.0016175200
   0.0012298200   -0.0013119700   -0.0037161200
  -0.0015856800    0.0008749100   -0.0019379500
  -0.0000458700    0.0001526000   -0.0007063000
  -0.0009383200   -0.0001859100   -0.0010145400
   0.0041286900    0.0057416000   -0.0036406800
  -0.0004374800    0.0005874200   -0.0022009200
   0.0023163400    0.0013849800    0.0003311700
  -0.0006609100    0.0000191200   -0.0006839600
   0.0455711000   -0.0582495300    0.0661273600
   0.0035100600    0.0002924900    0.0015501800
  -0.0003800900    0.0039498000    0.0032500400
   0.0001745500    0.0030376700    0.0039833100
   0.1004155300    0.1504751500   -0.2351651600
   0.0001978800    0.0145274200    0.0000654800
   0.0002669700    0.0135113700    0.0007506000
  -0.0009357400    0.0107514000    0.0008475500
  -0.0003246600    0.0132309200    0.0021137000
   0.0002191400    0.0121381000    0.0009654300
   0.0001020800    0.0134059500    0.0013047900
   0.0005224300    0.0137570700    0.0012413700
  -0.0294629300   -0.0065936000    0.0160371500
  -0.0075321700   -0.0015503800    0.0079938900
  -0.0156865000   -0.0004345300    0.0019970400
  -0.0154710500   -0.0011676400    0.0020881200
  -0.0107314900   -0.0049755400    0.0094172700
  -0.0155300500   -0.0009566800    0.0021739500
  -0.0146866900    0.0056470200    0.0071949400
  -0.0150709300   -0.0008834200    0.0013705100
   0.0141816600   -0.0007558700    0.0009611700
   0.0138637200   -0.0118314100    0.0133594700
   0.0135743100   -0.0012484200    0.0006226600
   0.0146333200    0.0053143000    0.0050995800
   0.0161487100   -0.0025454500    0.0017980400
  -0.0031471400   -0.0030808500    0.0159402600
   0.0131853800   -0.0010857500    0.0011384900
   0.0141365500   -0.0008783900   -0.0002460300
  -0.0031543300   -0.0122119500   -0.0014067900
  -0.0126388100   -0.0244243500    0.0025195200
  -0.0079860700   -0.0229748500    0.0021868800
   0.0022900000   -0.0160512300    0.0006838500
  -0.0017916300   -0.0155485400    0.0052580900
  -0.0009411700   -0.0137862200    0.0010699900
  -0.0013920200   -0.0135236700    0.0011571900
  -0.0011504200   -0.0136749600    0.0039628900
# File: 14   
# 33      0.0121526414977253   0.0121473560622773  -0.0245917678364940
   0.0011270600   -0.0009099700   -0.0027417400
   0.0004397400    0.0002621100   -0.0043210100
   0.0307108400   -0.0302982100   -0.0377438400
  -0.0001027200    0.0004800000   -0.0032222000
   0.0009814400    0.0003931300   -0.0021328800
   0.0010607500    0.0008818300   -0.0022510200
  -0.0003437300    0.0002677500   -0.0021059300
   0.0005140800    0.0001376800   -0.0030818900
  -0.0008559500    0.0000747700   -0.0002156400
   0.0018089000    0.0049161700    0.0000382000
  -0.0002042400   -0.0000157000    0.0007308000
   0.0003056200   -0.0007179900   -0.0003004500
   0.0001217500   -0.0004631200    0.0009791400
   0.0004391200    0.0001170300    0.0002646200
   0.0013417800    0.0004290500    0.0001209300
  -0.0003475200    0.0018697200    0.0011950500
   0.0677583300    0.0561504500   -0.0598766100
   0.0002964900    0.0006961000   -0.0007258600
  -0.0009927900   -0.0001448300   -0.0013325500
  -0.0019853200   -0.0017450200   -0.0026168200
  -0.0027717900    0.0010641600    0.0028141100
   0.0001444200   -0.0012585200    0.0009669600
  -0.0014075900   -0.0005625700   -0.0003304300
  -0.0005446400   -0.0001630400   -0.0000034800
  -0.0015800600   -0.0032358800    0.0055303000
   0.0031287800    0.0018730000    0.0040844700
   0.0002191300    0.0009757400    0.0015888900
   0.0032406800    0.0023299600    0.0025491300
  -0.0468928200    0.0623440500   -0.0655029900
  -0.0009443700    0.0020880500    0.0002751900
   0.0030057000   -0.0016410100   -0.0013289300
   0.0024055300   -0.0007071500   -0.0022183700
  -0.0842623200   -0.1098583800    0.2310443700
   0.0006381100    0.0128698400    0.0011922600
   0.0005698300    0.0139138300    0.0004969800
   0.0018240900    0.0166555700    0.0004328400
   0.0011747800    0.0141639100   -0.0008436500
   0.0006171400    0.0152494200    0.0003073900
   0.0007545900    0.0139776900   -0.0000495200
   0.0003334600    0.0136469800    0.0000199900
  -0.0014350900    0.0049466700   -0.0121523600
  -0.0226806700   -0.0001347200   -0.0046720700
  -0.0145799200   -0.0011632800    0.0012857700
  -0.0147830900   -0.0004256900    0.0012239500
  -0.0196046600    0.0042707500   -0.0069209100
  -0.0147111700   -0.0006456900    0.0011140900
  -0.0156983400   -0.0072644700   -0.0038569900
  -0.0152197800   -0.0007427000    0.0019576900
   0.0139955300   -0.0004330400   -0.0004070300
   0.0143427600    0.0100015100   -0.0123279800
   0.0145953000    0.0000966300   -0.0000453800
   0.0134889700   -0.0065515300   -0.0046789600
   0.0117608700    0.0013368200   -0.0014547000
   0.0319200800    0.0019867400   -0.0158927100
   0.0149911700   -0.0000501700   -0.0005572500
   0.0140417800   -0.0002738800    0.0008358600
   0.0007659200   -0.0156443100    0.0026917900
   0.0103196700   -0.0035011100   -0.0011214500
   0.0054779400   -0.0050883000   -0.0008926000
  -0.0047663900   -0.0116899500    0.0006475700
  -0.0005490000   -0.0123246400   -0.0039503300
  -0.0013568500   -0.0141420000    0.0001674300
  -0.0008814900   -0.0144182800    0.0000612300
  -0.0011598400   -0.0142519300   -0.0027404600
