001 342.108212 .283366939539870762
002 325.803124 .749944073070303056
003 325.761558 .751911785569483681
004 318.275997 .000190977087097025
005 316.776340 .386751497276197896
006 297.026534 .0524802516512021
007 296.742378 .0556711677660173
008 296.160880 .001425297422687581
009 289.529825 .0001027524413277
010 260.697974 1.31999053625104
011 260.472377 1.31352287787341
012 251.258508 4.2595600475120744
013 170.935307 .0002233648469821
014 156.690199 .13604002588836
015 156.601969 .1329111445668484
016 98.414855 .14112634966072
017 95.172741 .3178528678498321
018 94.658985 .33119063591724
019 84.346378 .7474143452977824
020 75.457192 .1850179461674321
021 74.911599 .18148673667905
022 0.254047 .0034567622137325
023 0.569622 .00365051689006
024 1.323171 .0004563216741521
