# Sigma = 0.500000
      -15.0000000000        0.0000000000
      -14.9000000000        0.0000000000
      -14.8000000000        0.0000000000
      -14.7000000000        0.0000000000
      -14.6000000000        0.0000000000
      -14.5000000000        0.0000000000
      -14.4000000000        0.0000000000
      -14.3000000000        0.0000000000
      -14.2000000000        0.0000000000
      -14.1000000000        0.0000000000
      -14.0000000000        0.0000000000
      -13.9000000000        0.0000000000
      -13.8000000000        0.0000000000
      -13.7000000000        0.0000000000
      -13.6000000000        0.0000000000
      -13.5000000000        0.0000000000
      -13.4000000000        0.0000000000
      -13.3000000000        0.0000000000
      -13.2000000000        0.0000000000
      -13.1000000000        0.0000000000
      -13.0000000000        0.0000000000
      -12.9000000000        0.0000000000
      -12.8000000000        0.0000000000
      -12.7000000000        0.0000000000
      -12.6000000000        0.0000000000
      -12.5000000000        0.0000000000
      -12.4000000000        0.0000000000
      -12.3000000000        0.0000000000
      -12.2000000000        0.0000000000
      -12.1000000000        0.0000000000
      -12.0000000000        0.0000000000
      -11.9000000000        0.0000000000
      -11.8000000000        0.0000000000
      -11.7000000000        0.0000000000
      -11.6000000000        0.0000000000
      -11.5000000000        0.0000000000
      -11.4000000000        0.0000000000
      -11.3000000000        0.0000000000
      -11.2000000000        0.0000000000
      -11.1000000000        0.0000000000
      -11.0000000000        0.0000000000
      -10.9000000000        0.0000000000
      -10.8000000000        0.0000000000
      -10.7000000000        0.0000000000
      -10.6000000000        0.0000000000
      -10.5000000000        0.0000000000
      -10.4000000000        0.0000000000
      -10.3000000000        0.0000000000
      -10.2000000000        0.0000000000
      -10.1000000000        0.0000000000
      -10.0000000000        0.0000000000
       -9.9000000000        0.0000000000
       -9.8000000000        0.0000000000
       -9.7000000000        0.0000000000
       -9.6000000000        0.0000000000
       -9.5000000000        0.0000000000
       -9.4000000000        0.0000000000
       -9.3000000000        0.0000000000
       -9.2000000000        0.0000000000
       -9.1000000000        0.0000000000
       -9.0000000000        0.0000000000
       -8.9000000000        0.0000000000
       -8.8000000000        0.0000000000
       -8.7000000000        0.0000000000
       -8.6000000000        0.0000000000
       -8.5000000000        0.0000000000
       -8.4000000000        0.0000000000
       -8.3000000000        0.0000000000
       -8.2000000000        0.0000000000
       -8.1000000000        0.0000000000
       -8.0000000000        0.0000000000
       -7.9000000000        0.0000000000
       -7.8000000000        0.0000000000
       -7.7000000000        0.0000000000
       -7.6000000000        0.0000000000
       -7.5000000000        0.0000000000
       -7.4000000000        0.0000000000
       -7.3000000000        0.0000000000
       -7.2000000000        0.0000000000
       -7.1000000000        0.0000000000
       -7.0000000000        0.0000000000
       -6.9000000000        0.0000000000
       -6.8000000000        0.0000000000
       -6.7000000000        0.0000000000
       -6.6000000000        0.0000000000
       -6.5000000000        0.0000000000
       -6.4000000000        0.0000000000
       -6.3000000000        0.0000000000
       -6.2000000000        0.0000000000
       -6.1000000000        0.0000000000
       -6.0000000000        0.0000000000
       -5.9000000000        0.0000000000
       -5.8000000000        0.0000000000
       -5.7000000000        0.0000000000
       -5.6000000000        0.0000000000
       -5.5000000000        0.0000000000
       -5.4000000000        0.0000000000
       -5.3000000000        0.0000000000
       -5.2000000000        0.0000000000
       -5.1000000000        0.0000000000
       -5.0000000000        0.0000000000
       -4.9000000000        0.0000000000
       -4.8000000000        0.0000000000
       -4.7000000000        0.0000000000
       -4.6000000000        0.0000000000
       -4.5000000000        0.0000000000
       -4.4000000000        0.0000000000
       -4.3000000000        0.0000000000
       -4.2000000000        0.0000000000
       -4.1000000000        0.0000000001
       -4.0000000000        0.0000000002
       -3.9000000000        0.0000000009
       -3.8000000000        0.0000000033
       -3.7000000000        0.0000000113
       -3.6000000000        0.0000000372
       -3.5000000000        0.0000001177
       -3.4000000000        0.0000003587
       -3.3000000000        0.0000010515
       -3.2000000000        0.0000029647
       -3.1000000000        0.0000080411
       -3.0000000000        0.0000209817
       -2.9000000000        0.0000526723
       -2.8000000000        0.0001272233
       -2.7000000000        0.0002956816
       -2.6000000000        0.0006612834
       -2.5000000000        0.0014232840
       -2.4000000000        0.0029483189
       -2.3000000000        0.0058786575
       -2.2000000000        0.0112836325
       -2.1000000000        0.0208515610
       -2.0000000000        0.0371027290
       -1.9000000000        0.0635797318
       -1.8000000000        0.1049438985
       -1.7000000000        0.1668852997
       -1.6000000000        0.2557532205
       -1.5000000000        0.3778491180
       -1.4000000000        0.5384038506
       -1.3000000000        0.7403795898
       -1.2000000000        0.9833679889
       -1.1000000000        1.2629545841
       -1.0000000000        1.5709324114
       -0.9000000000        1.8966359137
       -0.8000000000        2.2294249202
       -0.7000000000        2.5620215242
       -0.6000000000        2.8940770843
       -0.5000000000        3.2351277343
       -0.4000000000        3.6060711572
       -0.3000000000        4.0384980416
       -0.2000000000        4.5716026283
       -0.1000000000        5.2468843291
       -0.0000000000        6.1013187603
        0.1000000000        7.1600202962
        0.2000000000        8.4295830089
        0.3000000000        9.8932654686
        0.4000000000       11.5090010892
        0.5000000000       13.2108972683
        0.6000000000       14.9144491145
        0.7000000000       16.5251479991
        0.8000000000       17.9495459272
        0.9000000000       19.1072324083
        1.0000000000       19.9417412847
        1.1000000000       20.4283095582
        1.2000000000       20.5767955681
        1.3000000000       20.4289453357
        1.4000000000       20.0504183356
        1.5000000000       19.5192369667
        1.6000000000       18.9132283462
        1.7000000000       18.2992661382
        1.8000000000       17.7265656950
        1.9000000000       17.2250658083
        2.0000000000       16.8084069364
        2.1000000000       16.4796753240
        2.2000000000       16.2373731227
        2.3000000000       16.0792462736
        2.4000000000       16.0026059167
        2.5000000000       16.0012689559
        2.6000000000       16.0606844512
        2.7000000000       16.1536698555
        2.8000000000       16.2391205913
        2.9000000000       16.2650803038
        3.0000000000       16.1760164317
        3.1000000000       15.9226057210
        3.2000000000       15.4713682638
        3.3000000000       14.8114481615
        3.4000000000       13.9567220638
        3.5000000000       12.9428768715
        3.6000000000       11.8205885804
        3.7000000000       10.6469285708
        3.8000000000        9.4773149021
        3.9000000000        8.3597310776
        4.0000000000        7.3318626652
        4.1000000000        6.4207105710
        4.2000000000        5.6435418882
        4.3000000000        5.0089453342
        4.4000000000        4.5172126319
        4.5000000000        4.1599987004
        4.6000000000        3.9198685684
        4.7000000000        3.7706338185
        4.8000000000        3.6792100668
        4.9000000000        3.6091854509
        5.0000000000        3.5256176791
        5.1000000000        3.4000484198
        5.2000000000        3.2145390742
        5.3000000000        2.9637490690
        5.4000000000        2.6546045568
        5.5000000000        2.3037484864
        5.6000000000        1.9335075245
        5.7000000000        1.5673984418
        5.8000000000        1.2261710298
        5.9000000000        0.9250988780
        6.0000000000        0.6728091880
        6.1000000000        0.4715328233
        6.2000000000        0.3183681386
        6.3000000000        0.2070368538
        6.4000000000        0.1296536987
        6.5000000000        0.0781770804
        6.6000000000        0.0453859615
        6.7000000000        0.0253815697
        6.8000000000        0.0137109795
        6.9000000000        0.0072491006
        7.0000000000        0.0039703418
        7.1000000000        0.0027119775
        7.2000000000        0.0029963363
        7.3000000000        0.0049492334
        7.4000000000        0.0093303268
        7.5000000000        0.0176737256
        7.6000000000        0.0325175759
        7.7000000000        0.0576734385
        7.8000000000        0.0984484559
        7.9000000000        0.1616918664
        8.0000000000        0.2555082485
        8.1000000000        0.3884863903
        8.2000000000        0.5683584666
        8.3000000000        0.8001406176
        8.4000000000        1.0839986502
        8.5000000000        1.4132836624
        8.6000000000        1.7733168107
        8.7000000000        2.1414908154
        8.8000000000        2.4890496954
        8.9000000000        2.7845233191
        9.0000000000        2.9983222522
        9.1000000000        3.1075902117
        9.2000000000        3.1002200144
        9.3000000000        2.9770588048
        9.4000000000        2.7517479065
        9.5000000000        2.4482391275
        9.6000000000        2.0966119726
        9.7000000000        1.7281997237
        9.8000000000        1.3711080500
        9.9000000000        1.0469822278
       10.0000000000        0.7694541415
       10.1000000000        0.5442344152
       10.2000000000        0.3704515476
       10.3000000000        0.2426609029
       10.4000000000        0.1529574881
       10.5000000000        0.0927732370
       10.6000000000        0.0541418838
       10.7000000000        0.0304004296
       10.8000000000        0.0164224661
       10.9000000000        0.0085346492
       11.0000000000        0.0042667570
       11.1000000000        0.0020518776
       11.2000000000        0.0009491240
       11.3000000000        0.0004222692
       11.4000000000        0.0001806875
       11.5000000000        0.0000743563
       11.6000000000        0.0000294263
       11.7000000000        0.0000111986
       11.8000000000        0.0000040981
       11.9000000000        0.0000014420
       12.0000000000        0.0000004879
       12.1000000000        0.0000001587
       12.2000000000        0.0000000496
       12.3000000000        0.0000000149
       12.4000000000        0.0000000043
       12.5000000000        0.0000000012
       12.6000000000        0.0000000003
       12.7000000000        0.0000000001
       12.8000000000        0.0000000000
       12.9000000000        0.0000000000
       13.0000000000        0.0000000000
       13.1000000000        0.0000000000
       13.2000000000        0.0000000000
       13.3000000000        0.0000000000
       13.4000000000        0.0000000000
       13.5000000000        0.0000000000
       13.6000000000        0.0000000000
       13.7000000000        0.0000000000
       13.8000000000        0.0000000000
       13.9000000000        0.0000000000
       14.0000000000        0.0000000000
       14.1000000000        0.0000000000
       14.2000000000        0.0000000000
       14.3000000000        0.0000000000
       14.4000000000        0.0000000000
       14.5000000000        0.0000000000
       14.6000000000        0.0000000000
       14.7000000000        0.0000000000
       14.8000000000        0.0000000000
       14.9000000000        0.0000000000
       15.0000000000        0.0000000000
       15.1000000000        0.0000000000
       15.2000000000        0.0000000000
       15.3000000000        0.0000000000
       15.4000000000        0.0000000000
       15.5000000000        0.0000000000
       15.6000000000        0.0000000000
       15.7000000000        0.0000000000
       15.8000000000        0.0000000000
       15.9000000000        0.0000000000
       16.0000000000        0.0000000000
       16.1000000000        0.0000000000
       16.2000000000        0.0000000000
       16.3000000000        0.0000000000
       16.4000000000        0.0000000000
       16.5000000000        0.0000000000
       16.6000000000        0.0000000000
       16.7000000000        0.0000000000
       16.8000000000        0.0000000000
       16.9000000000        0.0000000000
       17.0000000000        0.0000000000
       17.1000000000        0.0000000000
       17.2000000000        0.0000000000
       17.3000000000        0.0000000000
       17.4000000000        0.0000000000
       17.5000000000        0.0000000000
       17.6000000000        0.0000000000
       17.7000000000        0.0000000000
       17.8000000000        0.0000000000
       17.9000000000        0.0000000000
       18.0000000000        0.0000000000
       18.1000000000        0.0000000000
       18.2000000000        0.0000000000
       18.3000000000        0.0000000000
       18.4000000000        0.0000000000
       18.5000000000        0.0000000000
       18.6000000000        0.0000000000
       18.7000000000        0.0000000000
       18.8000000000        0.0000000000
       18.9000000000        0.0000000000
       19.0000000000        0.0000000000
       19.1000000000        0.0000000000
       19.2000000000        0.0000000000
       19.3000000000        0.0000000000
       19.4000000000        0.0000000000
       19.5000000000        0.0000000000
       19.6000000000        0.0000000000
       19.7000000000        0.0000000000
       19.8000000000        0.0000000000
       19.9000000000        0.0000000000
       20.0000000000        0.0000000000
       20.1000000000        0.0000000000
       20.2000000000        0.0000000000
       20.3000000000        0.0000000000
       20.4000000000        0.0000000000
       20.5000000000        0.0000000000
       20.6000000000        0.0000000000
       20.7000000000        0.0000000000
       20.8000000000        0.0000000000
       20.9000000000        0.0000000000
       21.0000000000        0.0000000000
       21.1000000000        0.0000000000
       21.2000000000        0.0000000000
       21.3000000000        0.0000000000
       21.4000000000        0.0000000000
       21.5000000000        0.0000000000
       21.6000000000        0.0000000000
       21.7000000000        0.0000000000
       21.8000000000        0.0000000000
       21.9000000000        0.0000000000
       22.0000000000        0.0000000000
       22.1000000000        0.0000000000
       22.2000000000        0.0000000000
       22.3000000000        0.0000000000
       22.4000000000        0.0000000000
       22.5000000000        0.0000000000
       22.6000000000        0.0000000000
       22.7000000000        0.0000000000
       22.8000000000        0.0000000000
       22.9000000000        0.0000000000
       23.0000000000        0.0000000001
       23.1000000000        0.0000000004
       23.2000000000        0.0000000016
       23.3000000000        0.0000000056
       23.4000000000        0.0000000193
       23.5000000000        0.0000000640
       23.6000000000        0.0000002038
       23.7000000000        0.0000006243
       23.8000000000        0.0000018385
       23.9000000000        0.0000052062
       24.0000000000        0.0000141754
       24.1000000000        0.0000371136
       24.2000000000        0.0000934412
       24.3000000000        0.0002262461
       24.4000000000        0.0005268577
       24.5000000000        0.0011800826
       24.6000000000        0.0025426214
       24.7000000000        0.0052704976
       24.8000000000        0.0105119001
       24.9000000000        0.0201762202
       25.0000000000        0.0372742468
       25.1000000000        0.0662955423
       25.2000000000        0.1135478483
       25.3000000000        0.1873375547
       25.4000000000        0.2978355708
       25.5000000000        0.4564711251
       25.6000000000        0.6747477486
       25.7000000000        0.9624895175
       25.8000000000        1.3256873642
       25.9000000000        1.7642843601
       26.0000000000        2.2703571148
       26.1000000000        2.8271632579
       26.2000000000        3.4094072738
       26.3000000000        3.9848502570
       26.4000000000        4.5171179469
       26.5000000000        4.9693272250
       26.6000000000        5.3080163447
       26.7000000000        5.5068451058
       26.8000000000        5.5495988759
       26.9000000000        5.4321362003
       27.0000000000        5.1630305928
       27.1000000000        4.7627745052
       27.2000000000        4.2615632065
       27.3000000000        3.6958756559
       27.4000000000        3.1042963955
       27.5000000000        2.5232111991
       27.6000000000        1.9830784635
       27.7000000000        1.5058766441
       27.8000000000        1.1040674701
       27.9000000000        0.7810718859
       28.0000000000        0.5329395501
       28.1000000000        0.3506972031
       28.2000000000        0.2228285624
       28.3000000000        0.1374496455
       28.4000000000        0.0839358010
       28.5000000000        0.0539549329
       28.6000000000        0.0420057945
       28.7000000000        0.0456214647
       28.8000000000        0.0653771767
       28.9000000000        0.1047613837
       29.0000000000        0.1698644341
       29.1000000000        0.2687509084
       29.2000000000        0.4103499008
       29.3000000000        0.6027547326
       29.4000000000        0.8509816236
       29.5000000000        1.1544724675
       29.6000000000        1.5048737021
       29.7000000000        1.8847812579
       29.8000000000        2.2681086990
       29.9000000000        2.6224554144
       30.0000000000        2.9133557915
       30.1000000000        3.1097112474
       30.2000000000        3.1892438787
       30.3000000000        3.1426537650
       30.4000000000        2.9754077893
       30.5000000000        2.7066844232
       30.6000000000        2.3657559154
       30.7000000000        1.9867510114
       30.8000000000        1.6030909462
       30.9000000000        1.2428367978
       31.0000000000        0.9257874325
       31.1000000000        0.6625973675
       31.2000000000        0.4556479178
       31.3000000000        0.3010581185
       31.4000000000        0.1911228336
       31.5000000000        0.1165778649
       31.6000000000        0.0683220543
       31.7000000000        0.0384722017
       31.8000000000        0.0208149073
       31.9000000000        0.0108203981
       32.0000000000        0.0054044727
       32.1000000000        0.0025936105
       32.2000000000        0.0011959073
       32.3000000000        0.0005298240
       32.4000000000        0.0002255314
       32.5000000000        0.0000922410
       32.6000000000        0.0000362478
       32.7000000000        0.0000136862
       32.8000000000        0.0000049650
       32.9000000000        0.0000017306
       33.0000000000        0.0000005796
       33.1000000000        0.0000001865
       33.2000000000        0.0000000578
       33.3000000000        0.0000000178
       33.4000000000        0.0000000072
       33.5000000000        0.0000000098
       33.6000000000        0.0000000295
       33.7000000000        0.0000000967
       33.8000000000        0.0000003077
       33.9000000000        0.0000009426
       34.0000000000        0.0000027767
       34.1000000000        0.0000078664
       34.2000000000        0.0000214330
       34.3000000000        0.0000561649
       34.4000000000        0.0001415636
       34.5000000000        0.0003432176
       34.6000000000        0.0008004723
       34.7000000000        0.0017960193
       34.8000000000        0.0038769784
       34.9000000000        0.0080523757
       35.0000000000        0.0160928909
       35.1000000000        0.0309495943
       35.2000000000        0.0572820196
       35.3000000000        0.1020365226
       35.4000000000        0.1749435926
       35.5000000000        0.2887193477
       35.6000000000        0.4586892402
       35.7000000000        0.7015425633
       35.8000000000        1.0330196325
       35.9000000000        1.4645574220
       36.0000000000        1.9992601235
       36.1000000000        2.6279453895
       36.2000000000        3.3263162368
       36.3000000000        4.0543725415
       36.4000000000        4.7588929160
       36.5000000000        5.3791785540
       36.6000000000        5.8553862251
       36.7000000000        6.1379406608
       36.8000000000        6.1960022954
       36.9000000000        6.0229973401
       37.0000000000        5.6378416993
       37.1000000000        5.0815439423
       37.2000000000        4.4100289793
       37.3000000000        3.6849163360
       37.4000000000        2.9643479476
       37.5000000000        2.2957193485
       37.6000000000        1.7114622469
       37.7000000000        1.2281293137
       37.8000000000        0.8482371460
       37.9000000000        0.5638378721
       38.0000000000        0.3606798087
       38.1000000000        0.2220172849
       38.2000000000        0.1314971445
       38.3000000000        0.0749342044
       38.4000000000        0.0410827772
       38.5000000000        0.0216720153
       38.6000000000        0.0110096208
       38.7000000000        0.0054125391
       38.8000000000        0.0026417255
       38.9000000000        0.0014374985
       39.0000000000        0.0011922278
       39.1000000000        0.0017631637
       39.2000000000        0.0034154630
       39.3000000000        0.0068848225
       39.4000000000        0.0135504147
       39.5000000000        0.0257026663
       39.6000000000        0.0468696584
       39.7000000000        0.0821278960
       39.8000000000        0.1382729389
       39.9000000000        0.2236788402
       40.0000000000        0.3476593543
       40.1000000000        0.5191903576
       40.2000000000        0.7449853482
       40.3000000000        1.0271312636
       40.4000000000        1.3607461061
       40.5000000000        1.7323275563
       40.6000000000        2.1195183291
       40.7000000000        2.4928383991
       40.8000000000        2.8195160932
       40.9000000000        3.0689772003
       41.0000000000        3.2189951360
       41.1000000000        3.2611619099
       41.2000000000        3.2043481804
       41.3000000000        3.0751984923
       41.4000000000        2.9153395726
       41.5000000000        2.7756689965
       41.6000000000        2.7086500179
       41.7000000000        2.7598616505
       41.8000000000        2.9601431806
       41.9000000000        3.3195951373
       42.0000000000        3.8245099143
       42.1000000000        4.4379977225
       42.2000000000        5.1045890037
       42.3000000000        5.7583965922
       42.4000000000        6.3335838868
       42.5000000000        6.7751301002
       42.6000000000        7.0475194475
       42.7000000000        7.1392640069
       42.8000000000        7.0621480210
       42.9000000000        6.8455161977
       43.0000000000        6.5273518122
       43.1000000000        6.1447847312
       43.2000000000        5.7266927172
       43.3000000000        5.2902024615
       43.4000000000        4.8414945949
       43.5000000000        4.3799048448
       43.6000000000        3.9033990517
       43.7000000000        3.4133578967
       43.8000000000        2.9171907142
       43.9000000000        2.4282927221
       44.0000000000        1.9638457331
       44.1000000000        1.5415921923
       44.2000000000        1.1768336630
       44.3000000000        0.8805783049
       44.4000000000        0.6591918283
       44.5000000000        0.5153322744
       44.6000000000        0.4495528648
       44.7000000000        0.4618209555
       44.8000000000        0.5523141102
       44.9000000000        0.7211481161
       45.0000000000        0.9670746565
       45.1000000000        1.2855615257
       45.2000000000        1.6669394085
       45.3000000000        2.0953785775
       45.4000000000        2.5492899880
       45.5000000000        3.0033377382
       45.6000000000        3.4317051853
       45.7000000000        3.8117591229
       45.8000000000        4.1270138836
       45.9000000000        4.3684514635
       46.0000000000        4.5337960651
       46.1000000000        4.6250881801
       46.2000000000        4.6455561894
       46.3000000000        4.5970573022
       46.4000000000        4.4791189280
       46.5000000000        4.2899440468
       46.6000000000        4.0289289138
       46.7000000000        3.6996228126
       46.8000000000        3.3118892096
       46.9000000000        2.8823543160
       47.0000000000        2.4328886861
       47.1000000000        1.9875721863
       47.2000000000        1.5690675637
       47.3000000000        1.1954254850
       47.4000000000        0.8780863541
       47.5000000000        0.6213845946
       47.6000000000        0.4233968484
       47.7000000000        0.2776616413
       47.8000000000        0.1751980614
       47.9000000000        0.1063375931
       48.0000000000        0.0620745190
       48.1000000000        0.0348459955
       48.2000000000        0.0188088965
       48.3000000000        0.0097614166
       48.4000000000        0.0048705392
       48.5000000000        0.0023363445
       48.6000000000        0.0010774007
       48.7000000000        0.0004776236
       48.8000000000        0.0002035412
       48.9000000000        0.0000833811
       49.0000000000        0.0000328341
       49.1000000000        0.0000124284
       49.2000000000        0.0000045220
       49.3000000000        0.0000015815
       49.4000000000        0.0000005317
       49.5000000000        0.0000001718
       49.6000000000        0.0000000534
       49.7000000000        0.0000000159
       49.8000000000        0.0000000046
       49.9000000000        0.0000000013
       50.0000000000        0.0000000003
       50.1000000000        0.0000000001
       50.2000000000        0.0000000000
       50.3000000000        0.0000000000
       50.4000000000        0.0000000000
       50.5000000000        0.0000000000
       50.6000000000        0.0000000000
       50.7000000000        0.0000000000
       50.8000000000        0.0000000000
       50.9000000000        0.0000000000
       51.0000000000        0.0000000000
       51.1000000000        0.0000000000
       51.2000000000        0.0000000000
       51.3000000000        0.0000000000
       51.4000000000        0.0000000000
       51.5000000000        0.0000000000
       51.6000000000        0.0000000000
       51.7000000000        0.0000000000
       51.8000000000        0.0000000000
       51.9000000000        0.0000000000
       52.0000000000        0.0000000000
       52.1000000000        0.0000000000
       52.2000000000        0.0000000000
       52.3000000000        0.0000000000
       52.4000000000        0.0000000000
       52.5000000000        0.0000000000
       52.6000000000        0.0000000000
       52.7000000000        0.0000000000
       52.8000000000        0.0000000000
       52.9000000000        0.0000000000
       53.0000000000        0.0000000000
       53.1000000000        0.0000000000
       53.2000000000        0.0000000000
       53.3000000000        0.0000000000
       53.4000000000        0.0000000000
       53.5000000000        0.0000000000
       53.6000000000        0.0000000000
       53.7000000000        0.0000000000
       53.8000000000        0.0000000000
       53.9000000000        0.0000000000
       54.0000000000        0.0000000000
       54.1000000000        0.0000000000
       54.2000000000        0.0000000000
       54.3000000000        0.0000000000
       54.4000000000        0.0000000000
       54.5000000000        0.0000000000
       54.6000000000        0.0000000000
       54.7000000000        0.0000000000
       54.8000000000        0.0000000000
       54.9000000000        0.0000000000
       55.0000000000        0.0000000000
       55.1000000000        0.0000000000
       55.2000000000        0.0000000000
       55.3000000000        0.0000000000
       55.4000000000        0.0000000000
       55.5000000000        0.0000000000
       55.6000000000        0.0000000000
       55.7000000000        0.0000000000
       55.8000000000        0.0000000000
       55.9000000000        0.0000000000
       56.0000000000        0.0000000000
       56.1000000000        0.0000000000
       56.2000000000        0.0000000000
       56.3000000000        0.0000000000
       56.4000000000        0.0000000000
       56.5000000000        0.0000000000
       56.6000000000        0.0000000000
       56.7000000000        0.0000000000
       56.8000000000        0.0000000000
       56.9000000000        0.0000000000
       57.0000000000        0.0000000000
       57.1000000000        0.0000000000
       57.2000000000        0.0000000000
       57.3000000000        0.0000000000
       57.4000000000        0.0000000000
       57.5000000000        0.0000000000
       57.6000000000        0.0000000000
       57.7000000000        0.0000000000
       57.8000000000        0.0000000000
       57.9000000000        0.0000000000
       58.0000000000        0.0000000000
       58.1000000000        0.0000000000
       58.2000000000        0.0000000000
       58.3000000000        0.0000000000
       58.4000000000        0.0000000000
       58.5000000000        0.0000000000
       58.6000000000        0.0000000000
       58.7000000000        0.0000000000
       58.8000000000        0.0000000000
       58.9000000000        0.0000000000
       59.0000000000        0.0000000000
       59.1000000000        0.0000000000
       59.2000000000        0.0000000000
       59.3000000000        0.0000000000
       59.4000000000        0.0000000000
       59.5000000000        0.0000000000
       59.6000000000        0.0000000000
       59.7000000000        0.0000000000
       59.8000000000        0.0000000000
       59.9000000000        0.0000000000
       60.0000000000        0.0000000000
       60.1000000000        0.0000000000
       60.2000000000        0.0000000000
       60.3000000000        0.0000000000
       60.4000000000        0.0000000000
       60.5000000000        0.0000000000
       60.6000000000        0.0000000000
       60.7000000000        0.0000000000
       60.8000000000        0.0000000000
       60.9000000000        0.0000000000
       61.0000000000        0.0000000000
       61.1000000000        0.0000000000
       61.2000000000        0.0000000000
       61.3000000000        0.0000000000
       61.4000000000        0.0000000000
       61.5000000000        0.0000000000
       61.6000000000        0.0000000000
       61.7000000000        0.0000000000
       61.8000000000        0.0000000000
       61.9000000000        0.0000000000
       62.0000000000        0.0000000000
       62.1000000000        0.0000000000
       62.2000000000        0.0000000000
       62.3000000000        0.0000000000
       62.4000000000        0.0000000000
       62.5000000000        0.0000000000
       62.6000000000        0.0000000000
       62.7000000000        0.0000000000
       62.8000000000        0.0000000000
       62.9000000000        0.0000000000
       63.0000000000        0.0000000000
       63.1000000000        0.0000000000
       63.2000000000        0.0000000000
       63.3000000000        0.0000000000
       63.4000000000        0.0000000000
       63.5000000000        0.0000000000
       63.6000000000        0.0000000000
       63.7000000000        0.0000000000
       63.8000000000        0.0000000000
       63.9000000000        0.0000000000
       64.0000000000        0.0000000000
       64.1000000000        0.0000000000
       64.2000000000        0.0000000000
       64.3000000000        0.0000000000
       64.4000000000        0.0000000000
       64.5000000000        0.0000000000
       64.6000000000        0.0000000000
       64.7000000000        0.0000000000
       64.8000000000        0.0000000000
       64.9000000000        0.0000000000
       65.0000000000        0.0000000000
       65.1000000000        0.0000000000
       65.2000000000        0.0000000000
       65.3000000000        0.0000000000
       65.4000000000        0.0000000000
       65.5000000000        0.0000000000
       65.6000000000        0.0000000000
       65.7000000000        0.0000000000
       65.8000000000        0.0000000000
       65.9000000000        0.0000000000
       66.0000000000        0.0000000000
       66.1000000000        0.0000000000
       66.2000000000        0.0000000000
       66.3000000000        0.0000000000
       66.4000000000        0.0000000000
       66.5000000000        0.0000000000
       66.6000000000        0.0000000000
       66.7000000000        0.0000000000
       66.8000000000        0.0000000000
       66.9000000000        0.0000000000
       67.0000000000        0.0000000000
       67.1000000000        0.0000000000
       67.2000000000        0.0000000000
       67.3000000000        0.0000000000
       67.4000000000        0.0000000000
       67.5000000000        0.0000000000
       67.6000000000        0.0000000000
       67.7000000000        0.0000000000
       67.8000000000        0.0000000000
       67.9000000000        0.0000000000
       68.0000000000        0.0000000000
       68.1000000000        0.0000000000
       68.2000000000        0.0000000000
       68.3000000000        0.0000000000
       68.4000000000        0.0000000000
       68.5000000000        0.0000000000
       68.6000000000        0.0000000000
       68.7000000000        0.0000000000
       68.8000000000        0.0000000000
       68.9000000000        0.0000000000
       69.0000000000        0.0000000000
       69.1000000000        0.0000000000
       69.2000000000        0.0000000000
       69.3000000000        0.0000000000
       69.4000000000        0.0000000000
       69.5000000000        0.0000000000
       69.6000000000        0.0000000000
       69.7000000000        0.0000000000
       69.8000000000        0.0000000000
       69.9000000000        0.0000000000
       70.0000000000        0.0000000000
       70.1000000000        0.0000000000
       70.2000000000        0.0000000000
       70.3000000000        0.0000000000
       70.4000000000        0.0000000000
       70.5000000000        0.0000000000
       70.6000000000        0.0000000000
       70.7000000000        0.0000000000
       70.8000000000        0.0000000000
       70.9000000000        0.0000000000
       71.0000000000        0.0000000000
       71.1000000000        0.0000000000
       71.2000000000        0.0000000000
       71.3000000000        0.0000000000
       71.4000000000        0.0000000000
       71.5000000000        0.0000000000
       71.6000000000        0.0000000000
       71.7000000000        0.0000000000
       71.8000000000        0.0000000000
       71.9000000000        0.0000000000
       72.0000000000        0.0000000000
       72.1000000000        0.0000000000
       72.2000000000        0.0000000000
       72.3000000000        0.0000000000
       72.4000000000        0.0000000000
       72.5000000000        0.0000000000
       72.6000000000        0.0000000000
       72.7000000000        0.0000000000
       72.8000000000        0.0000000000
       72.9000000000        0.0000000000
       73.0000000000        0.0000000000
       73.1000000000        0.0000000000
       73.2000000000        0.0000000000
       73.3000000000        0.0000000000
       73.4000000000        0.0000000000
       73.5000000000        0.0000000000
       73.6000000000        0.0000000000
       73.7000000000        0.0000000000
       73.8000000000        0.0000000000
       73.9000000000        0.0000000000
       74.0000000000        0.0000000000
       74.1000000000        0.0000000000
       74.2000000000        0.0000000000
       74.3000000000        0.0000000000
       74.4000000000        0.0000000000
       74.5000000000        0.0000000000
       74.6000000000        0.0000000000
       74.7000000000        0.0000000000
       74.8000000000        0.0000000000
       74.9000000000        0.0000000000
       75.0000000000        0.0000000000
       75.1000000000        0.0000000000
       75.2000000000        0.0000000000
       75.3000000000        0.0000000000
       75.4000000000        0.0000000000
       75.5000000000        0.0000000000
       75.6000000000        0.0000000000
       75.7000000000        0.0000000000
       75.8000000000        0.0000000000
       75.9000000000        0.0000000000
       76.0000000000        0.0000000000
       76.1000000000        0.0000000000
       76.2000000000        0.0000000000
       76.3000000000        0.0000000000
       76.4000000000        0.0000000000
       76.5000000000        0.0000000000
       76.6000000000        0.0000000000
       76.7000000000        0.0000000000
       76.8000000000        0.0000000000
       76.9000000000        0.0000000000
       77.0000000000        0.0000000000
       77.1000000000        0.0000000000
       77.2000000000        0.0000000000
       77.3000000000        0.0000000000
       77.4000000000        0.0000000000
       77.5000000000        0.0000000000
       77.6000000000        0.0000000000
       77.7000000000        0.0000000000
       77.8000000000        0.0000000000
       77.9000000000        0.0000000000
       78.0000000000        0.0000000000
       78.1000000000        0.0000000000
       78.2000000000        0.0000000000
       78.3000000000        0.0000000000
       78.4000000000        0.0000000000
       78.5000000000        0.0000000000
       78.6000000000        0.0000000000
       78.7000000000        0.0000000000
       78.8000000000        0.0000000000
       78.9000000000        0.0000000000
       79.0000000000        0.0000000000
       79.1000000000        0.0000000000
       79.2000000000        0.0000000000
       79.3000000000        0.0000000000
       79.4000000000        0.0000000000
       79.5000000000        0.0000000000
       79.6000000000        0.0000000000
       79.7000000000        0.0000000000
       79.8000000000        0.0000000000
       79.9000000000        0.0000000000
       80.0000000000        0.0000000000
       80.1000000000        0.0000000000
       80.2000000000        0.0000000000
       80.3000000000        0.0000000000
       80.4000000000        0.0000000000
       80.5000000000        0.0000000000
       80.6000000000        0.0000000000
       80.7000000000        0.0000000000
       80.8000000000        0.0000000000
       80.9000000000        0.0000000000
       81.0000000000        0.0000000000
       81.1000000000        0.0000000000
       81.2000000000        0.0000000000
       81.3000000000        0.0000000000
       81.4000000000        0.0000000000
       81.5000000000        0.0000000000
       81.6000000000        0.0000000000
       81.7000000000        0.0000000000
       81.8000000000        0.0000000000
       81.9000000000        0.0000000000
       82.0000000000        0.0000000000
       82.1000000000        0.0000000000
       82.2000000000        0.0000000000
       82.3000000000        0.0000000000
       82.4000000000        0.0000000000
       82.5000000000        0.0000000000
       82.6000000000        0.0000000000
       82.7000000000        0.0000000000
       82.8000000000        0.0000000000
       82.9000000000        0.0000000000
       83.0000000000        0.0000000000
       83.1000000000        0.0000000000
       83.2000000000        0.0000000000
       83.3000000000        0.0000000000
       83.4000000000        0.0000000000
       83.5000000000        0.0000000000
       83.6000000000        0.0000000000
       83.7000000000        0.0000000000
       83.8000000000        0.0000000000
       83.9000000000        0.0000000000
       84.0000000000        0.0000000000
       84.1000000000        0.0000000000
       84.2000000000        0.0000000000
       84.3000000000        0.0000000000
       84.4000000000        0.0000000000
       84.5000000000        0.0000000000
       84.6000000000        0.0000000000
       84.7000000000        0.0000000000
       84.8000000000        0.0000000000
       84.9000000000        0.0000000000
       85.0000000000        0.0000000000
       85.1000000000        0.0000000000
       85.2000000000        0.0000000000
       85.3000000000        0.0000000000
       85.4000000000        0.0000000000
       85.5000000000        0.0000000001
       85.6000000000        0.0000000004
       85.7000000000        0.0000000013
       85.8000000000        0.0000000048
       85.9000000000        0.0000000170
       86.0000000000        0.0000000572
       86.1000000000        0.0000001852
       86.2000000000        0.0000005756
       86.3000000000        0.0000017193
       86.4000000000        0.0000049339
       86.5000000000        0.0000136043
       86.6000000000        0.0000360413
       86.7000000000        0.0000917415
       86.8000000000        0.0002243729
       86.9000000000        0.0005272476
       87.0000000000        0.0011904152
       87.1000000000        0.0025823910
       87.2000000000        0.0053825145
       87.3000000000        0.0107792390
       87.4000000000        0.0207410478
       87.5000000000        0.0383453746
       87.6000000000        0.0681137810
       87.7000000000        0.1162510037
       87.8000000000        0.1906330342
       87.9000000000        0.3003580959
       88.0000000000        0.4546950894
       88.1000000000        0.6613645774
       88.2000000000        0.9242752996
       88.3000000000        1.2410849760
       88.4000000000        1.6011847604
       88.5000000000        1.9848200555
       88.6000000000        2.3639625724
       88.7000000000        2.7052027571
       88.8000000000        2.9743962186
       88.9000000000        3.1422273596
       89.0000000000        3.1894530517
       89.1000000000        3.1105325701
       89.2000000000        2.9146979508
       89.3000000000        2.6241800888
       89.4000000000        2.2700640018
       89.5000000000        1.8868461172
       89.6000000000        1.5070166081
       89.7000000000        1.1568385169
       89.8000000000        0.8540384998
       89.9000000000        0.6075513622
       90.0000000000        0.4189698560
       90.1000000000        0.2850718264
       90.2000000000        0.2007548960
       90.3000000000        0.1618404234
       90.4000000000        0.1674045306
       90.5000000000        0.2214530548
       90.6000000000        0.3338235616
       90.7000000000        0.5201755822
       90.8000000000        0.8008765007
       90.9000000000        1.1985884378
       91.0000000000        1.7344869859
       91.1000000000        2.4233283732
       91.2000000000        3.2679897104
       91.3000000000        4.2545227145
       91.4000000000        5.3490178115
       91.5000000000        6.4975099831
       91.6000000000        7.6296841869
       91.7000000000        8.6663077052
       91.8000000000        9.5293317990
       91.9000000000       10.1527696065
       92.0000000000       10.4920718624
       92.1000000000       10.5299627045
       92.2000000000       10.2775320881
       92.3000000000        9.7705641392
       92.4000000000        9.0622386999
       92.5000000000        8.2141141798
       92.6000000000        7.2874685700
       92.7000000000        6.3366477175
       92.8000000000        5.4052541268
       92.9000000000        4.5251202456
       93.0000000000        3.7173394733
       93.1000000000        2.9943415035
       93.2000000000        2.3620956104
       93.3000000000        1.8218718437
       93.4000000000        1.3713964204
       93.5000000000        1.0055436217
       93.6000000000        0.7168346351
       93.7000000000        0.4959767176
       93.8000000000        0.3325460069
       93.9000000000        0.2157797307
       94.0000000000        0.1353590794
       94.1000000000        0.0820521579
       94.2000000000        0.0481315490
       94.3000000000        0.0275503689
       94.4000000000        0.0159232861
       94.5000000000        0.0103965234
       94.6000000000        0.0094993348
       94.7000000000        0.0130539351
       94.8000000000        0.0221888196
       94.9000000000        0.0394571754
       95.0000000000        0.0690106167
       95.1000000000        0.1167227233
       95.2000000000        0.1901066671
       95.3000000000        0.2978452502
       95.4000000000        0.4487753091
       95.5000000000        0.6502643709
       95.6000000000        0.9060908470
       95.7000000000        1.2141628149
       95.8000000000        1.5646198418
       95.9000000000        1.9389674403
       96.0000000000        2.3108114855
       96.1000000000        2.6484561605
       96.2000000000        2.9191517006
       96.3000000000        3.0942603486
       96.4000000000        3.1542304622
       96.5000000000        3.0921874147
       96.6000000000        2.9152299293
       96.7000000000        2.6430940439
       96.8000000000        2.3045321866
       96.9000000000        1.9323254182
       97.0000000000        1.5581220376
       97.1000000000        1.2082094323
       97.2000000000        0.9009440606
       97.3000000000        0.6460454752
       97.4000000000        0.4454842414
       97.5000000000        0.2953925230
       97.6000000000        0.1883467141
       97.7000000000        0.1154784997
       97.8000000000        0.0680803163
       97.9000000000        0.0385932957
       98.0000000000        0.0210360557
       98.1000000000        0.0110248060
       98.2000000000        0.0055555068
       98.3000000000        0.0026916230
       98.4000000000        0.0012538172
       98.5000000000        0.0005615330
       98.6000000000        0.0002417847
       98.7000000000        0.0001000890
       98.8000000000        0.0000398327
       98.9000000000        0.0000152398
       99.0000000000        0.0000056053
       99.1000000000        0.0000019819
       99.2000000000        0.0000006737
       99.3000000000        0.0000002201
       99.4000000000        0.0000000691
       99.5000000000        0.0000000209
       99.6000000000        0.0000000061
       99.7000000000        0.0000000017
       99.8000000000        0.0000000005
       99.9000000000        0.0000000001
      100.0000000000        0.0000000000
      100.1000000000        0.0000000000
      100.2000000000        0.0000000000
      100.3000000000        0.0000000000
      100.4000000000        0.0000000000
      100.5000000000        0.0000000000
      100.6000000000        0.0000000000
      100.7000000000        0.0000000000
      100.8000000000        0.0000000000
      100.9000000000        0.0000000000
      101.0000000000        0.0000000000
      101.1000000000        0.0000000000
      101.2000000000        0.0000000000
      101.3000000000        0.0000000000
      101.4000000000        0.0000000000
      101.5000000000        0.0000000000
      101.6000000000        0.0000000000
      101.7000000000        0.0000000000
      101.8000000000        0.0000000000
      101.9000000000        0.0000000000
      102.0000000000        0.0000000000
      102.1000000000        0.0000000000
      102.2000000000        0.0000000000
      102.3000000000        0.0000000000
      102.4000000000        0.0000000000
      102.5000000000        0.0000000000
      102.6000000000        0.0000000000
      102.7000000000        0.0000000000
      102.8000000000        0.0000000000
      102.9000000000        0.0000000000
      103.0000000000        0.0000000000
      103.1000000000        0.0000000000
      103.2000000000        0.0000000000
      103.3000000000        0.0000000000
      103.4000000000        0.0000000000
      103.5000000000        0.0000000000
      103.6000000000        0.0000000000
      103.7000000000        0.0000000000
      103.8000000000        0.0000000000
      103.9000000000        0.0000000000
      104.0000000000        0.0000000000
      104.1000000000        0.0000000000
      104.2000000000        0.0000000000
      104.3000000000        0.0000000000
      104.4000000000        0.0000000000
      104.5000000000        0.0000000000
      104.6000000000        0.0000000000
      104.7000000000        0.0000000000
      104.8000000000        0.0000000000
      104.9000000000        0.0000000000
      105.0000000000        0.0000000000
      105.1000000000        0.0000000000
      105.2000000000        0.0000000000
      105.3000000000        0.0000000000
      105.4000000000        0.0000000000
      105.5000000000        0.0000000000
      105.6000000000        0.0000000000
      105.7000000000        0.0000000000
      105.8000000000        0.0000000000
      105.9000000000        0.0000000000
      106.0000000000        0.0000000000
      106.1000000000        0.0000000000
      106.2000000000        0.0000000000
      106.3000000000        0.0000000000
      106.4000000000        0.0000000000
      106.5000000000        0.0000000000
      106.6000000000        0.0000000000
      106.7000000000        0.0000000000
      106.8000000000        0.0000000000
      106.9000000000        0.0000000000
      107.0000000000        0.0000000000
      107.1000000000        0.0000000000
      107.2000000000        0.0000000000
      107.3000000000        0.0000000000
      107.4000000000        0.0000000000
      107.5000000000        0.0000000000
      107.6000000000        0.0000000000
      107.7000000000        0.0000000000
      107.8000000000        0.0000000000
      107.9000000000        0.0000000000
      108.0000000000        0.0000000000
      108.1000000000        0.0000000000
      108.2000000000        0.0000000000
      108.3000000000        0.0000000000
      108.4000000000        0.0000000000
      108.5000000000        0.0000000000
      108.6000000000        0.0000000000
      108.7000000000        0.0000000000
      108.8000000000        0.0000000000
      108.9000000000        0.0000000000
      109.0000000000        0.0000000000
      109.1000000000        0.0000000000
      109.2000000000        0.0000000000
      109.3000000000        0.0000000000
      109.4000000000        0.0000000000
      109.5000000000        0.0000000000
      109.6000000000        0.0000000000
      109.7000000000        0.0000000000
      109.8000000000        0.0000000000
      109.9000000000        0.0000000000
      110.0000000000        0.0000000000
      110.1000000000        0.0000000000
      110.2000000000        0.0000000000
      110.3000000000        0.0000000000
      110.4000000000        0.0000000000
      110.5000000000        0.0000000000
      110.6000000000        0.0000000000
      110.7000000000        0.0000000000
      110.8000000000        0.0000000000
      110.9000000000        0.0000000000
      111.0000000000        0.0000000000
      111.1000000000        0.0000000000
      111.2000000000        0.0000000000
      111.3000000000        0.0000000000
      111.4000000000        0.0000000000
      111.5000000000        0.0000000000
      111.6000000000        0.0000000000
      111.7000000000        0.0000000000
      111.8000000000        0.0000000000
      111.9000000000        0.0000000000
      112.0000000000        0.0000000000
      112.1000000000        0.0000000000
      112.2000000000        0.0000000000
      112.3000000000        0.0000000000
      112.4000000000        0.0000000000
      112.5000000000        0.0000000000
      112.6000000000        0.0000000000
      112.7000000000        0.0000000000
      112.8000000000        0.0000000000
      112.9000000000        0.0000000000
      113.0000000000        0.0000000000
      113.1000000000        0.0000000000
      113.2000000000        0.0000000000
      113.3000000000        0.0000000000
      113.4000000000        0.0000000000
      113.5000000000        0.0000000000
      113.6000000000        0.0000000000
      113.7000000000        0.0000000000
      113.8000000000        0.0000000000
      113.9000000000        0.0000000000
      114.0000000000        0.0000000000
      114.1000000000        0.0000000000
      114.2000000000        0.0000000000
      114.3000000000        0.0000000000
      114.4000000000        0.0000000000
      114.5000000000        0.0000000000
      114.6000000000        0.0000000000
      114.7000000000        0.0000000000
      114.8000000000        0.0000000000
      114.9000000000        0.0000000000
      115.0000000000        0.0000000000
      115.1000000000        0.0000000000
      115.2000000000        0.0000000000
      115.3000000000        0.0000000000
      115.4000000000        0.0000000000
      115.5000000000        0.0000000000
      115.6000000000        0.0000000000
      115.7000000000        0.0000000000
      115.8000000000        0.0000000000
      115.9000000000        0.0000000000
      116.0000000000        0.0000000000
      116.1000000000        0.0000000000
      116.2000000000        0.0000000000
      116.3000000000        0.0000000000
      116.4000000000        0.0000000000
      116.5000000000        0.0000000000
      116.6000000000        0.0000000000
      116.7000000000        0.0000000000
      116.8000000000        0.0000000000
      116.9000000000        0.0000000000
      117.0000000000        0.0000000000
      117.1000000000        0.0000000000
      117.2000000000        0.0000000000
      117.3000000000        0.0000000000
      117.4000000000        0.0000000000
      117.5000000000        0.0000000000
      117.6000000000        0.0000000000
      117.7000000000        0.0000000000
      117.8000000000        0.0000000000
      117.9000000000        0.0000000000
      118.0000000000        0.0000000000
      118.1000000000        0.0000000000
      118.2000000000        0.0000000000
      118.3000000000        0.0000000000
      118.4000000000        0.0000000000
      118.5000000000        0.0000000000
      118.6000000000        0.0000000000
      118.7000000000        0.0000000000
      118.8000000000        0.0000000000
      118.9000000000        0.0000000000
      119.0000000000        0.0000000000
      119.1000000000        0.0000000000
      119.2000000000        0.0000000000
      119.3000000000        0.0000000000
      119.4000000000        0.0000000000
      119.5000000000        0.0000000000
      119.6000000000        0.0000000000
      119.7000000000        0.0000000000
      119.8000000000        0.0000000000
      119.9000000000        0.0000000000
      120.0000000000        0.0000000000
