# temperature   10.000000000000000
#    0.000271502686347   -0.070132860557766    6.788044425404339 -291.756023164481974 4699.093288277048487
  57.829999999999998    2.763026100000000
  58.750000000000000    2.594926000000000
  59.680000000000000    2.477982400000000
  60.619999999999997    2.399372000000000
  61.560000000000002    2.341886600000000
  62.520000000000003    2.317754100000000
  63.490000000000002    2.324872500000000
  64.459999999999994    2.353112400000000
  65.450000000000003    2.399407000000000
  66.450000000000003    2.486418700000000
  67.450000000000003    2.609371000000000
  68.469999999999999    2.771846900000000
  69.500000000000000    3.011064500000000
  70.530000000000001    3.341996500000000
  71.579999999999998    3.835500800000000
  72.640000000000001    4.555231000000000
  73.709999999999994    5.680826000000000
  74.790000000000006    6.726063800000000


# temperature   20.000000000000000
#    0.000285705536575   -0.072833251688306    6.975690969811445 -297.375784798201721 4763.878926352350391
  57.829999999999998    9.477483800000000
  58.750000000000000    9.574884000000001
  59.680000000000000    9.718774900000000
  60.619999999999997    9.906821799999999
  61.560000000000002   10.128650199999999
  62.520000000000003   10.405505000000000
  63.490000000000002   10.746224900000000
  64.459999999999994   11.139072499999999
  65.450000000000003   11.587109099999999
  66.450000000000003   12.126963699999999
  67.450000000000003   12.748423400000000
  68.469999999999999   13.458390899999999
  69.500000000000000   14.298603500000000
  70.530000000000001   15.253832700000000
  71.579999999999998   16.359118299999999
  72.640000000000001   17.599910999999999
  73.709999999999994   18.989806500000000
  74.790000000000006   19.764739700000000


# temperature   30.000000000000000
#    0.000209173177039   -0.052726018127869    5.011916202783241 -212.609932222114708 3401.663237374577875
  57.829999999999998   16.420634000000000
  58.750000000000000   16.851541800000000
  59.680000000000000   17.330662300000000
  60.619999999999997   17.856683000000000
  61.560000000000002   18.421008799999999
  62.520000000000003   19.039668400000000
  63.490000000000002   19.716445300000000
  64.459999999999994   20.439107300000000
  65.450000000000003   21.209208199999999
  66.450000000000003   22.049223999999999
  67.450000000000003   22.939311100000001
  68.469999999999999   23.886406900000001
  69.500000000000000   24.905981600000000
  70.530000000000001   25.969396799999998
  71.579999999999998   27.088131400000002
  72.640000000000001   28.228186500000000
  73.709999999999994   29.380360199999998
  74.790000000000006   29.771512300000001


# temperature   40.000000000000000
#    0.000150760865334   -0.037624498488311    3.555504313592239 -150.283040220415728 2406.281380060149331
  57.829999999999998   23.106603900000000
  58.750000000000000   23.725570900000001
  59.680000000000000   24.378102299999998
  60.619999999999997   25.061546499999999
  61.560000000000002   25.766895500000000
  62.520000000000003   26.504593900000000
  63.490000000000002   27.273736100000001
  64.459999999999994   28.063291599999999
  65.450000000000003   28.873906500000000
  66.450000000000003   29.718743600000000
  67.450000000000003   30.577863300000001
  68.469999999999999   31.459387199999998
  69.500000000000000   32.368155500000000
  70.530000000000001   33.279316899999998
  71.579999999999998   34.197730900000003
  72.640000000000001   35.089444299999997
  73.709999999999994   35.945150400000003
  74.790000000000006   35.997319200000000


# temperature   50.000000000000000
#    0.000107462791237   -0.026452524790023    2.477521596678035 -104.009872465655079 1664.769530963060561
  57.829999999999998   28.738870599999998
  58.750000000000000   29.395090100000001
  59.680000000000000   30.068000699999999
  60.619999999999997   30.754814499999998
  61.560000000000002   31.447431600000002
  62.520000000000003   32.153355599999998
  63.490000000000002   32.870289200000002
  64.459999999999994   33.589703700000001
  65.450000000000003   34.312635200000003
  66.450000000000003   35.047808199999999
  67.450000000000003   35.778823199999998
  68.469999999999999   36.514091299999997
  69.500000000000000   37.255087699999997
  70.530000000000001   37.982865900000000
  71.579999999999998   38.699225200000001
  72.640000000000001   39.371997800000003
  73.709999999999994   39.993332600000002
  74.790000000000006   39.799341900000002


# temperature   60.000000000000000
#    0.000072651621949   -0.017450383479660    1.605751164025619  -66.416798394455284 1060.181492552382451
  57.829999999999998   33.129220699999998
  58.750000000000000   33.744713699999998
  59.680000000000000   34.365204700000000
  60.619999999999997   34.988466299999999
  61.560000000000002   35.607838200000003
  62.520000000000003   36.229270900000003
  63.490000000000002   36.850446099999999
  64.459999999999994   37.465097100000001
  65.450000000000003   38.074730299999999
  66.450000000000003   38.685683599999997
  67.450000000000003   39.285146200000000
  68.469999999999999   39.880977999999999
  69.500000000000000   40.473583200000000
  70.530000000000001   41.048686500000002
  71.579999999999998   41.605946199999998
  72.640000000000001   42.114432899999997
  73.709999999999994   42.567236100000002
  74.790000000000006   42.202386300000001


# temperature   70.000000000000000
#    0.000043219516481   -0.009822251848882    0.864960075600086  -34.381061178817816  544.237406261522096
  57.829999999999998   36.456185800000000
  58.750000000000000   37.004133600000003
  59.680000000000000   37.550351800000001
  60.619999999999997   38.093272800000001
  61.560000000000002   38.627573400000003
  62.520000000000003   39.158222400000000
  63.490000000000002   39.683223099999999
  64.459999999999994   40.197979199999999
  65.450000000000003   40.704259999999998
  66.450000000000003   41.206895600000003
  67.450000000000003   41.695929300000003
  68.469999999999999   42.178336100000003
  69.500000000000000   42.654167899999997
  70.530000000000001   43.112485700000001
  71.579999999999998   43.551284400000000
  72.640000000000001   43.940361000000003
  73.709999999999994   44.273313199999997
  74.790000000000006   43.789186800000003


# temperature   80.000000000000000
#    0.000017628363618   -0.003179913642703    0.218856184529998   -6.403775503415984   93.697825032815189
  57.829999999999998   38.969715700000002
  58.750000000000000   39.447267500000002
  59.680000000000000   39.919608099999998
  60.619999999999997   40.385722500000000
  61.560000000000002   40.841355299999996
  62.520000000000003   41.290755799999999
  63.490000000000002   41.732262200000001
  64.459999999999994   42.162445499999997
  65.450000000000003   42.583165999999999
  66.450000000000003   42.998194300000002
  67.450000000000003   43.399719200000000
  68.469999999999999   43.793791499999998
  69.500000000000000   44.180348299999999
  70.530000000000001   44.550814799999998
  71.579999999999998   44.901877100000000
  72.640000000000001   45.203749799999997
  73.709999999999994   45.450295900000000
  74.790000000000006   44.881121499999999


# temperature   90.000000000000000
#   -0.000005023834446    0.002704506330276   -0.353989155036347   18.411306122335588 -305.592092722431630
  57.829999999999998   40.884486699999997
  58.750000000000000   41.297860100000001
  59.680000000000000   41.704419799999997
  60.619999999999997   42.103568199999998
  61.560000000000002   42.491862400000002
  62.520000000000003   42.872982499999999
  63.490000000000002   43.245539100000002
  64.459999999999994   43.606915600000001
  65.450000000000003   43.958961899999998
  66.450000000000003   44.304659000000001
  67.450000000000003   44.637798799999999
  68.469999999999999   44.963587699999998
  69.500000000000000   45.281930600000003
  70.530000000000001   45.585956199999998
  71.579999999999998   45.871318400000000
  72.640000000000001   46.108475599999998
  73.709999999999994   46.291428000000003
  74.790000000000006   45.660105299999998


# temperature  100.000000000000000
#   -0.000025337024937    0.007983629040651   -0.868086094492043   40.680288050011988 -663.526312244569112
  57.829999999999998   42.361969299999998
  58.750000000000000   42.719845599999999
  59.680000000000000   43.070337299999998
  60.619999999999997   43.413151700000000
  61.560000000000002   43.745458100000000
  62.520000000000003   44.070471900000001
  63.490000000000002   44.387010199999999
  64.459999999999994   44.693029299999999
  65.450000000000003   44.990318600000002
  66.450000000000003   45.281250100000001
  67.450000000000003   45.560826100000000
  68.469999999999999   45.833522100000003
  69.500000000000000   46.099239799999999
  70.530000000000001   46.352364100000003
  71.579999999999998   46.587730100000002
  72.640000000000001   46.775942499999999
  73.709999999999994   46.911070799999997
  74.790000000000006   46.233239900000001


# temperature  110.000000000000000
#   -0.000043741046031    0.012767572054649   -1.334003203046578   60.856938894694572 -987.466507210326654
  57.829999999999998   43.518352299999997
  58.750000000000000   43.829275500000001
  59.680000000000000   44.132789899999999
  60.619999999999997   44.428824100000000
  61.560000000000002   44.715011500000003
  62.520000000000003   44.994182100000003
  63.490000000000002   45.265307300000003
  64.459999999999994   45.526755600000001
  65.450000000000003   45.780235099999999
  66.450000000000003   46.027637300000002
  67.450000000000003   46.264892799999998
  68.469999999999999   46.495858499999997
  69.500000000000000   46.720443000000003
  70.530000000000001   46.933978400000001
  71.579999999999998   47.130645899999998
  72.640000000000001   47.281140000000001
  73.709999999999994   47.379562900000003
  74.790000000000006   46.666162300000003


# temperature  120.000000000000000
#   -0.000060557583393    0.017139192244546   -1.759745803034286   79.287390258316336 -1283.057181358995877
  57.829999999999998   44.436312999999998
  58.750000000000000   44.707818000000003
  59.680000000000000   44.972166899999998
  60.619999999999997   45.229450100000001
  61.560000000000002   45.477656699999997
  62.520000000000003   45.719295500000001
  63.490000000000002   45.953452300000002
  64.459999999999994   46.178799400000003
  65.450000000000003   46.396958200000000
  66.450000000000003   46.609434800000002
  67.450000000000003   46.812883300000003
  68.469999999999999   47.010641700000001
  69.500000000000000   47.202627999999997
  70.530000000000001   47.384903999999999
  71.579999999999998   47.551123599999997
  72.640000000000001   47.672037400000001
  73.709999999999994   47.741761199999999
  74.790000000000006   47.000622300000003


# temperature  130.000000000000000
#   -0.000076034309202    0.021162524177388   -2.151527698331497   96.241417784413755 -1554.706906093092584
  57.829999999999998   45.174866500000000
  58.750000000000000   45.413304400000001
  59.680000000000000   45.644967800000003
  60.619999999999997   45.870066600000001
  61.560000000000002   46.086866999999998
  62.520000000000003   46.297607599999999
  63.490000000000002   46.501460600000001
  64.459999999999994   46.697326900000000
  65.450000000000003   46.886743099999997
  66.450000000000003   47.070902300000000
  67.450000000000003   47.247031600000000
  68.469999999999999   47.418033800000003
  69.500000000000000   47.583836499999997
  70.530000000000001   47.741074200000000
  71.579999999999998   47.882971599999998
  72.640000000000001   47.980314800000002
  73.709999999999994   48.027222700000003
  74.790000000000006   47.264075900000002


# temperature  140.000000000000000
#   -0.000090366070405    0.024888073373140   -2.514263418358978  111.932871010141966 -1805.911548655863953
  57.829999999999998   45.776539600000000
  58.750000000000000   45.987160299999999
  59.680000000000000   46.191436899999999
  60.619999999999997   46.389668600000000
  61.560000000000002   46.580340300000003
  62.520000000000003   46.765462599999999
  63.490000000000002   46.944273600000002
  64.459999999999994   47.115849300000001
  65.450000000000003   47.281647800000002
  66.450000000000003   47.442604500000002
  67.450000000000003   47.596407399999997
  68.469999999999999   47.745592899999998
  69.500000000000000   47.890097500000003
  70.530000000000001   48.027013300000000
  71.579999999999998   48.149211399999999
  72.640000000000001   48.227500999999997
  73.709999999999994   48.255998599999998
  74.790000000000006   47.475121000000001


# temperature  150.000000000000000
#   -0.000103708695873    0.028356299990680   -2.851896752726876  126.533553704886202 -2039.477969502831002
  57.829999999999998   46.272354900000003
  58.750000000000000   46.459466900000002
  59.680000000000000   46.640670700000001
  60.619999999999997   46.816333600000000
  61.560000000000002   46.985115700000001
  62.520000000000003   47.148833799999998
  63.490000000000002   47.306776999999997
  64.459999999999994   47.458158300000001
  65.450000000000003   47.604364300000000
  66.450000000000003   47.746116000000001
  67.450000000000003   47.881476999999997
  68.469999999999999   48.012674500000003
  69.500000000000000   48.139652400000003
  70.530000000000001   48.259873700000000
  71.579999999999998   48.365915999999999
  72.640000000000001   48.428603500000001
  73.709999999999994   48.442047199999998
  74.790000000000006   47.646689600000002


# temperature  160.000000000000000
#   -0.000116188647314    0.031600075727868   -3.167635120626897  140.183253587647755 -2257.687462454714932
  57.829999999999998   46.685243300000003
  58.750000000000000   46.852378500000000
  59.680000000000000   47.014025300000000
  60.619999999999997   47.170603200000002
  61.560000000000002   47.320914700000003
  62.520000000000003   47.466611000000000
  63.490000000000002   47.607021199999998
  64.459999999999994   47.741467000000000
  65.450000000000003   47.871271000000000
  66.450000000000003   47.996974299999998
  67.450000000000003   48.116950199999998
  68.469999999999999   48.233163099999999
  69.500000000000000   48.345563499999997
  70.530000000000001   48.451918999999997
  71.579999999999998   48.544561000000002
  72.640000000000001   48.594323600000003
  73.709999999999994   48.595311000000002
  74.790000000000006   47.787984000000002


# temperature  170.000000000000000
#   -0.000127909967777    0.034646463844643   -3.464120672950060  152.997122450099283 -2462.416697973528699
  57.829999999999998   47.032380300000000
  58.750000000000000   47.182441099999998
  59.680000000000000   47.327406300000000
  60.619999999999997   47.467736600000002
  61.560000000000002   47.602351300000002
  62.520000000000003   47.732759399999999
  63.490000000000002   47.858321599999996
  64.459999999999994   47.978447799999998
  65.450000000000003   48.094402899999999
  66.450000000000003   48.206575999999998
  67.450000000000003   48.313598599999999
  68.469999999999999   48.417210599999997
  69.500000000000000   48.517368099999999
  70.530000000000001   48.612091599999999
  71.579999999999998   48.693504799999999
  72.640000000000001   48.732447999999998
  73.709999999999994   48.723018199999999
  74.790000000000006   47.905689400000000


# temperature  180.000000000000000
#   -0.000138959043503    0.037517944559004   -3.743548745438589  165.070817492743771 -2655.222401095881651
  57.829999999999998   47.326796799999997
  58.750000000000000   47.462177799999999
  59.680000000000000   47.592825400000002
  60.619999999999997   47.719232699999999
  61.560000000000002   47.840416099999999
  62.520000000000003   47.957761699999999
  63.490000000000002   48.070655899999998
  64.459999999999994   48.178580199999999
  65.450000000000003   48.282748699999999
  66.450000000000003   48.383420700000002
  67.450000000000003   48.479444800000003
  68.469999999999999   48.572368300000001
  69.500000000000000   48.662151999999999
  70.530000000000001   48.747028800000002
  71.579999999999998   48.818945300000003
  72.640000000000001   48.848745899999997
  73.709999999999994   48.830520300000003
  74.790000000000006   48.004752300000000


# temperature  190.000000000000000
#   -0.000149408492989    0.040233420978982   -4.007765589611046  176.484757515022039 -2837.411450462546327
  57.829999999999998   47.578500200000001
  58.750000000000000   47.701187599999997
  59.680000000000000   47.819472300000001
  60.619999999999997   47.933873400000003
  61.560000000000002   48.043488799999999
  62.520000000000003   48.149598099999999
  63.490000000000002   48.251608200000000
  64.459999999999994   48.349060199999997
  65.450000000000003   48.443122899999999
  66.450000000000003   48.533943999999998
  67.450000000000003   48.620556800000003
  68.469999999999999   48.704341800000002
  69.500000000000000   48.785263899999997
  70.530000000000001   48.861736200000003
  71.579999999999998   48.925553299999997
  72.640000000000001   48.947561899999997
  73.709999999999994   48.921844900000004
  74.790000000000006   48.088893499999998


# temperature  200.000000000000000
#   -0.000159319860519    0.042808915718198   -4.258336083350821  187.307074610381790 -3010.089499033548236
  57.829999999999998   47.795265200000003
  58.750000000000000   47.906915400000003
  59.680000000000000   48.014463300000003
  60.619999999999997   48.118449200000001
  61.560000000000002   48.218040100000003
  62.520000000000003   48.314422200000003
  63.490000000000002   48.407019800000000
  64.459999999999994   48.495423700000003
  65.450000000000003   48.580762200000002
  66.450000000000003   48.663086499999999
  67.450000000000003   48.741588299999997
  68.469999999999999   48.817503199999997
  69.500000000000000   48.890799199999996
  70.530000000000001   48.960043800000001
  71.579999999999998   49.016900000000000
  72.640000000000001   49.032216200000001
  73.709999999999994   49.000068499999998
  74.790000000000006   48.160953700000000


# temperature  210.000000000000000
#   -0.000168745639469    0.045258094406326   -4.496594636478879  197.595833095246888 -3174.197461378387743
  57.829999999999998   47.983196999999997
  58.750000000000000   48.085199400000000
  59.680000000000000   48.183371800000003
  60.619999999999997   48.278271699999998
  61.560000000000002   48.369124999999997
  62.520000000000003   48.457036500000001
  63.490000000000002   48.541444499999997
  64.459999999999994   48.621981900000002
  65.450000000000003   48.699741099999997
  66.450000000000003   48.774689299999999
  67.450000000000003   48.846154700000000
  68.469999999999999   48.915246099999997
  69.500000000000000   48.981934699999996
  70.530000000000001   49.044920599999998
  71.579999999999998   49.095752599999997
  72.640000000000001   49.105279899999999
  73.709999999999994   49.067572300000002
  74.790000000000006   48.223131000000002


# temperature  220.000000000000000
#   -0.000177731125373    0.047592750505748   -4.723692837032796  207.401123826873288 -3330.546141737371727
  57.829999999999998   48.147138400000003
  58.750000000000000   48.240665100000001
  59.680000000000000   48.330608200000000
  60.619999999999997   48.417539599999998
  61.560000000000002   48.500735900000002
  62.520000000000003   48.581229800000003
  63.490000000000002   48.658471900000002
  64.459999999999994   48.732130699999999
  65.450000000000003   48.803266499999999
  66.450000000000003   48.871772999999997
  67.450000000000003   48.937096900000000
  68.469999999999999   49.000236000000001
  69.500000000000000   49.061163899999997
  70.530000000000001   49.118695799999998
  71.579999999999998   49.164280699999999
  72.640000000000001   49.168768200000002
  73.709999999999994   49.126222200000001
  74.790000000000006   48.277147300000003


# temperature  230.000000000000000
#   -0.000186315627727    0.049823118152511   -4.940629793598437  216.766381866077296 -3479.837753564202558
  57.829999999999998   48.290966900000001
  58.750000000000000   48.377012299999997
  59.680000000000000   48.459696999999998
  60.619999999999997   48.539605100000003
  61.560000000000002   48.616057099999999
  62.520000000000003   48.690022200000001
  63.490000000000002   48.760960799999999
  64.459999999999994   48.828572500000000
  65.450000000000003   48.893888699999998
  66.450000000000003   48.956738299999998
  67.450000000000003   49.016671899999999
  68.469999999999999   49.074588900000002
  69.500000000000000   49.130465299999997
  70.530000000000001   49.183216799999997
  71.579999999999998   49.224204700000001
  72.640000000000001   49.224278300000002
  73.709999999999994   49.177496400000003
  74.790000000000006   48.324366200000000


# temperature  240.000000000000000
#   -0.000194533314212    0.051958091683025   -5.148273600713448  225.729327068946532 -3622.681407428557122
  57.829999999999998   48.417814399999997
  58.750000000000000   48.497226499999996
  59.680000000000000   48.573480000000004
  60.619999999999997   48.647168999999998
  61.560000000000002   48.717652500000000
  62.520000000000003   48.785843000000000
  63.490000000000002   48.851209599999997
  64.459999999999994   48.913478499999997
  65.450000000000003   48.973655299999997
  66.450000000000003   49.031511899999998
  67.450000000000003   49.086689700000001
  68.469999999999999   49.140001300000002
  69.500000000000000   49.191424699999999
  70.530000000000001   49.239963600000003
  71.579999999999998   49.276902000000000
  72.640000000000001   49.273088799999996
  73.709999999999994   49.222577999999999
  74.790000000000006   48.365878799999997


# temperature  250.000000000000000
#   -0.000202414225304    0.054005490575703   -5.347387305777934  234.323100020294987 -3759.611738471965964
  57.829999999999998   48.530231399999998
  58.750000000000000   48.603737199999998
  59.680000000000000   48.674267800000003
  60.619999999999997   48.742425699999998
  61.560000000000002   48.807603600000000
  62.520000000000003   48.870663600000000
  63.490000000000002   48.931082199999999
  64.459999999999994   48.988608700000000
  65.450000000000003   49.044225599999997
  66.450000000000003   49.097653899999997
  67.450000000000003   49.148615700000001
  68.469999999999999   49.197845800000003
  69.500000000000000   49.245324300000000
  70.530000000000001   49.290132700000001
  71.579999999999998   49.323486000000003
  72.640000000000001   49.316232900000003
  73.709999999999994   49.262422800000003
  74.790000000000006   48.402566600000000


# temperature  260.000000000000000
#   -0.000209984906705    0.055972224957853   -5.538645175481469  242.576976440872784 -3891.100658570666837
  57.829999999999998   48.630310299999998
  58.750000000000000   48.698536500000003
  59.680000000000000   48.763953800000003
  60.619999999999997   48.827172300000001
  61.560000000000002   48.887614399999997
  62.520000000000003   48.946096799999999
  63.490000000000002   49.002102499999999
  64.459999999999994   49.055401300000000
  65.450000000000003   49.106954700000003
  66.450000000000003   49.156438299999998
  67.450000000000003   49.203645600000002
  68.469999999999999   49.249242400000000
  69.500000000000000   49.293210100000003
  70.530000000000001   49.334699499999999
  71.579999999999998   49.364864300000001
  72.640000000000001   49.354552400000003
  73.709999999999994   49.297809399999998
  74.790000000000006   48.435147299999997


# temperature  270.000000000000000
#   -0.000217268850597    0.057864408403553   -5.722643527509887  250.516832581044696 -4017.564842159601085
  57.829999999999998   48.719780600000000
  58.750000000000000   48.783269500000003
  59.680000000000000   48.844101000000002
  60.619999999999997   48.902891400000001
  61.560000000000002   48.959089599999999
  62.520000000000003   49.013471699999997
  63.490000000000002   49.065526200000001
  64.459999999999994   49.115040800000003
  65.450000000000003   49.162958099999997
  66.450000000000003   49.208913099999997
  67.450000000000003   49.252763100000003
  68.469999999999999   49.295111800000001
  69.500000000000000   49.335941900000002
  70.530000000000001   49.374465899999997
  71.579999999999998   49.401782500000003
  72.640000000000001   49.388739000000001
  73.709999999999994   49.329377299999997
  74.790000000000006   48.464210500000000


# temperature  280.000000000000000
#   -0.000224286979614    0.059687485554521   -5.899913358437181  258.165702485994757 -4139.374919038286862
  57.829999999999998   48.800080999999999
  58.750000000000000   48.859304100000003
  59.680000000000000   48.916008200000000
  60.619999999999997   48.970814500000003
  61.560000000000002   49.023195899999997
  62.520000000000003   49.073891300000000
  63.490000000000002   49.122394600000000
  64.459999999999994   49.168509100000001
  65.450000000000003   49.213160500000001
  66.450000000000003   49.255946899999998
  67.450000000000003   49.296783200000000
  68.469999999999999   49.336216700000001
  69.500000000000000   49.374231600000002
  70.530000000000001   49.410095499999997
  71.579999999999998   49.434857700000002
  72.640000000000001   49.419364999999999
  73.709999999999994   49.357655700000002
  74.790000000000006   48.490243800000002


# temperature  290.000000000000000
#   -0.000231057944433    0.061446309648703   -6.070927936313027  265.544110550055620 -4256.860919153662508
  57.829999999999998   48.872415599999997
  58.750000000000000   48.927785100000001
  59.680000000000000   48.980761500000000
  60.619999999999997   49.031971100000000
  61.560000000000002   49.080907699999997
  62.520000000000003   49.128277099999998
  63.490000000000002   49.173577399999999
  64.459999999999994   49.216626200000000
  65.450000000000003   49.258333499999999
  66.450000000000003   49.298264500000002
  67.450000000000003   49.336385300000003
  68.469999999999999   49.373193000000001
  69.500000000000000   49.408672600000003
  70.530000000000001   49.442141300000003
  71.579999999999998   49.464604100000003
  72.640000000000001   49.446907000000003
  73.709999999999994   49.383085199999996
  74.790000000000006   48.513653400000003


# temperature  300.000000000000000
#   -0.000237598690835    0.063145289883256   -6.236117141705000  272.670691957126792 -4370.322296977392398
  57.829999999999998   48.937798500000000
  58.750000000000000   48.989675499999997
  59.680000000000000   49.039274800000001
  60.619999999999997   49.087226999999999
  61.560000000000002   49.133044599999998
  62.520000000000003   49.177403400000003
  63.490000000000002   49.219805299999997
  64.459999999999994   49.260080600000002
  65.450000000000003   49.299124900000002
  66.450000000000003   49.336473900000001
  67.450000000000003   49.372139900000001
  68.469999999999999   49.406574100000000
  69.500000000000000   49.439762600000002
  70.530000000000001   49.471067300000001
  71.579999999999998   49.491453000000000
  72.640000000000001   49.471764800000003
  73.709999999999994   49.406035299999999
  74.790000000000006   48.534779600000000


# temperature  310.000000000000000
#   -0.000243924293297    0.064788347751606   -6.395863211019432  279.562010734398143 -4480.025017083724379
  57.829999999999998   48.997088300000001
  58.750000000000000   49.045790699999998
  59.680000000000000   49.092321400000003
  60.619999999999997   49.137314400000001
  61.560000000000002   49.180299300000001
  62.520000000000003   49.221924600000001
  63.490000000000002   49.261695500000002
  64.459999999999994   49.299453800000002
  65.450000000000003   49.336082099999999
  66.450000000000003   49.371088800000003
  67.450000000000003   49.404528399999997
  68.469999999999999   49.436810299999998
  69.500000000000000   49.467921699999998
  70.530000000000001   49.497264899999998
  71.579999999999998   49.515767900000000
  72.640000000000001   49.494275500000001
  73.709999999999994   49.426817600000000
  74.790000000000006   48.553909599999997


# temperature  320.000000000000000
#   -0.000250048466170    0.066379051295472   -6.550513939018968  286.233136547376432 -4586.210965399381166
  57.829999999999998   49.051015499999998
  58.750000000000000   49.096824400000003
  59.680000000000000   49.140558700000000
  60.619999999999997   49.182855799999999
  61.560000000000002   49.223260699999997
  62.520000000000003   49.262396899999999
  63.490000000000002   49.299772599999997
  64.459999999999994   49.335239899999998
  65.450000000000003   49.369669399999999
  66.450000000000003   49.402545099999998
  67.450000000000003   49.433959299999998
  68.469999999999999   49.464283700000003
  69.500000000000000   49.493506199999999
  70.530000000000001   49.521065800000002
  71.579999999999998   49.537857400000000
  72.640000000000001   49.514725100000000
  73.709999999999994   49.445696300000002
  74.790000000000006   48.571286700000002


# temperature  330.000000000000000
#   -0.000255983677255    0.067920643410936   -6.700385322749857  292.697754920597390 -4689.099651315706978
  57.829999999999998   49.100204900000001
  58.750000000000000   49.143369300000003
  59.680000000000000   49.184548599999999
  60.619999999999997   49.224383000000003
  61.560000000000002   49.262431700000000
  62.520000000000003   49.299295100000002
  63.490000000000002   49.334484199999999
  64.459999999999994   49.367860399999998
  65.450000000000003   49.400283500000000
  66.450000000000003   49.431214799999999
  67.450000000000003   49.460781400000002
  68.469999999999999   49.489320300000003
  69.500000000000000   49.516820099999997
  70.530000000000001   49.542753400000002
  71.579999999999998   49.557984599999997
  72.640000000000001   49.533357299999999
  73.709999999999994   49.462896499999999
  74.790000000000006   48.587118500000003


# temperature  340.000000000000000
#   -0.000261741232212    0.069416064733988   -6.845763894463707  298.968273549641651 -4788.890006885730145
  57.829999999999998   49.145193399999997
  58.750000000000000   49.185934899999999
  59.680000000000000   49.224773700000000
  60.619999999999997   49.262352800000002
  61.560000000000002   49.298243999999997
  62.520000000000003   49.333026699999998
  63.490000000000002   49.366214499999998
  64.459999999999994   49.397677100000003
  65.450000000000003   49.428264300000002
  66.450000000000003   49.457416700000003
  67.450000000000003   49.485293300000002
  68.469999999999999   49.512199199999998
  69.500000000000000   49.538123800000001
  70.530000000000001   49.562570100000002
  71.579999999999998   49.576374800000004
  72.640000000000001   49.550380799999999
  73.709999999999994   49.478611200000003
  74.790000000000006   48.601582499999999


# temperature  350.000000000000000
#   -0.000267331436089    0.070867995292259   -6.986910746071044  305.055995313108042 -4885.763156337713554
  57.829999999999998   49.186444100000003
  58.750000000000000   49.224960299999999
  59.680000000000000   49.261650199999998
  60.619999999999997   49.297158799999998
  61.560000000000002   49.331069700000000
  62.520000000000003   49.363942899999998
  63.490000000000002   49.395294399999997
  64.459999999999994   49.425001399999999
  65.450000000000003   49.453904600000001
  66.450000000000003   49.481425600000001
  67.450000000000003   49.507752400000001
  68.469999999999999   49.533161000000000
  69.500000000000000   49.557641500000003
  70.530000000000001   49.580724600000003
  71.579999999999998   49.593221800000002
  72.640000000000001   49.565975399999999
  73.709999999999994   49.493006500000000
  74.790000000000006   48.614831600000002


# temperature  360.000000000000000
#   -0.000272763767776    0.072278900244496   -7.124066020566765  310.971314280002673 -4979.885603080119836
  57.829999999999998   49.224358299999999
  58.750000000000000   49.260826299999998
  59.680000000000000   49.295538399999998
  60.619999999999997   49.329141900000003
  61.560000000000002   49.361230900000002
  62.520000000000003   49.392347800000003
  63.490000000000002   49.422010299999997
  64.459999999999994   49.450102999999999
  65.450000000000003   49.477457800000003
  66.450000000000003   49.503478999999999
  67.450000000000003   49.528381299999999
  68.469999999999999   49.552413799999997
  69.500000000000000   49.575566999999999
  70.530000000000001   49.597397600000001
  71.579999999999998   49.608693500000001
  72.640000000000001   49.580296400000002
  73.709999999999994   49.506225700000002
  74.790000000000006   48.626998200000003


# temperature  370.000000000000000
#   -0.000278046890080    0.073651032129245   -7.257449101994554  316.723723223281297 -5071.409331732879764
  57.829999999999998   49.259285100000000
  58.750000000000000   49.293863700000003
  59.680000000000000   49.326751799999997
  60.619999999999997   49.358598399999998
  61.560000000000002   49.389007599999999
  62.520000000000003   49.418505300000000
  63.490000000000002   49.446611099999998
  64.459999999999994   49.473216000000001
  65.450000000000003   49.499144000000001
  66.450000000000003   49.523783299999998
  67.450000000000003   49.547373100000002
  68.469999999999999   49.570137899999999
  69.500000000000000   49.592068699999999
  70.530000000000001   49.612745699999998
  71.579999999999998   49.622935300000002
  72.640000000000001   49.593478699999999
  73.709999999999994   49.518393500000002
  74.790000000000006   48.638196700000002


# temperature  380.000000000000000
#   -0.000283188798692    0.074986470267303   -7.387262520666045  322.321985650189788 -5160.474633831458050
  57.829999999999998   49.291529199999999
  58.750000000000000   49.324361400000001
  59.680000000000000   49.355563600000004
  60.619999999999997   49.385786799999998
  61.560000000000002   49.414644000000003
  62.520000000000003   49.442645900000002
  63.490000000000002   49.469313800000002
  64.459999999999994   49.494544599999998
  65.450000000000003   49.519154899999997
  66.450000000000003   49.542518200000004
  67.450000000000003   49.564896300000001
  68.469999999999999   49.586490800000000
  69.500000000000000   49.607293200000001
  70.530000000000001   49.626905499999999
  71.579999999999998   49.636074000000001
  72.640000000000001   49.605639600000003
  73.709999999999994   49.529618300000003
  74.790000000000006   48.648527199999997


# temperature  390.000000000000000
#   -0.000288196885809    0.076287136771235   -7.513693459400809  327.774198749511925 -5247.211080039968692
  57.829999999999998   49.321357700000000
  58.750000000000000   49.352572299999999
  59.680000000000000   49.382213499999999
  60.619999999999997   49.410933600000000
  61.560000000000002   49.438353900000003
  62.520000000000003   49.464971200000001
  63.490000000000002   49.490308400000004
  64.459999999999994   49.514267500000003
  65.450000000000003   49.537658499999999
  66.450000000000003   49.559841200000001
  67.450000000000003   49.581098300000001
  68.469999999999999   49.601610200000003
  69.500000000000000   49.621368799999999
  70.530000000000001   49.639996300000000
  71.579999999999998   49.648220500000001
  72.640000000000001   49.616881900000003
  73.709999999999994   49.539994999999998
  74.790000000000006   48.658076999999999


# temperature  400.000000000000000
#   -0.000293077871327    0.077554778168391   -7.636911921194221  333.087712666832999 -5331.736181801125895
  57.829999999999998   49.349005099999999
  58.750000000000000   49.378718900000003
  59.680000000000000   49.406911800000003
  60.619999999999997   49.434237600000003
  61.560000000000002   49.460325200000000
  62.520000000000003   49.485658500000000
  63.490000000000002   49.509761500000003
  64.459999999999994   49.532541500000001
  65.450000000000003   49.554802199999997
  66.450000000000003   49.575890500000000
  67.450000000000003   49.596108399999999
  68.469999999999999   49.615616899999999
  69.500000000000000   49.634408200000003
  70.530000000000001   49.652123000000003
  71.579999999999998   49.659472200000003
  72.640000000000001   49.627295699999998
  73.709999999999994   49.549606799999999
  74.790000000000006   48.666922700000001


# temperature  410.000000000000000
#   -0.000297838104784    0.078791046024450   -7.757078787093350  338.269487838724956 -5414.161312287583314
  57.829999999999998   49.374678500000002
  58.750000000000000   49.402997200000001
  59.680000000000000   49.429844099999997
  60.619999999999997   49.455874199999997
  61.560000000000002   49.480723500000003
  62.520000000000003   49.504863700000001
  63.490000000000002   49.527820300000002
  64.459999999999994   49.549505099999998
  65.450000000000003   49.570715800000002
  66.450000000000003   49.590787599999999
  67.450000000000003   49.610040599999998
  68.469999999999999   49.628617300000002
  69.500000000000000   49.646510300000003
  70.530000000000001   49.663377900000000
  71.579999999999998   49.669914700000000
  72.640000000000001   49.636960400000000
  73.709999999999994   49.558526999999998
  74.790000000000006   48.675131800000003


# temperature  420.000000000000000
#   -0.000302483406950    0.079997453240722   -7.874341314656434  343.325889882912179 -5494.588207954169775
  57.829999999999998   49.398560799999998
  58.750000000000000   49.425580699999998
  59.680000000000000   49.451174399999999
  60.619999999999997   49.475998300000001
  61.560000000000002   49.499695000000003
  62.520000000000003   49.522724900000000
  63.490000000000002   49.544614500000002
  64.459999999999994   49.565280199999997
  65.450000000000003   49.585514000000003
  66.450000000000003   49.604640099999997
  67.450000000000003   49.622995400000001
  68.469999999999999   49.640705400000002
  69.500000000000000   49.657763000000003
  70.530000000000001   49.673842399999998
  71.579999999999998   49.679623700000000
  72.640000000000001   49.645946100000003
  73.709999999999994   49.566820399999997
  74.790000000000006   48.682763899999998


# temperature  430.000000000000000
#   -0.000307019224481    0.081175415483665   -7.988837291965103  348.262874431603620 -5573.112038935470082
  57.829999999999998   49.420814499999999
  58.750000000000000   49.446622900000001
  59.680000000000000   49.471048099999997
  60.619999999999997   49.494747400000001
  61.560000000000002   49.517369500000001
  62.520000000000003   49.539364300000003
  63.490000000000002   49.560259500000001
  64.459999999999994   49.579975200000000
  65.450000000000003   49.599298599999997
  66.450000000000003   49.617543400000002
  67.450000000000003   49.635062200000000
  68.469999999999999   49.651964499999998
  69.500000000000000   49.668243599999997
  70.530000000000001   49.683588800000003
  71.579999999999998   49.688666300000001
  72.640000000000001   49.654314900000003
  73.709999999999994   49.574544299999999
  74.790000000000006   48.689871799999999


# temperature  440.000000000000000
#   -0.000311450543178    0.082326228802708   -8.100692880723003  353.085895157397886 -5649.819936420512931
  57.829999999999998   49.441583899999998
  58.750000000000000   49.466260900000002
  59.680000000000000   49.489594699999998
  60.619999999999997   49.512243699999999
  61.560000000000002   49.533862399999997
  62.520000000000003   49.554890700000001
  63.490000000000002   49.574857399999999
  64.459999999999994   49.593686300000002
  65.450000000000003   49.612159800000001
  66.450000000000003   49.629581999999999
  67.450000000000003   49.646320000000003
  68.469999999999999   49.662468500000003
  69.500000000000000   49.678021299999997
  70.530000000000001   49.692681299999997
  71.579999999999998   49.697102000000001
  72.640000000000001   49.662121800000001
  73.709999999999994   49.581749500000001
  74.790000000000006   48.696502400000000


# temperature  450.000000000000000
#   -0.000315782131411    0.083451133030435   -8.210028794223948  357.800170799236355 -5724.795305739127798
  57.829999999999998   49.460997800000001
  58.750000000000000   49.484616400000000
  59.680000000000000   49.506929399999997
  60.619999999999997   49.528596100000001
  61.560000000000002   49.549276499999998
  62.520000000000003   49.569400999999999
  63.490000000000002   49.588499599999999
  64.459999999999994   49.606499399999997
  65.450000000000003   49.624178299999997
  66.450000000000003   49.640831499999997
  67.450000000000003   49.656839599999998
  68.469999999999999   49.672283600000000
  69.500000000000000   49.687157300000003
  70.530000000000001   49.701177000000001
  71.579999999999998   49.704983900000002
  72.640000000000001   49.669416099999999
  73.709999999999994   49.588481500000000
  74.790000000000006   48.702697399999998


# temperature  460.000000000000000
#   -0.000320018344498    0.084551259808215   -8.316955132410417  362.410457687439930 -5798.114073646886027
  57.829999999999998   49.479171399999998
  58.750000000000000   49.501798600000001
  59.680000000000000   49.523155400000000
  60.619999999999997   49.543902199999998
  61.560000000000002   49.563703699999998
  62.520000000000003   49.582981900000000
  63.490000000000002   49.601267499999999
  64.459999999999994   49.618490999999999
  65.450000000000003   49.635425900000001
  66.450000000000003   49.651359200000002
  67.450000000000003   49.666684099999998
  68.469999999999999   49.681468500000001
  69.500000000000000   49.695706700000002
  70.530000000000001   49.709126900000001
  71.579999999999998   49.712359300000003
  72.640000000000001   49.676241699999999
  73.709999999999994   49.594780800000002
  74.790000000000006   48.708494100000003


# temperature  470.000000000000000
#   -0.000324163296528    0.085627678531497   -8.421575979088249  366.921253724416715 -5869.848068174517721
  57.829999999999998   49.496208000000003
  58.750000000000000   49.517905100000000
  59.680000000000000   49.538365100000000
  60.619999999999997   49.558249000000004
  61.560000000000002   49.577226300000000
  62.520000000000003   49.595710900000000
  63.490000000000002   49.613234200000001
  64.459999999999994   49.629729800000000
  65.450000000000003   49.645967200000001
  66.450000000000003   49.661225500000000
  67.450000000000003   49.675909900000001
  68.469999999999999   49.690076099999999
  69.500000000000000   49.703718400000000
  70.530000000000001   49.716576799999999
  71.579999999999998   49.719270799999997
  72.640000000000001   49.682637700000001
  73.709999999999994   49.600683699999998
  74.790000000000006   48.713926000000001


# temperature  480.000000000000000
#   -0.000328220864182    0.086681396952256   -8.523989421601664  371.336797604945502 -5940.064976440690771
  57.829999999999998   49.512200100000001
  58.750000000000000   49.533023700000001
  59.680000000000000   49.552641399999999
  60.619999999999997   49.571714999999998
  61.560000000000002   49.589918300000001
  62.520000000000003   49.607657600000003
  63.490000000000002   49.624465200000003
  64.459999999999994   49.640277400000002
  65.450000000000003   49.655859999999997
  66.450000000000003   49.670484700000003
  67.450000000000003   49.684567800000004
  68.469999999999999   49.698153599999998
  69.500000000000000   49.711236700000001
  70.530000000000001   49.723567799999998
  71.579999999999998   49.725756300000000
  72.640000000000001   49.688639600000002
  73.709999999999994   49.606222699999996
  74.790000000000006   48.719023000000000


# temperature  490.000000000000000
#   -0.000332194667340    0.087713355582018   -8.624286954072190  375.661040882133648 -6008.827854093797214
  57.829999999999998   49.527231399999998
  58.750000000000000   49.547233400000003
  59.680000000000000   49.566059000000003
  60.619999999999997   49.584370600000000
  61.560000000000002   49.601846199999997
  62.520000000000003   49.618884899999998
  63.490000000000002   49.635019600000000
  64.459999999999994   49.650189300000001
  65.450000000000003   49.665156300000000
  66.450000000000003   49.679185400000001
  67.450000000000003   49.692703299999998
  68.469999999999999   49.705743599999998
  69.500000000000000   49.718301199999999
  70.530000000000001   49.730136700000003
  71.579999999999998   49.731850199999997
  72.640000000000001   49.694278900000000
  73.709999999999994   49.611426999999999
  74.790000000000006   48.723812100000004


# temperature  500.000000000000000
#   -0.000336088058924    0.088724425937875   -8.722553394821547  379.897648314139474 -6076.195191936323681
  57.829999999999998   49.541377099999998
  58.750000000000000   49.560605600000002
  59.680000000000000   49.578685399999998
  60.619999999999997   49.596279600000003
  61.560000000000002   49.613070200000003
  62.520000000000003   49.629449299999997
  63.490000000000002   49.644950600000001
  64.459999999999994   49.659515499999998
  65.450000000000003   49.673903199999998
  66.450000000000003   49.687371599999999
  67.450000000000003   49.700357699999998
  68.469999999999999   49.712884600000002
  69.500000000000000   49.724947600000000
  70.530000000000001   49.736316700000003
  71.579999999999998   49.737583399999998
  72.640000000000001   49.699584299999998
  73.709999999999994   49.616323199999997
  74.790000000000006   48.728317500000003


# temperature  510.000000000000000
#   -0.000339904194435    0.089715427602154   -8.818868443135356  384.050060449568832 -6142.221846173797530
  57.829999999999998   49.554705300000002
  58.750000000000000   49.573204599999997
  59.680000000000000   49.590581399999998
  60.619999999999997   49.607499500000003
  61.560000000000002   49.623644300000002
  62.520000000000003   49.639401800000002
  63.490000000000002   49.654306200000001
  64.459999999999994   49.668301300000003
  65.450000000000003   49.682142900000002
  66.450000000000003   49.695083199999999
  67.450000000000003   49.707568100000003
  68.469999999999999   49.719611299999997
  69.500000000000000   49.731208299999999
  70.530000000000001   49.742138099999998
  71.579999999999998   49.742983700000003
  72.640000000000001   49.704581699999999
  73.709999999999994   49.620935099999997
  74.790000000000006   48.732561199999999


# temperature  520.000000000000000
#   -0.000343646167625    0.090687165211131   -8.913310450498289  388.121664065515063 -6206.961915830568614
  57.829999999999998   49.567277699999998
  58.750000000000000   49.585088800000001
  59.680000000000000   49.601802200000002
  60.619999999999997   49.618082299999998
  61.560000000000002   49.633617800000003
  62.520000000000003   49.648788699999997
  63.490000000000002   49.663130000000002
  64.459999999999994   49.676587400000003
  65.450000000000003   49.689914000000002
  66.450000000000003   49.702356000000002
  67.450000000000003   49.714368100000002
  68.469999999999999   49.725955100000000
  69.500000000000000   49.737112600000003
  70.530000000000001   49.747627899999998
  71.579999999999998   49.748076400000002
  72.640000000000001   49.709294300000003
  73.709999999999994   49.625284100000002
  74.790000000000006   48.736562999999997


# temperature  530.000000000000000
#   -0.000347316775902    0.091640365584291   -9.005950119000243  392.115512204248773 -6270.464087658231620
  57.829999999999998   49.579150300000002
  58.750000000000000   49.596311200000002
  59.680000000000000   49.612397899999998
  60.619999999999997   49.628075199999998
  61.560000000000002   49.643035200000000
  62.520000000000003   49.657652200000001
  63.490000000000002   49.671461499999999
  64.459999999999994   49.684411099999998
  65.450000000000003   49.697251299999998
  66.450000000000003   49.709222599999997
  67.450000000000003   49.720788300000002
  68.469999999999999   49.731944499999997
  69.500000000000000   49.742686900000002
  70.530000000000001   49.752810799999999
  71.579999999999998   49.752884399999999
  72.640000000000001   49.713743500000000
  73.709999999999994   49.629390000000001
  74.790000000000006   48.740341100000002


# temperature  540.000000000000000
#   -0.000350918683033    0.092575720514966   -9.096854711125189  396.034507809028185 -6332.774630174114463
  57.829999999999998   49.590373999999997
  58.750000000000000   49.606920000000002
  59.680000000000000   49.622413999999999
  60.619999999999997   49.637521399999997
  61.560000000000002   49.651937099999998
  62.520000000000003   49.666030200000002
  63.490000000000002   49.679336599999999
  64.459999999999994   49.691806100000001
  65.450000000000003   49.704186399999998
  66.450000000000003   49.715712799999999
  67.450000000000003   49.726856400000003
  68.469999999999999   49.737605299999998
  69.500000000000000   49.747955400000002
  70.530000000000001   49.757709400000003
  71.579999999999998   49.757428500000003
  72.640000000000001   49.717948499999999
  73.709999999999994   49.633270400000001
  74.790000000000006   48.743911799999999


# temperature  550.000000000000000
#   -0.000354454420388    0.093493887954472   -9.186088250066211  399.881416108955364 -6393.937652544613229
  57.829999999999998   49.600995099999999
  58.750000000000000   49.616959000000001
  59.680000000000000   49.631892000000001
  60.619999999999997   49.646459800000002
  61.560000000000002   49.660360400000002
  62.520000000000003   49.673957700000003
  63.490000000000002   49.686788000000000
  64.459999999999994   49.698803099999999
  65.450000000000003   49.710748199999998
  66.450000000000003   49.721853600000003
  67.450000000000003   49.732597699999999
  68.469999999999999   49.742961200000003
  69.500000000000000   49.752940000000002
  70.530000000000001   49.762343999999999
  71.579999999999998   49.761727700000002
  72.640000000000001   49.721926799999999
  73.709999999999994   49.636941700000001
  74.790000000000006   48.747289899999998


# temperature  560.000000000000000
#   -0.000357926399844    0.094395494848009   -9.273711749163921  403.658872691405918 -6453.995205469865141
  57.829999999999998   49.611055999999998
  58.750000000000000   49.626468199999998
  59.680000000000000   49.640869600000002
  60.619999999999997   49.654926199999998
  61.560000000000002   49.668338700000000
  62.520000000000003   49.681466200000003
  63.490000000000002   49.693845600000003
  64.459999999999994   49.705430200000002
  65.450000000000003   49.716962899999999
  66.450000000000003   49.727669499999998
  67.450000000000003   49.738035300000000
  68.469999999999999   49.748033700000001
  69.500000000000000   49.757660799999996
  70.530000000000001   49.766733199999997
  71.579999999999998   49.765799299999998
  72.640000000000001   49.725694400000002
  73.709999999999994   49.640418500000003
  74.790000000000006   48.750489000000002


# temperature  570.000000000000000
#   -0.000361336807067    0.095281108608477   -9.359780356484134  407.369256700317067 -6512.985172253885139
  57.829999999999998   49.620595199999997
  58.750000000000000   49.635484300000002
  59.680000000000000   49.649381400000003
  60.619999999999997   49.662953199999997
  61.560000000000002   49.675902899999997
  62.520000000000003   49.688584800000001
  63.490000000000002   49.700536499999998
  64.459999999999994   49.711712900000002
  65.450000000000003   49.722854599999998
  66.450000000000003   49.733182999999997
  67.450000000000003   49.743190100000000
  68.469999999999999   49.752842299999998
  69.500000000000000   49.762135999999998
  70.530000000000001   49.770894100000000
  71.579999999999998   49.769658999999997
  72.640000000000001   49.729265900000001
  73.709999999999994   49.643714299999999
  74.790000000000006   48.753521700000000


# temperature  580.000000000000000
#   -0.000364687848430    0.096151302860529   -9.444349899884768  411.014979541716400 -6570.946026725077900
  57.829999999999998   49.629648299999999
  58.750000000000000   49.644040699999998
  59.680000000000000   49.657459199999998
  60.619999999999997   49.670570599999998
  61.560000000000002   49.683080900000000
  62.520000000000003   49.695340000000002
  63.490000000000002   49.706885700000001
  64.459999999999994   49.717674799999998
  65.450000000000003   49.728445399999998
  66.450000000000003   49.738414800000001
  67.450000000000003   49.748081399999997
  68.469999999999999   49.757405100000000
  69.500000000000000   49.766382299999997
  70.530000000000001   49.774842200000002
  71.579999999999998   49.773321299999999
  72.640000000000001   49.732654699999998
  73.709999999999994   49.646841500000001
  74.790000000000006   48.756399199999997


# temperature  590.000000000000000
#   -0.000367981545003    0.097006602525426   -9.527471418332688  414.598243801487286 -6627.912862472153392
  57.829999999999998   49.638247700000001
  58.750000000000000   49.652168000000003
  59.680000000000000   49.665131700000003
  60.619999999999997   49.677805900000003
  61.560000000000002   49.689898700000001
  62.520000000000003   49.701756099999997
  63.490000000000002   49.712916200000002
  64.459999999999994   49.723337100000002
  65.450000000000003   49.733755199999997
  66.450000000000003   49.743383700000003
  67.450000000000003   49.752726899999999
  68.469999999999999   49.761738500000000
  69.500000000000000   49.770415200000002
  70.530000000000001   49.778591700000000
  71.579999999999998   49.776799400000002
  72.640000000000001   49.735872999999998
  73.709999999999994   49.649811399999997
  74.790000000000006   48.759131900000000


# temperature  600.000000000000000
#   -0.000371219876736    0.097847522533470   -9.609195046202847  418.121215831826646 -6683.920255646834448
  57.829999999999998   49.646422999999999
  58.750000000000000   49.659894600000001
  59.680000000000000   49.672425699999998
  60.619999999999997   49.684684099999998
  61.560000000000002   49.696379999999998
  62.520000000000003   49.707855400000000
  63.490000000000002   49.718648700000003
  64.459999999999994   49.728719699999999
  65.450000000000003   49.738802700000001
  66.450000000000003   49.748106999999997
  67.450000000000003   49.757142700000003
  68.469999999999999   49.765857699999998
  69.500000000000000   49.774248600000000
  70.530000000000001   49.782155799999998
  71.579999999999998   49.780105399999997
  72.640000000000001   49.738932200000001
  73.709999999999994   49.652634399999997
  74.790000000000006   48.761729299999999


# temperature  610.000000000000000
#   -0.000374404586341    0.098674514824600   -9.689564657476986  421.585785939045252 -6738.998249525958272
  57.829999999999998   49.654201800000003
  58.750000000000000   49.667246200000001
  59.680000000000000   49.679365699999998
  60.619999999999997   49.691228299999999
  61.560000000000002   49.702546499999997
  62.520000000000003   49.713658299999999
  63.490000000000002   49.724102700000003
  64.459999999999994   49.733840700000002
  65.450000000000003   49.743604699999999
  66.450000000000003   49.752600600000001
  67.450000000000003   49.761343699999998
  68.469999999999999   49.769776499999999
  69.500000000000000   49.777895500000000
  70.530000000000001   49.785546400000001
  71.579999999999998   49.783250500000001
  72.640000000000001   49.741842400000003
  73.709999999999994   49.655319900000002
  74.790000000000006   48.764200400000000


# temperature  620.000000000000000
#   -0.000377537466254    0.099488045736528   -9.768625672808412  424.993917513663291 -6793.178192042126284
  57.829999999999998   49.661609200000001
  58.750000000000000   49.674246699999998
  59.680000000000000   49.685974100000003
  60.619999999999997   49.697459799999997
  61.560000000000002   49.708418199999997
  62.520000000000003   49.719183800000003
  63.490000000000002   49.729295899999997
  64.459999999999994   49.738716799999999
  65.450000000000003   49.748177099999999
  66.450000000000003   49.756879200000000
  67.450000000000003   49.765343700000003
  68.469999999999999   49.773507700000003
  69.500000000000000   49.781367799999998
  70.530000000000001   49.788774699999998
  71.579999999999998   49.786245000000001
  72.640000000000001   49.744613299999997
  73.709999999999994   49.657876799999997
  74.790000000000006   48.766553000000002


# temperature  630.000000000000000
#   -0.000380620162740    0.100288542758492   -9.846419645335498  428.347403000268173 -6846.488621311969837
  57.829999999999998   49.668668500000003
  58.750000000000000   49.680917999999998
  59.680000000000000   49.692271800000000
  60.619999999999997   49.703398200000002
  61.560000000000002   49.714013600000001
  62.520000000000003   49.724449200000002
  63.490000000000002   49.734244599999997
  64.459999999999994   49.743363199999997
  65.450000000000003   49.752533999999997
  66.450000000000003   49.760956200000003
  67.450000000000003   49.769155300000001
  68.469999999999999   49.777062999999998
  69.500000000000000   49.784676500000003
  70.530000000000001   49.791850799999999
  71.579999999999998   49.789098400000000
  72.640000000000001   49.747253499999999
  73.709999999999994   49.660313199999997
  74.790000000000006   48.768794700000001


# temperature  640.000000000000000
#   -0.000383654258838    0.101076417050483   -9.922986551891317  431.647967400874677 -6898.957015471390150
  57.829999999999998   49.675401000000001
  58.750000000000000   49.687280600000001
  59.680000000000000   49.698277800000000
  60.619999999999997   49.709061499999997
  61.560000000000002   49.719349800000003
  62.520000000000003   49.729470599999999
  63.490000000000002   49.738963900000002
  64.459999999999994   49.747794200000001
  65.450000000000003   49.756689000000001
  66.450000000000003   49.764844199999999
  67.450000000000003   49.772790000000001
  68.469999999999999   49.780453399999999
  69.500000000000000   49.787831599999997
  70.530000000000001   49.794784200000002
  71.579999999999998   49.791819300000000
  72.640000000000001   49.749771099999997
  73.709999999999994   49.662636399999997
  74.790000000000006   48.770932400000000


# temperature  650.000000000000000
#   -0.000386641306107    0.101852071796527   -9.998365609760507  434.897303443297403 -6950.610353929795565
  57.829999999999998   49.681826800000003
  58.750000000000000   49.693353100000003
  59.680000000000000   49.704009999999997
  60.619999999999997   49.714466500000000
  61.560000000000002   49.724442500000002
  62.520000000000003   49.734262899999997
  63.490000000000002   49.743467799999998
  64.459999999999994   49.752023000000001
  65.450000000000003   49.760654199999998
  66.450000000000003   49.768554500000000
  67.450000000000003   49.776258700000000
  68.469999999999999   49.783689000000003
  69.500000000000000   49.790842599999998
  70.530000000000001   49.797583500000002
  71.579999999999998   49.794415800000003
  72.640000000000001   49.752173700000000
  73.709999999999994   49.664853399999998
  74.790000000000006   48.772972299999999


# temperature  660.000000000000000
#   -0.000389582674871    0.102615862811199  -10.072591406767360  438.096903321491141 -7001.472384505256741
  57.829999999999998   49.687964000000001
  58.750000000000000   49.699152800000000
  59.680000000000000   49.709484600000003
  60.619999999999997   49.719628600000000
  61.560000000000002   49.729306299999998
  62.520000000000003   49.738839700000000
  63.490000000000002   49.747769200000000
  64.459999999999994   49.756061500000001
  65.450000000000003   49.764440999999998
  66.450000000000003   49.772098000000000
  67.450000000000003   49.779571199999999
  68.469999999999999   49.786778900000002
  69.500000000000000   49.793717999999998
  70.530000000000001   49.800256800000000
  71.579999999999998   49.796895499999998
  72.640000000000001   49.754468099999997
  73.709999999999994   49.666970599999999
  74.790000000000006   48.774920299999998


# temperature  670.000000000000000
#   -0.000392479786063    0.103368159751207  -10.145699940535755  441.248322596108665 -7051.567931772613520
  57.829999999999998   49.693829600000001
  58.750000000000000   49.704695899999997
  59.680000000000000   49.714716899999999
  60.619999999999997   49.724562100000000
  61.560000000000002   49.733954699999998
  62.520000000000003   49.743213799999999
  63.490000000000002   49.751880000000000
  64.459999999999994   49.759921100000000
  65.450000000000003   49.768059999999998
  66.450000000000003   49.775484300000002
  67.450000000000003   49.782736999999997
  68.469999999999999   49.789731699999997
  69.500000000000000   49.796465900000001
  70.530000000000001   49.802811499999997
  71.579999999999998   49.799265100000000
  72.640000000000001   49.756660699999998
  73.709999999999994   49.668993899999997
  74.790000000000006   48.776781900000003


# temperature  680.000000000000000
#   -0.000395333980818    0.104109310614264  -10.217725009927387  444.353017867849360 -7100.920169540911047
  57.829999999999998   49.699439599999998
  58.750000000000000   49.709997199999997
  59.680000000000000   49.719720899999999
  60.619999999999997   49.729280400000000
  61.560000000000002   49.738400300000002
  62.520000000000003   49.747396999999999
  63.490000000000002   49.755811299999998
  64.459999999999994   49.763612100000003
  65.450000000000003   49.771520899999999
  66.450000000000003   49.778722700000003
  67.450000000000003   49.785764399999998
  68.469999999999999   49.792555600000000
  69.500000000000000   49.799093700000000
  70.530000000000001   49.805254499999997
  71.579999999999998   49.801531199999999
  72.640000000000001   49.758757400000000
  73.709999999999994   49.670928600000003
  74.790000000000006   48.778562100000002


# temperature  690.000000000000000
#   -0.000398146401178    0.104839612005308  -10.288695453977139  447.412233615586842 -7149.548893375253101
  57.829999999999998   49.704808399999997
  58.750000000000000   49.715070699999998
  59.680000000000000   49.724509800000000
  60.619999999999997   49.733795700000002
  61.560000000000002   49.742654600000002
  62.520000000000003   49.751400099999998
  63.490000000000002   49.759573500000002
  64.459999999999994   49.767144199999997
  65.450000000000003   49.774832900000000
  66.450000000000003   49.781821700000002
  67.450000000000003   49.788661400000002
  68.469999999999999   49.795257800000002
  69.500000000000000   49.801608399999999
  70.530000000000001   49.807592300000003
  71.579999999999998   49.803699600000002
  72.640000000000001   49.760763799999999
  73.709999999999994   49.672780099999997
  74.790000000000006   48.780265600000000


# temperature  700.000000000000000
#   -0.000400918372237    0.105559408278036  -10.358644766022728  450.427415217689429 -7197.477152213959926
  57.829999999999998   49.709949799999997
  58.750000000000000   49.719929100000002
  59.680000000000000   49.729095600000001
  60.619999999999997   49.738119599999997
  61.560000000000002   49.746728400000002
  62.520000000000003   49.755233400000002
  63.490000000000002   49.763175900000000
  64.459999999999994   49.770526500000003
  65.450000000000003   49.778004199999998
  66.450000000000003   49.784789099999998
  67.450000000000003   49.791435399999997
  68.469999999999999   49.797845299999999
  69.500000000000000   49.804016200000000
  70.530000000000001   49.809830800000000
  71.579999999999998   49.805775900000000
  72.640000000000001   49.762684999999998
  73.709999999999994   49.674552800000001
  74.790000000000006   48.781896699999997


# temperature  710.000000000000000
#   -0.000403650975933    0.106268980430102  -10.427600266332492  453.399741470983770 -7244.723702464391863
  57.829999999999998   49.714876300000000
  58.750000000000000   49.724584399999998
  59.680000000000000   49.733489800000001
  60.619999999999997   49.742262699999998
  61.560000000000002   49.750631900000002
  62.520000000000003   49.758906400000001
  63.490000000000002   49.766627700000001
  64.459999999999994   49.773767200000002
  65.450000000000003   49.781042800000002
  66.450000000000003   49.787632299999999
  67.450000000000003   49.794093300000000
  68.469999999999999   49.800324400000001
  69.500000000000000   49.806323200000001
  70.530000000000001   49.811975599999997
  71.579999999999998   49.807765300000000
  72.640000000000001   49.764525599999999
  73.709999999999994   49.676251299999997
  74.790000000000006   48.783459399999998


# temperature  720.000000000000000
#   -0.000406345350461    0.106968624360315  -10.495590748508176  456.330455597555783 -7291.308363654192362
  57.829999999999998   49.719599700000003
  58.750000000000000   49.729047799999996
  59.680000000000000   49.737702700000000
  60.619999999999997   49.746234899999997
  61.560000000000002   49.754374400000003
  62.520000000000003   49.762427799999998
  63.490000000000002   49.769936999999999
  64.459999999999994   49.776874100000001
  65.450000000000003   49.783956000000003
  66.450000000000003   49.790358200000000
  67.450000000000003   49.796641500000000
  68.469999999999999   49.802701100000000
  69.500000000000000   49.808534899999998
  70.530000000000001   49.814031700000001
  71.579999999999998   49.809672399999997
  72.640000000000001   49.766290300000001
  73.709999999999994   49.677879599999997
  74.790000000000006   48.784957599999998


# temperature  730.000000000000000
#   -0.000409002525272    0.107658607161281  -10.562642151515170  459.220675387909694 -7337.248904711911564
  57.829999999999998   49.724131100000001
  58.750000000000000   49.733329699999999
  59.680000000000000   49.741744300000001
  60.619999999999997   49.750045499999999
  61.560000000000002   49.757964500000000
  62.520000000000003   49.765805899999997
  63.490000000000002   49.773111600000000
  64.459999999999994   49.779854600000000
  65.450000000000003   49.786750599999998
  66.450000000000003   49.792973000000003
  67.450000000000003   49.799085800000000
  68.469999999999999   49.804981099999999
  69.500000000000000   49.810656500000000
  70.530000000000001   49.816004100000001
  71.579999999999998   49.811501900000003
  72.640000000000001   49.767983000000001
  73.709999999999994   49.679441599999997
  74.790000000000006   48.786394799999997


# temperature  740.000000000000000
#   -0.000411623526694    0.108339195800731  -10.628780470287044  462.071524015947205 -7382.563240570149901
  57.829999999999998   49.728480699999999
  58.750000000000000   49.737439799999997
  59.680000000000000   49.745623700000003
  60.619999999999997   49.753703100000003
  61.560000000000002   49.761410499999997
  62.520000000000003   49.769048400000003
  63.490000000000002   49.776158700000003
  64.459999999999994   49.782715300000000
  65.450000000000003   49.789432800000000
  66.450000000000003   49.795482700000001
  67.450000000000003   49.801431899999997
  68.469999999999999   49.807169399999999
  69.500000000000000   49.812692800000001
  70.530000000000001   49.817897199999997
  71.579999999999998   49.813257800000002
  72.640000000000001   49.769607600000001
  73.709999999999994   49.680940700000001
  74.790000000000006   48.787774100000000


# temperature  750.000000000000000
#   -0.000414209296808    0.109010634349062  -10.694029371725275  464.884019714761223 -7427.267526726554024
  57.829999999999998   49.732658100000002
  58.750000000000000   49.741387199999998
  59.680000000000000   49.749349400000000
  60.619999999999997   49.757215799999997
  61.560000000000002   49.764719999999997
  62.520000000000003   49.772162299999998
  63.490000000000002   49.779085100000003
  64.459999999999994   49.785462600000002
  65.450000000000003   49.792008799999998
  66.450000000000003   49.797892900000001
  67.450000000000003   49.803685000000002
  68.469999999999999   49.809270900000001
  69.500000000000000   49.814648300000002
  70.530000000000001   49.819715199999997
  71.579999999999998   49.814943999999997
  72.640000000000001   49.771167800000001
  73.709999999999994   49.682380400000000
  74.790000000000006   48.789098699999997


# temperature  760.000000000000000
#   -0.000416760846770    0.109673186182403  -10.758414534632303  467.659273376326723 -7471.379519954444731
  57.829999999999998   49.736672300000002
  58.750000000000000   49.745180200000000
  59.680000000000000   49.752929399999999
  60.619999999999997   49.760591200000000
  61.560000000000002   49.767900099999999
  62.520000000000003   49.775154499999999
  63.490000000000002   49.781896900000000
  64.459999999999994   49.788102500000001
  65.450000000000003   49.794483900000003
  66.450000000000003   49.800208800000000
  67.450000000000003   49.805849899999998
  68.469999999999999   49.811290100000001
  69.500000000000000   49.816527299999997
  70.530000000000001   49.821461999999997
  71.579999999999998   49.816564200000002
  72.640000000000001   49.772666899999997
  73.709999999999994   49.683763599999999
  74.790000000000006   48.790371399999998


# temperature  770.000000000000000
#   -0.000419278965841    0.110327055830708  -10.821955798413576  470.398138915799166 -7514.912754541584036
  57.829999999999998   49.740531599999997
  58.750000000000000   49.748826899999997
  59.680000000000000   49.756371399999999
  60.619999999999997   49.763836300000001
  61.560000000000002   49.770957299999999
  62.520000000000003   49.778031100000000
  63.490000000000002   49.784600200000000
  64.459999999999994   49.790640300000000
  65.450000000000003   49.796863399999999
  66.450000000000003   49.802435199999998
  67.450000000000003   49.807931099999998
  68.469999999999999   49.813231299999998
  69.500000000000000   49.818333699999997
  70.530000000000001   49.823141200000002
  71.579999999999998   49.818121800000000
  72.640000000000001   49.774108099999999
  73.709999999999994   49.685093400000000
  74.790000000000006   48.791594900000000


# temperature  780.000000000000000
#   -0.000421764611121    0.110972492163284  -10.884677383614157  473.101662152481595 -7557.883917722590013
  57.829999999999998   49.744244000000002
  58.750000000000000   49.752334699999999
  59.680000000000000   49.759682099999999
  60.619999999999997   49.766957699999999
  61.560000000000002   49.773898099999997
  62.520000000000003   49.780797999999997
  63.490000000000002   49.787200400000003
  64.459999999999994   49.793081399999998
  65.450000000000003   49.799152200000002
  66.450000000000003   49.804576699999998
  67.450000000000003   49.809933000000001
  68.469999999999999   49.815098399999997
  69.500000000000000   49.820071100000000
  70.530000000000001   49.824756499999999
  71.579999999999998   49.819619899999999
  72.640000000000001   49.775494199999997
  73.709999999999994   49.686372499999997
  74.790000000000006   48.792771700000003


# temperature  790.000000000000000
#   -0.000424218581546    0.111609702713470  -10.946599470167531  475.770713788124453 -7600.306865378597649
  57.829999999999998   49.747816700000001
  58.750000000000000   49.755710499999999
  59.680000000000000   49.762868300000001
  60.619999999999997   49.769961700000003
  61.560000000000002   49.776728200000001
  62.520000000000003   49.783460800000000
  63.490000000000002   49.789702699999999
  64.459999999999994   49.795430600000003
  65.450000000000003   49.801354799999999
  66.450000000000003   49.806637500000001
  67.450000000000003   49.811859400000003
  68.469999999999999   49.816895199999998
  69.500000000000000   49.821743099999999
  70.530000000000001   49.826310800000002
  71.579999999999998   49.821061600000000
  72.640000000000001   49.776828100000003
  73.709999999999994   49.687603299999999
  74.790000000000006   48.793904200000000


# temperature  800.000000000000000
#   -0.000426641617765    0.112238879551205  -11.007740700792279  478.406096669866201 -7642.194339420700089
  57.829999999999998   49.751256699999999
  58.750000000000000   49.758960899999998
  59.680000000000000   49.765936099999998
  60.619999999999997   49.772854000000002
  61.560000000000002   49.779452999999997
  62.520000000000003   49.786024599999998
  63.490000000000002   49.792111900000002
  64.459999999999994   49.797692400000003
  65.450000000000003   49.803475400000004
  66.450000000000003   49.808621700000003
  67.450000000000003   49.813714200000000
  68.469999999999999   49.818625200000000
  69.500000000000000   49.823352800000002
  70.530000000000001   49.827807300000003
  71.579999999999998   49.822449599999999
  72.640000000000001   49.778112399999998
  73.709999999999994   49.688788400000000
  74.790000000000006   48.794994500000001


# temperature  810.000000000000000
#   -0.000429034574042    0.112860244913783  -11.068122715317800  481.008745673149122 -7683.561264959404070
  57.829999999999998   49.754570500000000
  58.750000000000000   49.762092099999997
  59.680000000000000   49.768891300000000
  60.619999999999997   49.775640099999997
  61.560000000000002   49.782077800000003
  62.520000000000003   49.788494300000004
  63.490000000000002   49.794432700000002
  64.459999999999994   49.799871099999997
  65.450000000000003   49.805518200000002
  66.450000000000003   49.810533000000000
  67.450000000000003   49.815500800000002
  68.469999999999999   49.820291599999997
  69.500000000000000   49.824903399999997
  70.530000000000001   49.829248800000002
  71.579999999999998   49.823786599999998
  72.640000000000001   49.779349500000002
  73.709999999999994   49.689929800000002
  74.790000000000006   48.796044700000003


# temperature  820.000000000000000
#   -0.000431398144217    0.113473978794872  -11.127762990144493  483.579413649884998 -7724.419595668588954
  57.829999999999998   49.757764100000003
  58.750000000000000   49.765109600000002
  59.680000000000000   49.771739300000000
  60.619999999999997   49.778325199999998
  61.560000000000002   49.784607399999999
  62.520000000000003   49.790874299999999
  63.490000000000002   49.796669199999997
  64.459999999999994   49.801970799999999
  65.450000000000003   49.807486699999998
  66.450000000000003   49.812374900000002
  67.450000000000003   49.817222500000000
  68.469999999999999   49.821897399999997
  69.500000000000000   49.826397700000001
  70.530000000000001   49.830637899999999
  71.579999999999998   49.825075099999999
  72.640000000000001   49.780541599999999
  73.709999999999994   49.691029800000003
  74.790000000000006   48.797056800000000


# temperature  830.000000000000000
#   -0.000433733030034    0.114080263459183  -11.186679247349574  486.118865264705846 -7764.781504548722296
  57.829999999999998   49.760843299999998
  58.750000000000000   49.768019099999997
  59.680000000000000   49.774485300000002
  60.619999999999997   49.780914000000003
  61.560000000000002   49.787046300000000
  62.520000000000003   49.793168999999999
  63.490000000000002   49.798825600000001
  64.459999999999994   49.803995200000003
  65.450000000000003   49.809384700000003
  66.450000000000003   49.814150699999999
  67.450000000000003   49.818882500000001
  68.469999999999999   49.823445700000001
  69.500000000000000   49.827838399999997
  70.530000000000001   49.831977299999998
  71.579999999999998   49.826317299999999
  72.640000000000001   49.781690900000001
  73.709999999999994   49.692090299999997
  74.790000000000006   48.798032599999999


# temperature  840.000000000000000
#   -0.000436039950603    0.114679285722888  -11.244889648246366  488.627883664756382 -7804.659456708271136
  57.829999999999998   49.763813599999999
  58.750000000000000   49.770825600000002
  59.680000000000000   49.777133999999997
  60.619999999999997   49.783411100000002
  61.560000000000002   49.789398900000002
  62.520000000000003   49.795382400000001
  63.490000000000002   49.800905499999999
  64.459999999999994   49.805947799999998
  65.450000000000003   49.811215500000003
  66.450000000000003   49.815863600000000
  67.450000000000003   49.820483699999997
  68.469999999999999   49.824939000000001
  69.500000000000000   49.829228000000001
  70.530000000000001   49.833269100000003
  71.579999999999998   49.827515499999997
  72.640000000000001   49.782799500000003
  73.709999999999994   49.693113199999999
  74.790000000000006   48.798973699999998


# temperature  850.000000000000000
#   -0.000438319559386    0.115271215611456  -11.302410754908168  491.107184790754161 -7844.064872428546551
  57.829999999999998   49.766679900000000
  58.750000000000000   49.773533800000003
  59.680000000000000   49.779690000000002
  60.619999999999997   49.785820899999997
  61.560000000000002   49.791668999999999
  62.520000000000003   49.797518300000000
  63.490000000000002   49.802912599999999
  64.459999999999994   49.807831999999998
  65.450000000000003   49.812982099999999
  66.450000000000003   49.817516500000004
  67.450000000000003   49.822028699999997
  68.469999999999999   49.826380100000002
  69.500000000000000   49.830568900000003
  70.530000000000001   49.834515600000003
  71.579999999999998   49.828671600000000
  72.640000000000001   49.783869199999998
  73.709999999999994   49.694100300000002
  74.790000000000006   48.799881900000003


# temperature  860.000000000000000
#   -0.000440572517558    0.115856224569220  -11.359259204306476  493.557484820891148 -7883.009128936039815
  57.829999999999998   49.769447100000001
  58.750000000000000   49.776148399999997
  59.680000000000000   49.782157599999998
  60.619999999999997   49.788147199999997
  61.560000000000002   49.793860600000002
  62.520000000000003   49.799580300000002
  63.490000000000002   49.804850299999998
  64.459999999999994   49.809651000000002
  65.450000000000003   49.814687499999998
  66.450000000000003   49.819112099999998
  67.450000000000003   49.823520299999998
  68.469999999999999   49.827771200000001
  69.500000000000000   49.831863400000003
  70.530000000000001   49.835718999999997
  71.579999999999998   49.829787799999998
  72.640000000000001   49.784901900000001
  73.709999999999994   49.695053199999997
  74.790000000000006   48.800758500000001


# temperature  870.000000000000000
#   -0.000442799362414    0.116434451926747  -11.415448521066493  495.979366272559901 -7921.501462862432163
  57.829999999999998   49.772119600000003
  58.750000000000000   49.778673499999996
  59.680000000000000   49.784540800000002
  60.619999999999997   49.790393999999999
  61.560000000000002   49.795977299999997
  62.520000000000003   49.801571799999998
  63.490000000000002   49.806721600000003
  64.459999999999994   49.811407799999998
  65.450000000000003   49.816334599999998
  66.450000000000003   49.820653100000001
  67.450000000000003   49.824960699999998
  68.469999999999999   49.829114699999998
  69.500000000000000   49.833113500000003
  70.530000000000001   49.836881099999999
  71.579999999999998   49.830865699999997
  72.640000000000001   49.785899200000003
  73.709999999999994   49.695973400000000
  74.790000000000006   48.801605199999997


# temperature  880.000000000000000
#   -0.000445000784677    0.117006077607863  -11.470996246160476  498.373587783692699 -7959.554004219708077
  57.829999999999998   49.774701899999997
  58.750000000000000   49.781113300000001
  59.680000000000000   49.786843400000002
  60.619999999999997   49.792564800000001
  61.560000000000002   49.798022300000000
  62.520000000000003   49.803495800000000
  63.490000000000002   49.808529600000000
  64.459999999999994   49.813105100000001
  65.450000000000003   49.817925899999999
  66.450000000000003   49.822141999999999
  67.450000000000003   49.826352399999998
  68.469999999999999   49.830412799999998
  69.500000000000000   49.834321299999999
  70.530000000000001   49.838003999999998
  71.579999999999998   49.831907100000002
  72.640000000000001   49.786862700000000
  73.709999999999994   49.696862500000002
  74.790000000000006   48.802423200000000


# temperature  890.000000000000000
#   -0.000447177259994    0.117571224542956  -11.525914271945457  500.740659839812565 -7997.174810932016044
  57.829999999999998   49.777197700000002
  58.750000000000000   49.783471499999997
  59.680000000000000   49.789068999999998
  60.619999999999997   49.794663000000000
  61.560000000000002   49.799998899999999
  62.520000000000003   49.805355499999997
  63.490000000000002   49.810277100000000
  64.459999999999994   49.814745600000002
  65.450000000000003   49.819463900000002
  66.450000000000003   49.823580999999997
  67.450000000000003   49.827697600000000
  68.469999999999999   49.831667299999999
  69.500000000000000   49.835488699999999
  70.530000000000001   49.839089199999997
  71.579999999999998   49.832913599999998
  72.640000000000001   49.787793999999998
  73.709999999999994   49.697721700000002
  74.790000000000006   48.803213800000002


# temperature  900.000000000000000
#   -0.000449329467524    0.118130069702534  -11.580219856813519  503.081329064914769 -8034.375831442859635
  57.829999999999998   49.779611099999997
  58.750000000000000   49.785751699999999
  59.680000000000000   49.791221000000000
  60.619999999999997   49.796691699999997
  61.560000000000002   49.801910100000001
  62.520000000000003   49.807153700000001
  63.490000000000002   49.811966800000000
  64.459999999999994   49.816331800000000
  65.450000000000003   49.820951100000002
  66.450000000000003   49.824972400000000
  67.450000000000003   49.828998200000001
  68.469999999999999   49.832880400000001
  69.500000000000000   49.836617400000002
  70.530000000000001   49.840138500000002
  71.579999999999998   49.833886800000002
  72.640000000000001   49.788694399999997
  73.709999999999994   49.698552599999999
  74.790000000000006   48.803978200000003


# temperature  910.000000000000000
#   -0.000451457873291    0.118682733864266  -11.633924716730061  505.396099693024553 -8071.165052876038317
  57.829999999999998   49.781945499999999
  58.750000000000000   49.787957300000002
  59.680000000000000   49.793302500000003
  60.619999999999997   49.798654100000000
  61.560000000000002   49.803758799999997
  62.520000000000003   49.808892999999998
  63.490000000000002   49.813601200000001
  64.459999999999994   49.817866100000003
  65.450000000000003   49.822389600000001
  66.450000000000003   49.826318200000003
  67.450000000000003   49.830256200000001
  68.469999999999999   49.834053699999998
  69.500000000000000   49.837709199999999
  70.530000000000001   49.841153400000003
  71.579999999999998   49.834828100000003
  72.640000000000001   49.789565400000001
  73.709999999999994   49.699356199999997
  74.790000000000006   48.804717599999996


# temperature  920.000000000000000
#   -0.000453563015152    0.119229356788845  -11.687042444525009  507.685558250557506 -8107.551816994795445
  57.829999999999998   49.784204400000000
  58.750000000000000   49.790091500000003
  59.680000000000000   49.795316700000001
  60.619999999999997   49.800553000000001
  61.560000000000002   49.805547599999997
  62.520000000000003   49.810575900000003
  63.490000000000002   49.815182600000000
  64.459999999999994   49.819350700000001
  65.450000000000003   49.823781500000003
  66.450000000000003   49.827620500000002
  67.450000000000003   49.831473500000001
  68.469999999999999   49.835189000000000
  69.500000000000000   49.838765600000002
  70.530000000000001   49.842135399999997
  71.579999999999998   49.835738999999997
  72.640000000000001   49.790408100000001
  73.709999999999994   49.700133800000003
  74.790000000000006   48.805433000000001


# temperature  930.000000000000000
#   -0.000455645371555    0.119770062636356  -11.739585099796928  509.950224412689977 -8143.544378676577253
  57.829999999999998   49.786391000000002
  58.750000000000000   49.792157500000002
  59.680000000000000   49.797266499999999
  60.619999999999997   49.802391000000000
  61.560000000000002   49.807279100000002
  62.520000000000003   49.812204999999999
  63.490000000000002   49.816713399999998
  64.459999999999994   49.820787699999997
  65.450000000000003   49.825128700000000
  66.450000000000003   49.828881000000003
  67.450000000000003   49.832651700000000
  68.469999999999999   49.836287900000002
  69.500000000000000   49.839788100000000
  70.530000000000001   49.843086000000000
  71.579999999999998   49.836620600000003
  72.640000000000001   49.791223799999997
  73.709999999999994   49.700886400000002
  74.790000000000006   48.806125500000000


# temperature  940.000000000000000
#   -0.000457705448265    0.120304982828565  -11.791565463279504  512.190649558552650 -8179.151517511922975
  57.829999999999998   49.788508299999997
  58.750000000000000   49.794157900000002
  59.680000000000000   49.799154399999999
  60.619999999999997   49.804170900000003
  61.560000000000002   49.808955800000000
  62.520000000000003   49.813782500000002
  63.490000000000002   49.818195699999997
  64.459999999999994   49.822179200000001
  65.450000000000003   49.826433299999998
  66.450000000000003   49.830101599999999
  67.450000000000003   49.833792600000002
  68.469999999999999   49.837352000000003
  69.500000000000000   49.840778299999997
  70.530000000000001   49.844006399999998
  71.579999999999998   49.837474299999997
  72.640000000000001   49.792013599999997
  73.709999999999994   49.701615199999999
  74.790000000000006   48.806795999999999


# temperature  950.000000000000000
#   -0.000459743722180    0.120834241285444  -11.842995587792437  514.407353815652073 -8214.381516180832477
  57.829999999999998   49.790559299999998
  58.750000000000000   49.796095700000002
  59.680000000000000   49.800983199999997
  60.619999999999997   49.805894899999998
  61.560000000000002   49.810579900000000
  62.520000000000003   49.815310500000002
  63.490000000000002   49.819631500000000
  64.459999999999994   49.823526999999999
  65.450000000000003   49.827697000000001
  66.450000000000003   49.831283800000001
  67.450000000000003   49.834897699999999
  68.469999999999999   49.838382699999997
  69.500000000000000   49.841737299999998
  70.530000000000001   49.844897899999999
  71.579999999999998   49.838301100000002
  72.640000000000001   49.792778700000000
  73.709999999999994   49.702321099999999
  74.790000000000006   48.807445500000000


# temperature  960.000000000000000
#   -0.000461760635271    0.121357952705397  -11.893886613992418  516.600817242002336 -8249.242001510590853
  57.829999999999998   49.792546700000003
  58.750000000000000   49.797973399999997
  59.680000000000000   49.802755200000000
  60.619999999999997   49.807565400000001
  61.560000000000002   49.812153600000002
  62.520000000000003   49.816791100000003
  63.490000000000002   49.821022700000000
  64.459999999999994   49.824833099999999
  65.450000000000003   49.828921399999999
  66.450000000000003   49.832429400000002
  67.450000000000003   49.835968500000000
  68.469999999999999   49.839381299999999
  69.500000000000000   49.842666600000001
  70.530000000000001   49.845761799999998
  71.579999999999998   49.839102300000000
  72.640000000000001   49.793519900000000
  73.709999999999994   49.703005099999999
  74.790000000000006   48.808074800000000


# temperature  970.000000000000000
#   -0.000463756638409    0.121876233832142  -11.944249853788959  518.771526026798597 -8283.740681845940344
  57.829999999999998   49.794473000000004
  58.750000000000000   49.799793399999999
  59.680000000000000   49.804472799999999
  60.619999999999997   49.809184600000002
  61.560000000000002   49.813679000000000
  62.520000000000003   49.818226099999997
  63.490000000000002   49.822371199999999
  64.459999999999994   49.826098899999998
  65.450000000000003   49.830108199999998
  66.450000000000003   49.833539700000003
  67.450000000000003   49.837006400000000
  68.469999999999999   49.840349300000000
  69.500000000000000   49.843567299999997
  70.530000000000001   49.846599099999999
  71.579999999999998   49.839878900000002
  72.640000000000001   49.794238399999998
  73.709999999999994   49.703668100000002
  74.790000000000006   48.808684700000001


