# temperature   10.000000000000000
#    0.000184741722053   -0.046886729522772    4.472278961412290 -190.001165883651879 3035.585762719786544
  57.829999999999998    0.908959800000000
  58.750000000000000    0.805525300000000
  59.680000000000000    0.737976100000000
  60.619999999999997    0.693914000000000
  61.560000000000002    0.661183500000000
  62.520000000000003    0.644720200000000
  63.490000000000002    0.638901200000000
  64.459999999999994    0.639593500000000
  65.450000000000003    0.648919000000000
  66.450000000000003    0.669272600000000
  67.450000000000003    0.702304800000000
  68.469999999999999    0.749107400000000
  69.500000000000000    0.822254900000000
  70.530000000000001    0.931285200000000
  71.579999999999998    1.122931500000000
  72.640000000000001    1.428800900000000
  73.709999999999994    2.060179500000000
  74.790000000000006    3.229361000000000


# temperature   20.000000000000000
#   -0.000145350830374    0.038939791584796   -3.864106006295446  168.911512937003010 -2741.322746829457174
  57.829999999999998    4.867330400000000
  58.750000000000000    4.713717400000000
  59.680000000000000    4.628796700000000
  60.619999999999997    4.595179600000000
  61.560000000000002    4.590564600000000
  62.520000000000003    4.632406100000000
  63.490000000000002    4.718021900000000
  64.459999999999994    4.834991400000000
  65.450000000000003    4.985254300000000
  66.450000000000003    5.194463000000000
  67.450000000000003    5.460000500000000
  68.469999999999999    5.786818300000000
  69.500000000000000    6.220543100000000
  70.530000000000001    6.773197200000000
  71.579999999999998    7.532926300000000
  72.640000000000001    8.549806600000000
  73.709999999999994   10.094856099999999
  74.790000000000006   11.917402900000001


# temperature   30.000000000000000
#   -0.000207135287416    0.053773884206236   -5.200243181420422  222.781904677286292 -3559.161280492964124
  57.829999999999998   10.016193599999999
  58.750000000000000    9.967621500000000
  59.680000000000000   10.007458500000000
  60.619999999999997   10.117786400000000
  61.560000000000002   10.272668700000001
  62.520000000000003   10.497389999999999
  63.490000000000002   10.792122700000000
  64.459999999999994   11.139622200000000
  65.450000000000003   11.542904099999999
  66.450000000000003   12.039859699999999
  67.450000000000003   12.621605900000000
  68.469999999999999   13.295834100000000
  69.500000000000000   14.119610800000000
  70.530000000000001   15.095243600000000
  71.579999999999998   16.319611500000001
  72.640000000000001   17.831819800000002
  73.709999999999994   19.902302500000001
  74.790000000000006   21.967336700000001


# temperature   40.000000000000000
#   -0.000197440077569    0.050925898595932   -4.907082745816711  210.156181769065967 -3360.378029798810985
  57.829999999999998   15.673592899999999
  58.750000000000000   15.779041200000000
  59.680000000000000   15.985006900000000
  60.619999999999997   16.272992200000001
  61.560000000000002   16.614504700000001
  62.520000000000003   17.038605900000000
  63.490000000000002   17.545818300000001
  64.459999999999994   18.115484299999999
  65.450000000000003   18.750890200000001
  66.450000000000003   19.494955099999999
  67.450000000000003   20.332906699999999
  68.469999999999999   21.274601300000000
  69.500000000000000   22.379819300000001
  70.530000000000001   23.642992300000000
  71.579999999999998   25.163228600000000
  72.640000000000001   26.969731800000002
  73.709999999999994   29.330152900000002
  74.790000000000006   31.459134400000000


# temperature   50.000000000000000
#   -0.000191608659024    0.049488266989498   -4.784096776710288  205.892885477818908 -3306.683273633564568
  57.829999999999998   21.458003200000000
  58.750000000000000   21.707693599999999
  59.680000000000000   22.063510099999998
  60.619999999999997   22.506327700000000
  61.560000000000002   23.005721900000001
  62.520000000000003   23.592731100000002
  63.490000000000002   24.267484000000000
  64.459999999999994   25.007125800000001
  65.450000000000003   25.815120000000000
  66.450000000000003   26.736788499999999
  67.450000000000003   27.753270300000001
  68.469999999999999   28.876285299999999
  69.500000000000000   30.166261400000000
  70.530000000000001   31.612731300000000
  71.579999999999998   33.315532099999999
  72.640000000000001   35.296487499999998
  73.709999999999994   37.821334499999999
  74.790000000000006   39.933878900000003


# temperature   60.000000000000000
#   -0.000190691898345    0.049375359244776   -4.789485316708134  206.901155768439310 -3330.997085230104858
  57.829999999999998   27.103770600000001
  58.750000000000000   27.470209499999999
  59.680000000000000   27.944697500000000
  60.619999999999997   28.507646099999999
  61.560000000000002   29.127279699999999
  62.520000000000003   29.835854500000000
  63.490000000000002   30.633068600000001
  64.459999999999994   31.494720300000001
  65.450000000000003   32.424506200000003
  66.450000000000003   33.469109000000003
  67.450000000000003   34.607004000000003
  68.469999999999999   35.851404500000001
  69.500000000000000   37.262894699999997
  70.530000000000001   38.827988200000000
  71.579999999999998   40.646652000000003
  72.640000000000001   42.734963999999998
  73.709999999999994   45.357320999999999
  74.790000000000006   47.418444000000001


# temperature   70.000000000000000
#   -0.000191275804793    0.049617572033185   -4.823324000961795  208.765900173838929 -3362.654754140868135
  57.829999999999998   32.472533400000003
  58.750000000000000   32.928921000000003
  59.680000000000000   33.493570300000002
  60.619999999999997   34.146599600000002
  61.560000000000002   34.855310000000003
  62.520000000000003   35.652796899999998
  63.490000000000002   36.538423500000000
  64.459999999999994   37.487155199999997
  65.450000000000003   38.502943100000003
  66.450000000000003   39.633326099999998
  67.450000000000003   40.855029000000002
  68.469999999999999   42.182412100000001
  69.500000000000000   43.676090600000002
  70.530000000000001   45.320642999999997
  71.579999999999998   47.215853500000001
  72.640000000000001   49.373091899999999
  73.709999999999994   52.055731999999999
  74.790000000000006   54.051121199999997


# temperature   80.000000000000000
#   -0.000192022219292    0.049865877701691   -4.852980422677146  210.206591115234005 -3383.950412885532387
  57.829999999999998   37.512411299999997
  58.750000000000000   38.037333500000003
  59.680000000000000   38.670031799999997
  60.619999999999997   39.390452799999998
  61.560000000000002   40.165259599999999
  62.520000000000003   41.028161900000001
  63.490000000000002   41.978278699999997
  64.459999999999994   42.990042799999998
  65.450000000000003   44.067648800000001
  66.450000000000003   45.259207699999997
  67.450000000000003   46.540261899999997
  68.469999999999999   47.926042199999998
  69.500000000000000   49.477161700000003
  70.530000000000001   51.176901600000001
  71.579999999999998   53.124689300000000
  72.640000000000001   55.327891399999999
  73.709999999999994   58.049046199999999
  74.790000000000006   59.973929599999998


# temperature   90.000000000000000
#   -0.000192596608725    0.050044962068397   -4.872978843150298  211.097461453145343 -3394.884560604675244
  57.829999999999998   42.217926599999998
  58.750000000000000   42.795310800000003
  59.680000000000000   43.479751299999997
  60.619999999999997   44.251100399999999
  61.560000000000002   45.075569299999998
  62.520000000000003   45.987334099999998
  63.490000000000002   46.985334500000000
  64.459999999999994   48.043649100000003
  65.450000000000003   49.166691800000002
  66.450000000000003   50.402970000000003
  67.450000000000003   51.727202900000002
  68.469999999999999   53.155284600000002
  69.500000000000000   54.747818199999998
  70.530000000000001   56.487178700000001
  71.579999999999998   58.472341100000001
  72.640000000000001   60.707179099999998
  73.709999999999994   63.453517099999999
  74.790000000000006   65.307589699999994


# temperature  100.000000000000000
#   -0.000192974317833    0.050158096431481   -4.884917471411568  211.574649159912695 -3398.732122052631894
  57.829999999999998   46.605271600000002
  58.750000000000000   47.223258899999998
  59.680000000000000   47.947548400000002
  60.619999999999997   48.757946500000003
  61.560000000000002   49.620334399999997
  62.520000000000003   50.569251399999999
  63.490000000000002   51.603501899999998
  64.459999999999994   52.696920100000000
  65.450000000000003   53.854112200000003
  66.450000000000003   55.123866499999998
  67.450000000000003   56.480314100000001
  68.469999999999999   57.939858299999997
  69.500000000000000   59.563092300000001
  70.530000000000001   61.331735100000003
  71.579999999999998   63.344259899999997
  72.640000000000001   65.601436100000001
  73.709999999999994   68.364459800000006
  74.790000000000006   70.149495400000006


# temperature  110.000000000000000
#   -0.000193200733011    0.050223328940138   -4.891314339506558  211.783541506540104 -3398.346495091186625
  57.829999999999998   50.699212400000000
  58.750000000000000   51.349042500000003
  59.680000000000000   52.104466899999998
  60.619999999999997   52.945274699999999
  61.560000000000002   53.837100499999998
  62.520000000000003   54.814771200000003
  63.490000000000002   55.876986100000003
  64.459999999999994   56.997405000000001
  65.450000000000003   58.180800699999999
  66.450000000000003   59.476164599999997
  67.450000000000003   60.857196500000001
  68.469999999999999   62.340696700000002
  69.500000000000000   63.987249100000000
  70.530000000000001   65.778084000000007
  71.579999999999998   67.811150699999999
  72.640000000000001   70.084421300000002
  73.709999999999994   72.858528500000006
  74.790000000000006   74.577218999999999


# temperature  120.000000000000000
#   -0.000193323904133    0.050256894597132   -4.894180348372387  211.830041969184293 -3395.646785600545627
  57.829999999999998   54.526650699999998
  58.750000000000000   55.201794200000002
  59.680000000000000   55.981896900000002
  60.619999999999997   56.846749000000003
  61.560000000000002   57.761794899999998
  62.520000000000003   58.762093700000001
  63.490000000000002   59.846260299999997
  64.459999999999994   60.987826200000001
  65.450000000000003   62.191709299999999
  66.450000000000003   63.507048099999999
  67.450000000000003   64.907220899999999
  68.469999999999999   66.409340499999999
  69.500000000000000   68.073983400000003
  70.530000000000001   69.882006300000000
  71.579999999999998   71.930828700000006
  72.640000000000001   74.215875499999996
  73.709999999999994   76.997266800000006
  74.790000000000006   78.652645899999996


# temperature  130.000000000000000
#   -0.000193380301752    0.050270459529988   -4.894889499892893  211.783012190750384 -3391.809499908799808
  57.829999999999998   58.113655500000000
  58.750000000000000   58.809186699999998
  59.680000000000000   59.609118899999999
  60.619999999999997   60.493254399999998
  61.560000000000002   61.426888200000000
  62.520000000000003   62.445268900000002
  63.490000000000002   63.546942100000003
  64.459999999999994   64.705342299999998
  65.450000000000003   65.925513899999999
  66.450000000000003   67.256703200000004
  67.450000000000003   68.672044000000000
  68.469999999999999   70.188898800000004
  69.500000000000000   71.867837800000004
  70.530000000000001   73.689425900000003
  71.579999999999998   75.750557299999997
  72.640000000000001   78.044317199999995
  73.709999999999994   80.830354700000001
  74.790000000000006   82.425509300000002


# temperature  140.000000000000000
#   -0.000193394964598    0.050271796392514   -4.894328493584200  211.685226104472747 -3387.523525566857188
  57.829999999999998   61.484231100000002
  58.750000000000000   62.196385200000002
  59.680000000000000   63.012453800000003
  60.619999999999997   63.912258199999997
  61.560000000000002   64.860973200000004
  62.520000000000003   65.894005000000007
  63.490000000000002   67.009839999999997
  64.459999999999994   68.181838200000001
  65.450000000000003   69.415154799999996
  66.450000000000003   70.759114900000000
  67.450000000000003   72.186664199999996
  68.469999999999999   73.715366500000002
  69.500000000000000   75.405787000000004
  70.530000000000001   77.238258599999995
  71.579999999999998   79.309160000000006
  72.640000000000001   81.609412199999994
  73.709999999999994   84.398228700000004
  74.790000000000006   85.936156299999993


# temperature  150.000000000000000
#   -0.000193384179670    0.050265865792723   -4.893049786390951  211.562396947702837 -3383.174474519147680
  57.829999999999998   64.659928899999997
  58.750000000000000   65.385790299999996
  59.680000000000000   66.215143400000002
  60.619999999999997   67.127832600000005
  61.560000000000002   68.088934399999999
  62.520000000000003   69.133986699999994
  63.490000000000002   70.261425500000001
  64.459999999999994   71.444551700000005
  65.450000000000003   72.688618599999998
  66.450000000000003   74.043008299999997
  67.450000000000003   75.480520400000003
  68.469999999999999   77.018882599999998
  69.500000000000000   78.718656199999998
  70.530000000000001   80.559986400000000
  71.579999999999998   82.638749899999993
  72.640000000000001   84.943854099999996
  73.709999999999994   87.734106499999996
  74.790000000000006   89.217648999999994


# temperature  160.000000000000000
#   -0.000193358558097    0.050255841173604   -4.891398182708277  211.429931609389371 -3378.972330538555525
  57.829999999999998   67.659853600000005
  58.750000000000000   68.397136099999997
  59.680000000000000   69.237542500000004
  60.619999999999997   70.160942599999998
  61.560000000000002   71.132331199999996
  62.520000000000003   72.187358099999997
  63.490000000000002   73.324414599999997
  64.459999999999994   74.516754500000005
  65.450000000000003   75.769718400000002
  66.450000000000003   77.132729200000000
  67.450000000000003   78.578471500000006
  68.469999999999999   80.124808400000006
  69.500000000000000   81.832297499999996
  70.530000000000001   83.680930599999996
  71.579999999999998   85.766097000000002
  72.640000000000001   88.074821700000001
  73.709999999999994   90.865531899999993
  74.790000000000006   92.297349199999999


# temperature  170.000000000000000
#   -0.000193324786160    0.050243693042417   -4.889582565018623  211.296704184525595 -3375.020854207969933
  57.829999999999998   70.500841100000002
  58.750000000000000   71.247730500000003
  59.680000000000000   72.097422899999998
  60.619999999999997   73.029815099999993
  61.560000000000002   74.009832700000004
  62.520000000000003   75.073221200000006
  63.490000000000002   76.218332300000000
  64.459999999999994   77.418381400000001
  65.450000000000003   78.678787499999999
  66.450000000000003   80.049001599999997
  67.450000000000003   81.501617800000005
  68.469999999999999   83.054611199999997
  69.500000000000000   84.768536800000007
  70.530000000000001   86.623258500000006
  71.579999999999998   88.713694599999997
  72.640000000000001   91.025102099999998
  73.709999999999994   93.815550400000006
  74.790000000000006   95.198114899999993


# temperature  180.000000000000000
#   -0.000193287044931    0.050230634367084   -4.887727731443280  211.167657090935478 -3371.363296638769953
  57.829999999999998   73.197696500000006
  58.750000000000000   73.952737200000001
  59.680000000000000   74.810300100000006
  60.619999999999997   75.750309200000004
  61.560000000000002   76.737631199999996
  62.520000000000003   77.808094299999993
  63.490000000000002   78.960014400000006
  64.459999999999994   80.166575199999997
  65.450000000000003   81.433266700000004
  66.450000000000003   82.809558199999998
  67.450000000000003   84.267971900000006
  68.469999999999999   85.826576900000006
  69.500000000000000   87.545925699999998
  70.530000000000001   89.405775399999996
  71.579999999999998   91.500588699999994
  72.640000000000001   93.813956099999999
  73.709999999999994   96.603609500000005
  74.790000000000006   97.939211299999997


# temperature  190.000000000000000
#   -0.000193247985154    0.050217418154651   -4.885908101659490  211.045444054381477 -3368.010217378966445
  57.829999999999998   75.763441400000005
  58.750000000000000   76.525453499999998
  59.680000000000000   77.389741000000001
  60.619999999999997   78.336255100000002
  61.560000000000002   79.329811599999999
  62.520000000000003   80.406310800000000
  63.490000000000002   81.564035899999993
  64.459999999999994   82.776144299999999
  65.450000000000003   84.048190300000002
  66.450000000000003   85.429654299999996
  67.450000000000003   86.893001200000000
  68.469999999999999   88.456379200000001
  69.500000000000000   90.180338699999993
  70.530000000000001   92.044546499999996
  71.579999999999998   94.143025499999993
  72.640000000000001   96.457790000000003
  73.709999999999994   99.246251999999998
  74.790000000000006  100.537009200000000


# temperature  200.000000000000000
#   -0.000193209218711    0.050204490793233   -4.884165278826632  210.931281726772539 -3364.953370167536377
  57.829999999999998   78.209546300000000
  58.750000000000000   78.977564400000006
  59.680000000000000   79.847639799999996
  60.619999999999997   80.799750900000006
  61.560000000000002   81.798669000000004
  62.520000000000003   82.880357700000005
  63.490000000000002   84.043070200000003
  64.459999999999994   85.259941600000005
  65.450000000000003   86.536585200000005
  66.450000000000003   87.922486300000003
  67.450000000000003   89.390064600000002
  68.469999999999999   90.957535199999995
  69.500000000000000   92.685446799999994
  70.530000000000001   94.553388799999993
  71.579999999999998   96.654959800000000
  72.640000000000001   98.970678699999993
  73.709999999999994  101.757654000000002
  74.790000000000006  103.005525800000001


# temperature  210.000000000000000
#   -0.000193171753985    0.050192121241712   -4.882522203810233  210.825610197426585 -3362.176116964710673
  57.829999999999998   80.546139100000005
  58.750000000000000   81.319366000000002
  59.680000000000000   82.194456700000003
  60.619999999999997   83.151416499999996
  61.560000000000002   84.154977500000001
  62.520000000000003   85.241158999999996
  63.490000000000002   86.408186700000002
  64.459999999999994   87.629176599999994
  65.450000000000003   88.909796200000002
  66.450000000000003   90.299531400000006
  67.450000000000003   91.770765600000004
  68.469999999999999   93.341771100000003
  69.500000000000000   95.073095199999997
  70.530000000000001   96.944260600000007
  71.579999999999998   99.048456299999998
  72.640000000000001  101.364779200000001
  73.709999999999994  104.150048299999995
  74.790000000000006  105.356847500000001


# temperature  220.000000000000000
#   -0.000193136003064    0.050180411135948   -4.880984898575470  210.728184531059981 -3359.654358035354107
  57.829999999999998   82.782186800000005
  58.750000000000000   83.559959000000006
  59.680000000000000   84.439422699999994
  60.619999999999997   85.400609299999999
  61.560000000000002   86.408216300000007
  62.520000000000003   87.498312499999997
  63.490000000000002   88.669097800000003
  64.459999999999994   89.893672100000003
  65.450000000000003   91.177752900000002
  66.450000000000003   92.570822600000000
  67.450000000000003   94.045236500000001
  68.469999999999999   95.619315599999993
  69.500000000000000   97.353606099999993
  70.530000000000001   99.227572899999998
  71.579999999999998  101.334009499999993
  72.640000000000001  103.650656699999999
  73.709999999999994  106.434057300000006
  74.790000000000006  107.601463800000005


# temperature  230.000000000000000
#   -0.000193102278542    0.050169430464009   -4.879556236379139  210.638679814059088 -3357.365856221724698
  57.829999999999998   84.925653199999999
  58.750000000000000   85.707414499999999
  59.680000000000000   86.590712800000006
  60.619999999999997   87.555605600000007
  61.560000000000002   88.566758800000002
  62.520000000000003   89.660286099999993
  63.490000000000002   90.834362999999996
  64.459999999999994   92.062075199999995
  65.450000000000003   93.349187000000001
  66.450000000000003   94.745174599999999
  67.450000000000003   96.222370699999999
  68.469999999999999   97.799138799999994
  69.500000000000000   99.536023799999995
  70.530000000000001  101.412440200000006
  71.579999999999998  103.520799600000004
  72.640000000000001  105.837546700000004
  73.709999999999994  108.618960599999994
  74.790000000000006  109.748532800000007


# temperature  240.000000000000000
#   -0.000193070758530    0.050159211655875   -4.878235610090405  210.556676191399617 -3355.289509500504209
  57.829999999999998   86.983633699999999
  58.750000000000000   87.768913999999995
  59.680000000000000   88.655592900000002
  60.619999999999997   89.623752400000001
  61.560000000000002   90.638030799999996
  62.520000000000003   91.734581500000004
  63.490000000000002   92.911557400000007
  64.459999999999994   94.142032000000000
  65.450000000000003   95.431812800000003
  66.450000000000003   96.830367499999994
  67.450000000000003   98.310011799999998
  68.469999999999999   99.889145600000006
  69.500000000000000  101.628312600000001
  70.530000000000001  103.506883299999998
  71.579999999999998  105.616899700000005
  72.640000000000001  107.933566099999993
  73.709999999999994  110.712908600000006
  74.790000000000006  111.806094900000005


# temperature  250.000000000000000
#   -0.000193041305877    0.050149702998845   -4.877014376394910  210.481452258058567 -3353.401486755926726
  57.829999999999998   88.962469700000000
  58.750000000000000   89.750869699999996
  59.680000000000000   90.640543100000002
  60.619999999999997   91.611596500000005
  61.560000000000002   92.628642499999998
  62.520000000000003   93.727870899999999
  63.490000000000002   94.907412899999997
  64.459999999999994   96.140331399999994
  65.450000000000003   97.432474499999998
  66.450000000000003   98.833299499999995
  67.450000000000003  100.315109100000001
  68.469999999999999  101.896334800000005
  69.500000000000000  103.637519499999996
  70.530000000000001  105.517994400000006
  71.579999999999998  107.629444599999999
  72.640000000000001  109.945884199999995
  73.709999999999994  112.723096499999997
  74.790000000000006  113.781245299999995


# temperature  260.000000000000000
#   -0.000193013948385    0.050140897085835   -4.875888651388859  210.412543056476693 -3351.684052271600194
  57.829999999999998   90.867846999999998
  58.750000000000000   91.659025299999996
  59.680000000000000   92.551363499999994
  60.619999999999997   93.524991999999997
  61.560000000000002   94.544500400000004
  62.520000000000003   95.646111200000007
  63.490000000000002   96.827935199999999
  64.459999999999994   98.063025999999994
  65.450000000000003   99.357269799999997
  66.450000000000003  100.760112000000007
  67.450000000000003  102.243845800000003
  68.469999999999999  103.826930200000007
  69.500000000000000  105.569907299999997
  70.530000000000001  107.452073700000000
  71.579999999999998  109.564768799999996
  72.640000000000001  111.880863099999999
  73.709999999999994  114.655906700000003
  74.790000000000006  115.680275699999996


# temperature  270.000000000000000
#   -0.000192988548763    0.050132743470532   -4.874850607717630  210.349349639351402 -3350.118795544873137
  57.829999999999998   92.704879500000004
  58.750000000000000   93.498542200000003
  59.680000000000000   94.393261800000005
  60.619999999999997   95.369191700000002
  61.560000000000002   96.390900099999996
  62.520000000000003   97.494639800000002
  63.490000000000002   98.678502100000003
  64.459999999999994   99.915532200000001
  65.450000000000003  101.211652099999995
  66.450000000000003  102.616294400000001
  67.450000000000003  104.101745800000003
  68.469999999999999  105.686488900000001
  69.500000000000000  107.431065500000003
  70.530000000000001  109.314741100000006
  71.579999999999998  111.428520199999994
  72.640000000000001  113.744173200000006
  73.709999999999994  116.517025300000000
  74.790000000000006  117.508789199999995


# temperature  280.000000000000000
#   -0.000192965020010    0.050125205963899   -4.873894135860902  210.291382528425032 -3348.690377379570691
  57.829999999999998   94.478180300000005
  58.750000000000000   95.274073599999994
  59.680000000000000   96.170929500000000
  60.619999999999997   97.148924199999996
  61.560000000000002   98.172606299999998
  62.520000000000003   99.278255900000005
  63.490000000000002  100.463945899999999
  64.459999999999994  101.702714200000003
  65.450000000000003  103.000516700000006
  66.450000000000003  104.406772099999998
  67.450000000000003  105.893762699999996
  68.469999999999999  107.479992300000006
  69.500000000000000  109.226001999999994
  70.530000000000001  111.111029799999997
  71.579999999999998  113.225755300000003
  72.640000000000001  115.540888800000005
  73.709999999999994  118.311538900000002
  74.790000000000006  119.271797399999997


# temperature  290.000000000000000
#   -0.000192943163797    0.050118220404294   -4.873010685074866  210.238076547463578 -3347.383314832065480
  57.829999999999998   96.191923000000003
  58.750000000000000   96.989826100000002
  59.680000000000000   97.888605799999993
  60.619999999999997   98.868459900000005
  61.560000000000002   99.893918999999997
  62.520000000000003  101.001288599999995
  63.490000000000002  102.188623899999996
  64.459999999999994  103.428955999999999
  65.450000000000003  104.728273200000004
  66.450000000000003  106.135979300000002
  67.450000000000003  107.624354699999998
  68.469999999999999  109.211921500000003
  69.500000000000000  110.959220200000004
  70.530000000000001  112.845463899999999
  71.579999999999998  114.961017600000005
  72.640000000000001  117.275568399999997
  73.709999999999994  120.044015500000000
  74.790000000000006  120.973799600000007


# temperature  300.000000000000000
#   -0.000192922958449    0.050111770285816   -4.872196659525524  210.189108322911267 -3346.186968907619303
  57.829999999999998   97.849894100000000
  58.750000000000000   98.649614499999998
  59.680000000000000   99.550132300000001
  60.619999999999997  100.531666799999996
  61.560000000000002  101.558731399999999
  62.520000000000003  102.667655300000007
  63.490000000000002  103.856476700000002
  64.459999999999994  105.098220699999999
  65.450000000000003  106.398906199999999
  66.450000000000003  107.807921800000003
  67.450000000000003  109.297547499999993
  68.469999999999999  110.886321499999994
  69.500000000000000  112.634783700000000
  70.530000000000001  114.522125000000003
  71.579999999999998  116.638404600000001
  72.640000000000001  118.952321299999994
  73.709999999999994  121.718572100000003
  74.790000000000006  122.618849800000007


# temperature  310.000000000000000
#   -0.000192904176650    0.050105785637098   -4.871443389820361  210.143952998267821 -3345.088131329103817
  57.829999999999998   99.455538200000007
  58.750000000000000  100.256907100000006
  59.680000000000000  101.159000399999996
  60.619999999999997  102.142058100000000
  61.560000000000002  103.170578199999994
  62.520000000000003  104.280911399999994
  63.490000000000002  105.471079500000002
  64.459999999999994  106.714102499999996
  65.450000000000003  108.016028199999994
  66.450000000000003  109.426229599999999
  67.450000000000003  110.916987899999995
  68.469999999999999  112.506855400000006
  69.500000000000000  114.256371400000006
  70.530000000000001  116.144706700000000
  71.579999999999998  118.261623499999999
  72.640000000000001  120.574864800000000
  73.709999999999994  123.338931599999995
  74.790000000000006  124.210613600000002


# temperature  320.000000000000000
#   -0.000192886780908    0.050100248235718   -4.870747585785449  210.102342748313418 -3344.078481622315394
  57.829999999999998  101.011996800000006
  58.750000000000000  101.814865499999996
  59.680000000000000  102.718391299999993
  60.619999999999997  103.702834300000006
  61.560000000000002  104.732677800000005
  62.520000000000003  105.844292499999995
  63.490000000000002  107.035684900000007
  64.459999999999994  108.279869899999994
  65.450000000000003  109.582923300000004
  66.450000000000003  110.994202000000001
  67.450000000000003  112.485989500000002
  68.469999999999999  114.076850399999998
  69.500000000000000  115.827323899999996
  70.530000000000001  117.716562199999998
  71.579999999999998  119.834039000000004
  72.640000000000001  122.146571600000001
  73.709999999999994  124.908471599999999
  74.790000000000006  125.752415799999994


# temperature  330.000000000000000
#   -0.000192870578615    0.050095098898346   -4.870102001735332  210.063848682968398 -3343.147532112611771
  57.829999999999998  102.522142299999999
  58.750000000000000  103.326379500000002
  59.680000000000000  104.231211400000007
  60.619999999999997  105.216917699999996
  61.560000000000002  106.247967900000006
  62.520000000000003  107.360751600000000
  63.490000000000002  108.553260100000003
  64.459999999999994  109.798503999999994
  65.450000000000003  111.102585700000006
  66.450000000000003  112.514845800000003
  67.450000000000003  114.007571200000001
  68.469999999999999  115.599337599999998
  69.500000000000000  117.350683500000002
  70.530000000000001  119.240744599999999
  71.579999999999998  121.358713899999998
  72.640000000000001  123.670511399999995
  73.709999999999994  126.430265000000006
  74.790000000000006  127.247280900000007


# temperature  340.000000000000000
#   -0.000192855547068    0.050090324979255   -4.869504227061701  210.028270729623614 -3342.289045689023169
  57.829999999999998  103.988606899999994
  58.750000000000000  104.794096300000007
  59.680000000000000  105.700122199999996
  60.619999999999997  106.686983699999999
  61.560000000000002  107.719137200000006
  62.520000000000003  108.832989999999995
  63.490000000000002  110.026518899999999
  64.459999999999994  111.272730400000000
  65.450000000000003  112.577752200000006
  66.450000000000003  113.990908899999994
  67.450000000000003  115.484491599999998
  68.469999999999999  117.077085299999993
  69.500000000000000  118.829228499999999
  70.530000000000001  120.720041300000005
  71.579999999999998  122.838443799999993
  72.640000000000001  125.149485499999997
  73.709999999999994  127.907115899999994
  74.790000000000006  128.697968400000008


# temperature  350.000000000000000
#   -0.000192841571299    0.050085889940283   -4.868949604477517  209.995321279748879 -3341.495721547062203
  57.829999999999998  105.413808500000002
  58.750000000000000  106.220446300000006
  59.680000000000000  107.127566599999994
  60.619999999999997  108.115487200000004
  61.560000000000002  109.148652100000007
  62.520000000000003  110.263485299999999
  63.490000000000002  111.457949400000004
  64.459999999999994  112.705047100000002
  65.450000000000003  114.010930999999999
  66.450000000000003  115.424908900000005
  67.450000000000003  116.919276999999994
  68.469999999999999  118.512628699999993
  69.500000000000000  120.265502200000000
  70.530000000000001  122.157003799999998
  71.579999999999998  124.275787300000005
  72.640000000000001  126.586057199999999
  73.709999999999994  129.341589599999992
  74.790000000000006  130.107002399999999


# temperature  360.000000000000000
#   -0.000192828531918    0.050081756636501   -4.868433526315972  209.964724528367555 -3340.760769344435630
  57.829999999999998  106.799972699999998
  58.750000000000000  107.607666399999999
  59.680000000000000  108.515792200000007
  60.619999999999997  109.504686000000007
  61.560000000000002  110.538780399999993
  62.520000000000003  111.654514699999993
  63.490000000000002  112.849837899999997
  64.459999999999994  114.097749600000000
  65.450000000000003  115.404425700000004
  66.450000000000003  116.819157599999997
  67.450000000000003  118.314246999999995
  68.469999999999999  119.908294999999995
  69.500000000000000  121.661839299999997
  70.530000000000001  123.553973299999996
  71.579999999999998  125.673091799999995
  72.640000000000001  127.982577800000001
  73.709999999999994  130.736038900000011
  74.790000000000006  131.476697800000011


# temperature  370.000000000000000
#   -0.000192816417649    0.050077917080849   -4.867954372061238  209.936344301765445 -3340.079965994764279
  57.829999999999998  108.149152400000006
  58.750000000000000  108.957819200000003
  59.680000000000000  109.866870899999995
  60.619999999999997  110.856661000000003
  61.560000000000002  111.891611400000002
  62.520000000000003  113.008175899999998
  63.490000000000002  114.204290400000005
  64.459999999999994  115.452951200000001
  65.450000000000003  116.760357099999993
  66.450000000000003  118.175782799999993
  67.450000000000003  119.671536399999994
  68.469999999999999  121.266225300000002
  69.500000000000000  123.020387099999994
  70.530000000000001  124.913103300000003
  71.579999999999998  127.032516000000001
  72.640000000000001  129.341209300000003
  73.709999999999994  132.092626899999999
  74.790000000000006  132.809182499999991


# temperature  380.000000000000000
#   -0.000192805090095    0.050074330348086   -4.867507370813668  209.909914553661025 -3339.447209553081848
  57.829999999999998  109.463244900000007
  58.750000000000000  110.272810300000003
  59.680000000000000  111.182716400000004
  60.619999999999997  112.173333999999997
  61.560000000000002  113.209074500000000
  62.520000000000003  114.326405500000007
  63.490000000000002  115.523250200000007
  64.459999999999994  116.772602000000006
  65.450000000000003  118.080681700000000
  66.450000000000003  119.496747299999996
  67.450000000000003  120.993113699999995
  68.469999999999999  122.588393900000000
  69.500000000000000  124.343125400000005
  70.530000000000001  126.236378700000003
  71.579999999999998  128.356049399999989
  72.640000000000001  130.663943999999987
  73.709999999999994  133.413346700000005
  74.790000000000006  134.106416899999999


# temperature  390.000000000000000
#   -0.000192794467092    0.050070970696559   -4.867089319491866  209.885243913865253 -3338.857818564995796
  57.829999999999998  110.744006999999996
  58.750000000000000  111.554404099999999
  59.680000000000000  112.465100199999995
  60.619999999999997  113.456483300000002
  61.560000000000002  114.492954499999996
  62.520000000000003  115.610994700000006
  63.490000000000002  116.808514700000003
  64.459999999999994  118.058505199999999
  65.450000000000003  119.367208199999993
  66.450000000000003  120.783865199999994
  67.450000000000003  122.280798200000007
  68.469999999999999  123.876625200000007
  69.500000000000000  125.631883400000007
  70.530000000000001  127.525633200000001
  71.579999999999998  129.645529699999997
  72.640000000000001  131.952621899999997
  73.709999999999994  134.700038500000005
  74.790000000000006  135.370211200000000


# temperature  400.000000000000000
#   -0.000192784550880    0.050067835074056   -4.866699326198114  209.862247916990754 -3338.309041229759714
  57.829999999999998  111.993068600000001
  58.750000000000000  112.804236799999998
  59.680000000000000  113.715664899999993
  60.619999999999997  114.707757200000003
  61.560000000000002  115.744905599999996
  62.520000000000003  116.863603400000002
  63.490000000000002  118.061749100000000
  64.459999999999994  119.312331200000003
  65.450000000000003  120.621611900000005
  66.450000000000003  122.038816600000004
  67.450000000000003  123.536274599999999
  68.469999999999999  125.132608000000005
  69.500000000000000  126.888354100000001
  70.530000000000001  128.782563900000014
  71.579999999999998  130.902657400000010
  72.640000000000001  133.208945499999999
  73.709999999999994  135.954405299999991
  74.790000000000006  136.602239900000001


# temperature  410.000000000000000
#   -0.000192775259489    0.050064898837834   -4.866334455276717  209.840758686408975 -3337.796930773218719
  57.829999999999998  113.211944000000003
  58.750000000000000  114.023828600000002
  59.680000000000000  114.935935999999998
  60.619999999999997  115.928686999999996
  61.560000000000002  116.966464200000004
  62.520000000000003  118.085772700000007
  63.490000000000002  119.284499199999999
  64.459999999999994  120.535630200000000
  65.450000000000003  121.845447500000006
  66.450000000000003  123.263160299999996
  67.450000000000003  124.761105499999999
  68.469999999999999  126.357909100000001
  69.500000000000000  128.114107899999993
  70.530000000000001  130.008744600000000
  71.579999999999998  132.129009499999995
  72.640000000000001  134.434493400000008
  73.709999999999994  137.178025600000012
  74.790000000000006  137.804055599999998


# temperature  420.000000000000000
#   -0.000192766581677    0.050062155947558   -4.865993623472710  209.820692068740954 -3337.319017869135678
  57.829999999999998  114.402042899999998
  58.750000000000000  115.214594099999999
  59.680000000000000  116.127333300000004
  60.619999999999997  117.120696899999999
  61.560000000000002  118.159058900000005
  62.520000000000003  119.278935599999997
  63.490000000000002  120.478202400000001
  64.459999999999994  121.729843599999995
  65.450000000000003  123.040160099999994
  66.450000000000003  124.458345100000003
  67.450000000000003  125.956743299999999
  68.469999999999999  127.553984000000000
  69.500000000000000  129.310603899999990
  70.530000000000001  131.205637499999995
  71.579999999999998  133.326050699999996
  72.640000000000001  135.630731700000013
  73.709999999999994  138.372365500000001
  74.790000000000006  138.977099799999991


# temperature  430.000000000000000
#   -0.000192758379070    0.050059567341105   -4.865672562805749  209.801829647889235 -3336.870775543044147
  57.829999999999998  115.564679400000003
  58.750000000000000  116.377852099999998
  59.680000000000000  117.291179600000007
  60.619999999999997  118.285113999999993
  61.560000000000002  119.324020899999994
  62.520000000000003  120.444427200000007
  63.490000000000002  121.644197300000002
  64.459999999999994  122.896313500000005
  65.450000000000003  124.207095400000000
  66.450000000000003  125.625719900000007
  67.450000000000003  127.124540100000004
  68.469999999999999  128.722187999999989
  69.500000000000000  130.479200100000014
  70.530000000000001  132.374603299999990
  71.579999999999998  134.495144199999999
  72.640000000000001  136.799024800000012
  73.709999999999994  139.538789000000008
  74.790000000000006  140.122713699999991


# temperature  440.000000000000000
#   -0.000192750720258    0.050057148823035   -4.865372459075208  209.784194611253184 -3336.451724046262370
  57.829999999999998  116.701080700000006
  58.750000000000000  117.514833499999995
  59.680000000000000  118.428709999999995
  60.619999999999997  119.423177100000004
  61.560000000000002  120.462592299999997
  62.520000000000003  121.583493099999998
  63.490000000000002  122.783732900000004
  64.459999999999994  124.036292000000003
  65.450000000000003  125.347508300000001
  66.450000000000003  126.766542799999996
  67.450000000000003  128.265756699999997
  68.469999999999999  129.863784399999986
  69.500000000000000  131.621162300000009
  70.530000000000001  133.516910400000000
  71.579999999999998  135.637560400000012
  72.640000000000001  137.940643999999992
  73.709999999999994  140.678567299999997
  74.790000000000006  141.242147200000005


# temperature  450.000000000000000
#   -0.000192743483607    0.050054866147094   -4.865089592375822  209.767598531677095 -3336.058015582877033
  57.829999999999998  117.812393999999998
  58.750000000000000  118.626689499999998
  59.680000000000000  119.541078799999994
  60.619999999999997  120.536043699999993
  61.560000000000002  121.575934200000006
  62.520000000000003  122.697297300000002
  63.490000000000002  123.897975900000006
  64.459999999999994  125.150948799999995
  65.450000000000003  126.462571299999993
  66.450000000000003  127.881988600000000
  67.450000000000003  129.381570399999987
  68.469999999999999  130.979952999999995
  69.500000000000000  132.737672699999990
  70.530000000000001  134.633743000000010
  71.579999999999998  136.754485499999987
  72.640000000000001  139.056776200000002
  73.709999999999994  141.792887000000007
  74.790000000000006  142.336566800000014


# temperature  460.000000000000000
#   -0.000192736722355    0.050052731501444   -4.864824862870127  209.752057644197038 -3335.689225109482322
  57.829999999999998  118.899693799999994
  58.750000000000000  119.714497399999999
  59.680000000000000  120.629366500000003
  60.619999999999997  121.624797500000000
  61.560000000000002  122.665132799999995
  62.520000000000003  123.786928900000007
  63.490000000000002  124.988018199999999
  64.459999999999994  126.241378200000000
  65.450000000000003  127.553381000000002
  66.450000000000003  128.973156299999999
  67.450000000000003  130.473082400000010
  68.469999999999999  132.071797199999992
  69.500000000000000  133.829836800000010
  70.530000000000001  135.726208500000013
  71.579999999999998  137.847028300000005
  72.640000000000001  140.148531300000002
  73.709999999999994  142.882857400000006
  74.790000000000006  143.407062999999994


# temperature  470.000000000000000
#   -0.000192730292145    0.050050704869670   -4.864574025802768  209.737364520026489 -3335.341324836711465
  57.829999999999998  119.963987500000002
  58.750000000000000  120.779267700000005
  59.680000000000000  121.694586400000006
  60.619999999999997  122.690454200000005
  61.560000000000002  123.731206400000005
  62.520000000000003  124.853408500000000
  63.490000000000002  126.054882899999996
  64.459999999999994  127.308605400000005
  65.450000000000003  128.620964799999996
  66.450000000000003  130.041075500000005
  67.450000000000003  131.541324199999991
  68.469999999999999  133.140350299999994
  69.500000000000000  134.898689600000012
  70.530000000000001  136.795343900000006
  71.579999999999998  138.916227300000003
  72.640000000000001  141.216948000000002
  73.709999999999994  143.949516799999998
  74.790000000000006  144.454656699999987


# temperature  480.000000000000000
#   -0.000192724246708    0.050048798967766   -4.864338098237028  209.723545382501896 -3335.014195672270944
  57.829999999999998  121.006220900000002
  58.750000000000000  121.821948599999999
  59.680000000000000  122.737689200000005
  60.619999999999997  123.733967000000007
  61.560000000000002  124.775110600000005
  62.520000000000003  125.897693899999993
  63.490000000000002  127.099529599999997
  64.459999999999994  128.353592200000008
  65.450000000000003  129.666286500000012
  66.450000000000003  131.086711699999995
  67.450000000000003  132.587263199999995
  68.469999999999999  134.186581399999994
  69.500000000000000  135.945201999999995
  70.530000000000001  137.842121399999996
  71.579999999999998  139.963056200000011
  72.640000000000001  142.263000500000004
  73.709999999999994  144.993839000000008
  74.790000000000006  145.480304999999987


# temperature  490.000000000000000
#   -0.000192718501176    0.050046989924784   -4.864114491510300  209.710469588336196 -3334.705188680741230
  57.829999999999998  122.027283199999999
  58.750000000000000  122.843431800000005
  59.680000000000000  123.759568599999994
  60.619999999999997  124.756231799999995
  61.560000000000002  125.797743199999999
  62.520000000000003  126.920685000000006
  63.490000000000002  128.122860300000013
  64.459999999999994  129.377242200000012
  65.450000000000003  130.690251399999994
  66.450000000000003  132.110972000000004
  67.450000000000003  133.611808099999990
  68.469999999999999  135.211400700000013
  69.500000000000000  136.970285600000011
  70.530000000000001  138.867454100000003
  71.579999999999998  140.988429200000013
  72.640000000000001  143.287603399999995
  73.709999999999994  146.016738000000004
  74.790000000000006  146.484906200000012


# temperature  500.000000000000000
#   -0.000192713110991    0.050045291330709   -4.863904367513129  209.698173692588114 -3334.414465111826757
  57.829999999999998  123.028011199999995
  58.750000000000000  123.844555999999997
  59.680000000000000  124.761065599999995
  60.619999999999997  125.758091399999998
  61.560000000000002  126.799948900000004
  62.520000000000003  127.923228300000005
  63.490000000000002  129.125723099999988
  64.459999999999994  130.380405300000007
  65.450000000000003  131.693711000000008
  66.450000000000003  133.114709299999987
  67.450000000000003  134.615813000000003
  68.469999999999999  136.215663900000010
  69.500000000000000  137.974797499999994
  70.530000000000001  139.872200399999997
  71.579999999999998  141.993205499999988
  72.640000000000001  144.291616299999987
  73.709999999999994  147.019072999999992
  74.790000000000006  147.469304899999997


# temperature  510.000000000000000
#   -0.000192708010257    0.050043684194526   -4.863705622970953  209.686549810037462 -3334.139815968782841
  57.829999999999998  124.009193499999995
  58.750000000000000  124.826111800000007
  59.680000000000000  125.742972399999999
  60.619999999999997  126.740339899999995
  61.560000000000002  127.782523400000002
  62.520000000000003  128.906120899999991
  63.490000000000002  130.108916800000003
  64.459999999999994  131.363881700000007
  65.450000000000003  132.677466900000013
  66.450000000000003  134.098726699999986
  67.450000000000003  135.600082600000007
  68.469999999999999  137.200176699999986
  69.500000000000000  138.959544499999993
  70.530000000000001  140.857168099999996
  71.579999999999998  142.978194099999996
  72.640000000000001  145.275848400000001
  73.709999999999994  148.001652500000006
  74.790000000000006  148.434295899999995


# temperature  520.000000000000000
#   -0.000192703174675    0.050042161081998   -4.863517359820148  209.675546162469317 -3333.880022595348692
  57.829999999999998  124.971573899999996
  58.750000000000000  125.788844600000004
  59.680000000000000  126.706036200000000
  60.619999999999997  127.703726000000003
  61.560000000000002  128.746217000000001
  62.520000000000003  129.870114800000010
  63.490000000000002  131.073194599999994
  64.459999999999994  132.328426000000007
  65.450000000000003  133.642275000000012
  66.450000000000003  135.063781100000000
  67.450000000000003  136.565374800000001
  68.469999999999999  138.165698300000003
  69.500000000000000  139.925287099999991
  70.530000000000001  141.823118899999997
  71.579999999999998  143.944157399999995
  72.640000000000001  146.241062300000010
  73.709999999999994  148.965238499999998
  74.790000000000006  149.380628099999996


# temperature  530.000000000000000
#   -0.000192698568643    0.050040711908788   -4.863338455544501  209.665103204306462 -3333.633787403015958
  57.829999999999998  125.915854800000005
  58.750000000000000  126.733458600000006
  59.680000000000000  127.650962500000006
  60.619999999999997  128.648956700000014
  61.560000000000002  129.691738100000009
  62.520000000000003  130.815919600000001
  63.490000000000002  132.019267399999990
  64.459999999999994  133.274750299999994
  65.450000000000003  134.588848500000012
  66.450000000000003  136.010587100000009
  67.450000000000003  137.512405300000012
  68.469999999999999  139.112945400000001
  69.500000000000000  140.872742700000003
  70.530000000000001  142.770771099999990
  71.579999999999998  144.891814500000010
  72.640000000000001  147.187977300000000
  73.709999999999994  149.910550000000001
  74.790000000000006  150.309007900000012


# temperature  540.000000000000000
#   -0.000192694215867    0.050039341801819   -4.863169251886749  209.655224313549269 -3333.400838303976343
  57.829999999999998  126.842700399999998
  58.750000000000000  127.660619199999999
  59.680000000000000  128.578418300000010
  60.619999999999997  129.576700100000011
  61.560000000000002  130.619756099999989
  62.520000000000003  131.744205800000003
  63.490000000000002  132.947807000000012
  64.459999999999994  134.203527500000007
  65.450000000000003  135.517861299999993
  66.450000000000003  136.939819599999993
  67.450000000000003  138.441849999999988
  68.469999999999999  140.042594799999989
  69.500000000000000  141.802589200000000
  70.530000000000001  143.700803299999990
  71.579999999999998  145.821844800000008
  72.640000000000001  148.117272700000001
  73.709999999999994  150.838265600000000
  74.790000000000006  151.220102400000002


# temperature  550.000000000000000
#   -0.000192690098945    0.050038045438260   -4.863009104207590  209.645872116441780 -3333.180288764398483
  57.829999999999998  127.752739099999999
  58.750000000000000  128.570956099999989
  59.680000000000000  129.489034299999986
  60.619999999999997  130.487588299999999
  61.560000000000002  131.530904099999987
  62.520000000000003  132.655607800000013
  63.490000000000002  133.859448799999996
  64.459999999999994  135.115393899999987
  65.450000000000003  136.429950899999994
  66.450000000000003  137.852116700000010
  67.450000000000003  139.354347999999987
  68.469999999999999  140.955286400000006
  69.500000000000000  142.715467300000000
  70.530000000000001  144.613857200000012
  71.579999999999998  146.734890500000006
  72.640000000000001  149.029591000000011
  73.709999999999994  151.749027299999995
  74.790000000000006  152.114542400000005


# temperature  560.000000000000000
#   -0.000192686171830    0.050036809602511   -4.862856558348732  209.636972759263756 -3332.970647687639939
  57.829999999999998  128.646566100000001
  58.750000000000000  129.465065799999991
  59.680000000000000  130.383408199999991
  60.619999999999997  131.382220100000012
  61.560000000000002  132.425781900000004
  62.520000000000003  133.550726400000002
  63.490000000000002  134.754794400000009
  64.459999999999994  136.010952099999997
  65.450000000000003  137.325720600000011
  66.450000000000003  138.748082900000014
  67.450000000000003  140.250504299999989
  68.469999999999999  141.851626199999998
  69.500000000000000  143.611983699999996
  70.530000000000001  145.510540099999986
  71.579999999999998  147.631559299999992
  72.640000000000001  149.925540000000012
  73.709999999999994  152.643442300000004
  74.790000000000006  152.992924700000003


# temperature  570.000000000000000
#   -0.000192682463705    0.050035641849111   -4.862712304340961  209.628550616732099 -3332.772113060104857
  57.829999999999998  129.524745700000011
  58.750000000000000  130.343513500000000
  59.680000000000000  131.262106299999999
  60.619999999999997  132.261162700000000
  61.560000000000002  133.304957800000011
  62.520000000000003  134.430130700000007
  63.490000000000002  135.634414099999987
  64.459999999999994  136.890773099999990
  65.450000000000003  138.205742299999997
  66.450000000000003  139.628290700000008
  67.450000000000003  141.130892399999993
  68.469999999999999  142.732188199999996
  69.500000000000000  144.492713100000003
  70.530000000000001  146.391427200000010
  71.579999999999998  148.512427300000013
  72.640000000000001  150.805695500000013
  73.709999999999994  153.522086099999996
  74.790000000000006  153.855814699999996


# temperature  580.000000000000000
#   -0.000192678886124    0.050034517680828   -4.862573773135487  209.620483615342749 -3332.582432952895033
  57.829999999999998  130.387813499999993
  58.750000000000000  131.206835899999987
  59.680000000000000  132.125666300000006
  60.619999999999997  133.124954699999989
  61.560000000000002  134.168971099999993
  62.520000000000003  135.294360799999993
  63.490000000000002  136.498848500000008
  64.459999999999994  137.755398600000007
  65.450000000000003  139.070558299999988
  66.450000000000003  140.493283200000008
  67.450000000000003  141.996056000000010
  68.469999999999999  143.597516700000000
  69.500000000000000  145.358200500000009
  70.530000000000001  147.257064299999996
  71.579999999999998  149.378040400000003
  72.640000000000001  151.670603699999987
  73.709999999999994  154.385504099999991
  74.790000000000006  154.703748600000011


# temperature  590.000000000000000
#   -0.000192675482839    0.050033448229287   -4.862441988705023  209.612810485785360 -3332.402053853844791
  57.829999999999998  131.236278199999987
  58.750000000000000  132.055542500000001
  59.680000000000000  132.974598299999997
  60.619999999999997  133.974107099999998
  61.560000000000002  135.018333799999994
  62.520000000000003  136.143929700000001
  63.490000000000002  137.348611400000010
  64.459999999999994  138.605342799999988
  65.450000000000003  139.920683499999996
  66.450000000000003  141.343576000000013
  67.450000000000003  142.846511099999987
  68.469999999999999  144.448128599999990
  69.500000000000000  146.208963299999994
  70.530000000000001  148.107969300000008
  71.579999999999998  150.228916999999996
  72.640000000000001  152.520782999999994
  73.709999999999994  155.234214299999991
  74.790000000000006  155.537235100000004


# temperature  600.000000000000000
#   -0.000192672299464    0.050032445057190   -4.862318014298499  209.605571752452931 -3332.231459811829609
  57.829999999999998  132.070623100000006
  58.750000000000000  132.890117699999990
  59.680000000000000  133.809387700000002
  60.619999999999997  134.809106000000014
  61.560000000000002  135.853532599999994
  62.520000000000003  136.979324499999990
  63.490000000000002  138.184190699999988
  64.459999999999994  139.441094300000003
  65.450000000000003  140.756607199999991
  66.450000000000003  142.179658799999999
  67.450000000000003  143.682748400000008
  68.469999999999999  145.284514800000011
  69.500000000000000  147.045492899999999
  70.530000000000001  148.944634100000002
  71.579999999999998  151.065549500000003
  72.640000000000001  153.356725500000010
  73.709999999999994  156.068708399999991
  74.790000000000006  156.356757499999986


# temperature  610.000000000000000
#   -0.000192669204959    0.050031473061440   -4.862198303515627  209.598606242623731 -3332.067839545857169
  57.829999999999998  132.891308500000008
  58.750000000000000  133.711022200000002
  59.680000000000000  134.630495900000000
  60.619999999999997  135.630413500000003
  61.560000000000002  136.675030300000003
  62.520000000000003  137.801008899999999
  63.490000000000002  139.006050600000009
  64.459999999999994  140.263117800000003
  65.450000000000003  141.578794799999997
  66.450000000000003  143.001997600000010
  67.450000000000003  144.505234199999990
  68.469999999999999  146.107142299999992
  69.500000000000000  147.868256800000012
  70.530000000000001  149.767526599999997
  71.579999999999998  151.888406099999997
  72.640000000000001  154.178899500000000
  73.709999999999994  156.889454099999995
  74.790000000000006  157.162775399999987


# temperature  620.000000000000000
#   -0.000192666261252    0.050030547953391   -4.862084320354727  209.591972123650834 -3331.911981686108447
  57.829999999999998  133.698772200000008
  58.750000000000000  134.518694699999998
  59.680000000000000  135.438362299999994
  60.619999999999997  136.438469700000013
  61.560000000000002  137.483267600000005
  62.520000000000003  138.609423999999990
  63.490000000000002  139.814632899999992
  64.459999999999994  141.071855800000009
  65.450000000000003  142.387689099999989
  66.450000000000003  143.811035800000013
  67.450000000000003  145.314412199999992
  68.469999999999999  146.916455299999996
  69.500000000000000  148.677699700000005
  70.530000000000001  150.577091899999999
  71.579999999999998  152.697932100000003
  72.640000000000001  154.987750400000010
  73.709999999999994  157.696896299999992
  74.790000000000006  157.955725900000004


# temperature  630.000000000000000
#   -0.000192663478520    0.050029672079105   -4.861976235719891  209.585672077612401 -3331.763786408547276
  57.829999999999998  134.493431700000002
  58.750000000000000  135.313553299999995
  59.680000000000000  136.233405500000003
  60.619999999999997  137.233693799999998
  61.560000000000002  138.278664300000003
  62.520000000000003  139.404990300000009
  63.490000000000002  140.610358399999996
  64.459999999999994  141.867729700000012
  65.450000000000003  143.183712000000014
  66.450000000000003  144.607195600000011
  67.450000000000003  146.110705400000001
  68.469999999999999  147.712876999999992
  69.500000000000000  149.474245200000013
  70.530000000000001  151.373753999999991
  71.579999999999998  153.494551999999999
  72.640000000000001  155.783702500000004
  73.709999999999994  158.491458899999998
  74.790000000000006  158.736025500000011


# temperature  640.000000000000000
#   -0.000192660776351    0.050028823952152   -4.861871881982015  209.579607437572236 -3331.621519445098329
  57.829999999999998  135.275684899999987
  58.750000000000000  136.095996399999990
  59.680000000000000  137.016024700000003
  60.619999999999997  138.016485499999987
  61.560000000000002  139.061620500000004
  62.520000000000003  140.188108400000004
  63.490000000000002  141.393628400000011
  64.459999999999994  142.651140999999996
  65.450000000000003  143.967265499999996
  66.450000000000003  145.390879699999999
  67.450000000000003  146.894516600000003
  68.469999999999999  148.496810799999992
  69.500000000000000  150.258296999999999
  70.530000000000001  152.157916999999998
  71.579999999999998  154.278670000000005
  72.640000000000001  156.567159900000007
  73.709999999999994  159.273545600000006
  74.790000000000006  159.504070799999994


# temperature  650.000000000000000
#   -0.000192658200770    0.050028015049129   -4.861772303463166  209.573818232551105 -3331.485688025731633
  57.829999999999998  136.045911700000005
  58.750000000000000  136.866404600000010
  59.680000000000000  137.786600700000008
  60.619999999999997  138.787226199999992
  61.560000000000002  139.832518300000004
  62.520000000000003  140.959160700000012
  63.490000000000002  142.164825600000000
  64.459999999999994  143.422472999999997
  65.450000000000003  144.738733400000001
  66.450000000000003  146.162472100000002
  67.450000000000003  147.666230200000001
  68.469999999999999  149.268641400000007
  69.500000000000000  151.030240300000003
  70.530000000000001  152.929966500000006
  71.579999999999998  155.050671899999998
  72.640000000000001  157.338508399999995
  73.709999999999994  160.043541699999992
  74.790000000000006  160.260240299999992


# temperature  660.000000000000000
#   -0.000192655767872    0.050027249524924   -4.861677882489291  209.568318418198231 -3331.356425990005846
  57.829999999999998  136.804474699999986
  58.750000000000000  137.625141000000013
  59.680000000000000  138.545497299999994
  60.619999999999997  139.546279999999996
  61.560000000000002  140.591722099999998
  62.520000000000003  141.718512299999986
  63.490000000000002  142.924315600000000
  64.459999999999994  144.182091600000007
  65.450000000000003  145.498481900000002
  66.450000000000003  146.922339300000004
  67.450000000000003  148.426213300000001
  68.469999999999999  150.028736199999997
  69.500000000000000  151.790442700000000
  70.530000000000001  153.690270199999986
  71.579999999999998  155.810925800000007
  72.640000000000001  158.098115900000010
  73.709999999999994  160.801814699999994
  74.790000000000006  161.004895199999993


# temperature  670.000000000000000
#   -0.000192653424454    0.050026513110631   -4.861587170053492  209.563041328258947 -3331.232542302015190
  57.829999999999998  137.551720499999988
  58.750000000000000  138.372552700000000
  59.680000000000000  139.293061999999992
  60.619999999999997  140.293994900000001
  61.560000000000002  141.339580500000011
  62.520000000000003  142.466511999999994
  63.490000000000002  143.672447599999998
  64.459999999999994  144.930346299999997
  65.450000000000003  146.246860800000007
  66.450000000000003  147.670831600000014
  67.450000000000003  149.174816300000003
  68.469999999999999  150.777445999999998
  69.500000000000000  152.539255300000008
  70.530000000000001  154.439179700000011
  71.579999999999998  156.559783299999992
  72.640000000000001  158.846334000000013
  73.709999999999994  161.548715799999997
  74.790000000000006  161.738380599999999


# temperature  680.000000000000000
#   -0.000192651165105    0.050025803734888   -4.861499880825142  209.557969535666103 -3331.113627417435509
  57.829999999999998  138.287980599999997
  58.750000000000000  139.108971499999996
  59.680000000000000  140.029627000000005
  60.619999999999997  141.030703700000004
  61.560000000000002  142.076426400000003
  62.520000000000003  143.203493100000003
  63.490000000000002  144.409555200000000
  64.459999999999994  145.667571299999992
  65.450000000000003  146.984204599999998
  66.450000000000003  148.408283699999998
  67.450000000000003  149.912374300000010
  68.469999999999999  151.515106199999991
  69.500000000000000  153.277013799999992
  70.530000000000001  155.177030800000011
  71.579999999999998  157.297580600000003
  72.640000000000001  159.583498800000001
  73.709999999999994  162.284580599999998
  74.790000000000006  162.461026000000004


# temperature  690.000000000000000
#   -0.000192649005051    0.050025125352815   -4.861416383320833  209.553116931356300 -3330.999832294848147
  57.829999999999998  139.013572100000005
  58.750000000000000  139.834714899999994
  59.680000000000000  140.755510399999991
  60.619999999999997  141.756724600000013
  61.560000000000002  142.802578500000010
  62.520000000000003  143.929774699999996
  63.490000000000002  145.135957899999994
  64.459999999999994  146.394086200000004
  65.450000000000003  147.710833400000013
  66.450000000000003  149.135016100000001
  67.450000000000003  150.639207999999996
  68.469999999999999  152.242037500000009
  69.500000000000000  154.004039199999994
  70.530000000000001  155.904144800000012
  71.579999999999998  158.024639000000008
  72.640000000000001  160.309931699999993
  73.709999999999994  163.009730100000013
  74.790000000000006  163.173147000000000


# temperature  700.000000000000000
#   -0.000192646922538    0.050024471729311   -4.861335998548668  209.548449816911017 -3330.890502691276197
  57.829999999999998  139.728798699999999
  58.750000000000000  140.550087200000007
  59.680000000000000  141.471016399999996
  60.619999999999997  142.472362400000009
  61.560000000000002  143.518341899999996
  62.520000000000003  144.645662299999998
  63.490000000000002  145.851961399999993
  64.459999999999994  147.110196999999999
  65.450000000000003  148.427053300000011
  66.450000000000003  149.851335100000000
  67.450000000000003  151.355624000000006
  68.469999999999999  152.958547100000004
  69.500000000000000  154.720638900000012
  70.530000000000001  156.620829399999991
  71.579999999999998  158.741266400000001
  72.640000000000001  161.025940100000014
  73.709999999999994  163.724471499999993
  74.790000000000006  163.875045199999988


# temperature  710.000000000000000
#   -0.000192644972340    0.050023857464664   -4.861260170093412  209.544030424423454 -3330.786608230648653
  57.829999999999998  140.433951299999990
  58.750000000000000  141.255379400000010
  59.680000000000000  142.176436800000005
  60.619999999999997  143.177909000000000
  61.560000000000002  144.224008900000001
  62.520000000000003  145.351448199999993
  63.490000000000002  146.557858500000009
  64.459999999999994  147.816196899999994
  65.450000000000003  149.133157799999992
  66.450000000000003  150.557534400000009
  67.450000000000003  152.061916300000007
  68.469999999999999  153.664929099999995
  69.500000000000000  155.427107100000001
  70.530000000000001  157.327378900000014
  71.579999999999998  159.447757300000006
  72.640000000000001  161.731818800000013
  73.709999999999994  164.429099000000008
  74.790000000000006  164.567009700000000


# temperature  720.000000000000000
#   -0.000192643056322    0.050023256302232   -4.861186257254385  209.539739993483380 -3330.686119998021240
  57.829999999999998  141.129308799999990
  58.750000000000000  141.950870799999990
  59.680000000000000  142.872050999999999
  60.619999999999997  143.873644200000001
  61.560000000000002  144.919859599999995
  62.520000000000003  146.047413100000000
  63.490000000000002  147.253929800000009
  64.459999999999994  148.512366700000001
  65.450000000000003  149.829428000000007
  66.450000000000003  151.253895400000005
  67.450000000000003  152.758366400000000
  68.469999999999999  154.361465100000004
  69.500000000000000  156.123725900000011
  70.530000000000001  158.024075699999997
  71.579999999999998  160.144394199999994
  72.640000000000001  162.427849900000012
  73.709999999999994  165.123894500000006
  74.790000000000006  165.249317499999989


# temperature  730.000000000000000
#   -0.000192641212463    0.050022677910520   -4.861115166871237  209.535615125911590 -3330.589555977930104
  57.829999999999998  141.815138700000006
  58.750000000000000  142.636829299999988
  59.680000000000000  143.558127200000001
  60.619999999999997  144.559836499999989
  61.560000000000002  145.606162600000005
  62.520000000000003  146.733825700000011
  63.490000000000002  147.940444600000006
  64.459999999999994  149.198975799999999
  65.450000000000003  150.516133499999995
  66.450000000000003  151.940687999999994
  67.450000000000003  153.445244500000001
  68.469999999999999  155.048425600000002
  69.500000000000000  156.810765800000013
  70.530000000000001  158.711190399999992
  71.579999999999998  160.831447700000012
  72.640000000000001  163.114304099999998
  73.709999999999994  165.809128399999992
  74.790000000000006  165.922234099999997


# temperature  740.000000000000000
#   -0.000192639475391    0.050022131304305   -4.861047766542919  209.531691946545862 -3330.497449741373202
  57.829999999999998  142.491697600000009
  58.750000000000000  143.313511699999992
  59.680000000000000  144.234922600000004
  60.619999999999997  145.236743300000001
  61.560000000000002  146.283175699999987
  62.520000000000003  147.410944099999995
  63.490000000000002  148.617660999999998
  64.459999999999994  149.876282699999990
  65.450000000000003  151.193533000000002
  66.450000000000003  152.618170999999990
  67.450000000000003  154.122809499999988
  68.469999999999999  155.726069800000005
  69.500000000000000  157.488486099999989
  70.530000000000001  159.388982499999997
  71.579999999999998  161.509177700000009
  72.640000000000001  163.791440999999992
  73.709999999999994  166.485059799999988
  74.790000000000006  166.586014299999988


# temperature  750.000000000000000
#   -0.000192637772824    0.050021597248959   -4.860982131420969  209.527884238243161 -3330.408331428642214
  57.829999999999998  143.159232199999991
  58.750000000000000  143.981165000000004
  59.680000000000000  144.902684200000010
  60.619999999999997  145.904611899999992
  61.560000000000002  146.951146399999999
  62.520000000000003  148.079015999999996
  63.490000000000002  149.285827200000000
  64.459999999999994  150.544535599999989
  65.450000000000003  151.861874900000004
  66.450000000000003  153.286593000000011
  67.450000000000003  154.791310399999986
  68.469999999999999  156.394646599999987
  69.500000000000000  158.157136100000002
  70.530000000000001  160.057701400000013
  71.579999999999998  162.177833399999997
  72.640000000000001  164.459509999999995
  73.709999999999994  167.151937800000013
  74.790000000000006  167.240902500000004


# temperature  760.000000000000000
#   -0.000192636140863    0.050021085053820   -4.860919149870250  209.524228771557290 -3330.322744279286326
  57.829999999999998  143.817979199999996
  58.750000000000000  144.640026199999994
  59.680000000000000  145.561649399999993
  60.619999999999997  146.563680000000005
  61.560000000000002  147.610312599999986
  62.520000000000003  148.738279500000004
  63.490000000000002  149.945181100000013
  64.459999999999994  151.203972899999997
  65.450000000000003  152.521397799999988
  66.450000000000003  153.946192800000006
  67.450000000000003  155.450985900000006
  68.469999999999999  157.054395199999988
  69.500000000000000  158.816954900000013
  70.530000000000001  160.717586500000010
  71.579999999999998  162.837654399999991
  72.640000000000001  165.118750400000010
  73.709999999999994  167.810001400000004
  74.790000000000006  167.887133599999999


# temperature  770.000000000000000
#   -0.000192634602805    0.050020600734437   -4.860859392053045  209.520748658045846 -3330.241012465510266
  57.829999999999998  144.468166400000001
  58.750000000000000  145.290323199999989
  59.680000000000000  146.212046399999991
  60.619999999999997  147.214175799999992
  61.560000000000002  148.260902700000003
  62.520000000000003  149.388963300000000
  63.490000000000002  150.595951899999989
  64.459999999999994  151.854823699999997
  65.450000000000003  153.172331000000014
  66.450000000000003  154.597199799999999
  67.450000000000003  156.102065699999997
  68.469999999999999  157.705545199999989
  69.500000000000000  159.468172500000009
  70.530000000000001  161.368867700000010
  71.579999999999998  163.488870800000001
  72.640000000000001  165.769392199999999
  73.709999999999994  168.459480299999996
  74.790000000000006  168.524933400000009


# temperature  780.000000000000000
#   -0.000192633064725    0.050020119209102   -4.860800345830094  209.517331744949189 -3330.161243298553927
  57.829999999999998  145.110012699999999
  58.750000000000000  145.932275099999998
  59.680000000000000  146.854094400000008
  60.619999999999997  147.856318899999991
  61.560000000000002  148.903136600000011
  62.520000000000003  150.031287300000002
  63.490000000000002  151.238359599999995
  64.459999999999994  152.497308299999986
  65.450000000000003  153.814894900000013
  66.450000000000003  155.239834699999989
  67.450000000000003  156.744770499999987
  68.469999999999999  158.348317500000007
  69.500000000000000  160.111009899999999
  70.530000000000001  162.011766399999999
  71.579999999999998  164.131703899999991
  72.640000000000001  166.411656700000009
  73.709999999999994  169.100595499999997
  74.790000000000006  169.154518700000011


# temperature  790.000000000000000
#   -0.000192631614740    0.050019663972043   -4.860744346285726  209.514080266312419 -3330.085090783473788
  57.829999999999998  145.743728699999991
  58.750000000000000  146.566092999999995
  59.680000000000000  147.488004700000005
  60.619999999999997  148.490320700000012
  61.560000000000002  149.537225699999993
  62.520000000000003  150.665463200000005
  63.490000000000002  151.872615999999994
  64.459999999999994  153.131638699999996
  65.450000000000003  154.449301700000007
  66.450000000000003  155.874309600000004
  67.450000000000003  157.379312900000002
  68.469999999999999  158.982924900000000
  69.500000000000000  160.745679700000011
  70.530000000000001  162.646495200000004
  71.579999999999998  164.766366599999998
  72.640000000000001  167.045756500000010
  73.709999999999994  169.733559299999996
  74.790000000000006  169.776098300000001


# temperature  800.000000000000000
#   -0.000192630208324    0.050019222691306   -4.860690110277878  209.510934548389514 -3330.011501168162795
  57.829999999999998  146.369517400000007
  58.750000000000000  147.191979800000013
  59.680000000000000  148.113980300000009
  60.619999999999997  149.116384500000009
  61.560000000000002  150.163373500000006
  62.520000000000003  151.291694699999994
  63.490000000000002  152.498925100000008
  64.459999999999994  153.758018899999996
  65.450000000000003  155.075755500000014
  66.450000000000003  156.500829000000010
  67.450000000000003  158.005897099999999
  68.469999999999999  159.609571700000004
  69.500000000000000  161.372386799999987
  70.530000000000001  163.273258900000002
  71.579999999999998  165.393063600000005
  72.640000000000001  167.671896500000003
  73.709999999999994  170.358576400000004
  74.790000000000006  170.389873099999988


# temperature  810.000000000000000
#   -0.000192628851161    0.050018796918740   -4.860637790254937  209.507900699784557 -3329.940547942581816
  57.829999999999998  146.987573999999995
  58.750000000000000  147.810131000000013
  59.680000000000000  148.732217100000014
  60.619999999999997  149.734706100000011
  61.560000000000002  150.781776100000002
  62.520000000000003  151.910178000000002
  63.490000000000002  153.117482999999993
  64.459999999999994  154.376645300000007
  65.450000000000003  155.694452899999987
  66.450000000000003  157.119589499999989
  67.450000000000003  158.624720099999990
  68.469999999999999  160.228454900000003
  69.500000000000000  161.991328000000010
  70.530000000000001  163.892254799999989
  71.579999999999998  166.011992300000003
  72.640000000000001  168.290273799999994
  73.709999999999994  170.975843400000002
  74.790000000000006  170.996036400000008


# temperature  820.000000000000000
#   -0.000192627567843    0.050018393260503   -4.860588042623810  209.505007074133999 -3329.872672232930654
  57.829999999999998  147.598086899999998
  58.750000000000000  148.420735100000002
  59.680000000000000  149.342903500000006
  60.619999999999997  150.345474400000001
  61.560000000000002  151.392622399999993
  62.520000000000003  152.521102100000007
  63.490000000000002  153.728479099999987
  64.459999999999994  154.987707199999988
  65.450000000000003  156.305583399999989
  66.450000000000003  157.730780699999997
  67.450000000000003  159.235971500000005
  68.469999999999999  160.839764400000007
  69.500000000000000  162.602693399999993
  70.530000000000001  164.503672899999998
  71.579999999999998  166.623342799999989
  72.640000000000001  168.901078399999989
  73.709999999999994  171.585550299999994
  74.790000000000006  171.594774699999988


# temperature  830.000000000000000
#   -0.000192626300151    0.050017995879236   -4.860539251637554  209.502180190371035 -3329.806610443942191
  57.829999999999998  148.201237399999997
  58.750000000000000  149.023973600000005
  59.680000000000000  149.946221400000013
  60.619999999999997  150.948871200000013
  61.560000000000002  151.996094400000004
  62.520000000000003  153.124649199999993
  63.490000000000002  154.332095600000002
  64.459999999999994  155.591387200000014
  65.450000000000003  156.909329399999990
  66.450000000000003  158.334585299999986
  67.450000000000003  159.839834200000013
  68.469999999999999  161.443682999999993
  69.500000000000000  163.206665899999990
  70.530000000000001  165.107696199999992
  71.579999999999998  167.227297999999990
  72.640000000000001  169.504493200000013
  73.709999999999994  172.187879600000002
  74.790000000000006  172.186267299999997


# temperature  840.000000000000000
#   -0.000192625075907    0.050017612014378   -4.860492115066639  209.499449329233272 -3329.742805867674633
  57.829999999999998  148.797200699999991
  58.750000000000000  149.620021799999989
  59.680000000000000  150.542346100000003
  60.619999999999997  151.545071900000011
  61.560000000000002  152.592367700000011
  62.520000000000003  153.720994999999988
  63.490000000000002  154.928508399999998
  64.459999999999994  156.187861099999992
  65.450000000000003  157.505867099999989
  66.450000000000003  158.931179399999991
  67.450000000000003  160.436484199999995
  68.469999999999999  162.040387100000004
  69.500000000000000  163.803422000000012
  70.530000000000001  165.704501200000010
  71.579999999999998  167.824034699999999
  72.640000000000001  170.100695000000002
  73.709999999999994  172.783007700000013
  74.790000000000006  172.770687500000008


# temperature  850.000000000000000
#   -0.000192623880167    0.050017237985010   -4.860446290767023  209.496800031803303 -3329.681016884481778
  57.829999999999998  149.386145400000004
  58.750000000000000  150.209048599999988
  59.680000000000000  151.131446699999998
  60.619999999999997  152.134245899999996
  61.560000000000002  153.181611699999991
  62.520000000000003  154.310308999999990
  63.490000000000002  155.517887000000002
  64.459999999999994  156.777298699999989
  65.450000000000003  158.095366299999995
  66.450000000000003  159.520732900000013
  67.450000000000003  161.026091799999989
  68.469999999999999  162.630046800000002
  69.500000000000000  164.393131799999992
  70.530000000000001  166.294258299999996
  71.579999999999998  168.413723199999993
  72.640000000000001  170.689853699999986
  73.709999999999994  173.371104599999995
  74.790000000000006  173.348202299999997


# temperature  860.000000000000000
#   -0.000192622782996    0.050016891743776   -4.860403492387142  209.494304297474741 -3329.622359800266622
  57.829999999999998  149.968234700000011
  58.750000000000000  150.791217200000006
  59.680000000000000  151.713686400000000
  60.619999999999997  152.716556499999996
  61.560000000000002  153.763990000000007
  62.520000000000003  154.892754900000000
  63.490000000000002  156.100395200000008
  64.459999999999994  157.359863700000005
  65.450000000000003  158.677990999999992
  66.450000000000003  160.103409900000003
  67.450000000000003  161.608821000000006
  68.469999999999999  163.212826299999989
  69.500000000000000  164.975959799999998
  70.530000000000001  166.877131899999995
  71.579999999999998  168.996527899999990
  72.640000000000001  171.272133900000000
  73.709999999999994  173.952334400000012
  74.790000000000006  173.918972800000006


# temperature  870.000000000000000
#   -0.000192621705923    0.050016553184845   -4.860361790720927  209.491879762352994 -3329.565508113655142
  57.829999999999998  150.543625999999989
  58.750000000000000  151.366684999999990
  59.680000000000000  152.289222899999999
  60.619999999999997  153.292161499999992
  61.560000000000002  154.339660199999997
  62.520000000000003  155.468490500000001
  63.490000000000002  156.676191100000011
  64.459999999999994  157.935714499999989
  65.450000000000003  159.253899300000000
  66.450000000000003  160.679368799999992
  67.450000000000003  162.184830199999993
  68.469999999999999  163.788884099999990
  69.500000000000000  165.552064300000012
  70.530000000000001  167.453280500000005
  71.579999999999998  169.572607500000004
  72.640000000000001  171.847694100000012
  73.709999999999994  174.526855399999988
  74.790000000000006  174.483154600000006


# temperature  880.000000000000000
#   -0.000192620625768    0.050016215081648   -4.860320356115908  209.489484574060384 -3329.509673205166109
  57.829999999999998  151.112471199999987
  58.750000000000000  151.935604399999988
  59.680000000000000  152.858208499999989
  60.619999999999997  153.861213200000009
  61.560000000000002  154.908774999999991
  62.520000000000003  156.037668599999989
  63.490000000000002  157.245427400000011
  64.459999999999994  158.505003600000009
  65.450000000000003  159.823244100000011
  66.450000000000003  161.248762400000004
  67.450000000000003  162.754272500000013
  68.469999999999999  164.358373300000011
  69.500000000000000  166.121598799999987
  70.530000000000001  168.022857499999986
  71.579999999999998  170.142115200000006
  72.640000000000001  172.416687499999995
  73.709999999999994  175.094820700000014
  74.790000000000006  175.040897999999999


# temperature  890.000000000000000
#   -0.000192619624763    0.050015899932088   -4.860281486238689  209.487222385498910 -3329.456592949999049
  57.829999999999998  151.674917399999998
  58.750000000000000  152.498122200000012
  59.680000000000000  153.420790299999993
  60.619999999999997  154.423858899999999
  61.560000000000002  155.471481699999998
  62.520000000000003  156.600436500000001
  63.490000000000002  157.808251500000011
  64.459999999999994  159.067878900000011
  65.450000000000003  160.386173299999996
  66.450000000000003  161.811738600000012
  67.450000000000003  163.317295800000011
  68.469999999999999  164.921441899999991
  69.500000000000000  166.684710999999993
  70.530000000000001  168.586010899999991
  71.579999999999998  170.705199300000004
  72.640000000000001  172.979262199999994
  73.709999999999994  175.656377999999989
  74.790000000000006  175.592348200000004


# temperature  900.000000000000000
#   -0.000192618610981    0.050015582893744   -4.860242665635429  209.484979958705964 -3329.404350773565511
  57.829999999999998  152.231106500000010
  58.750000000000000  153.054380699999996
  59.680000000000000  153.977110600000003
  60.619999999999997  154.980241000000007
  61.560000000000002  156.027922799999999
  62.520000000000003  157.156936800000011
  63.490000000000002  158.364806200000004
  64.459999999999994  159.624482900000004
  65.450000000000003  160.942829499999988
  66.450000000000003  162.368440300000003
  67.450000000000003  163.874042900000006
  68.469999999999999  165.478232899999995
  69.500000000000000  167.241544299999987
  70.530000000000001  169.142884000000009
  71.579999999999998  171.262002899999999
  72.640000000000001  173.535561300000012
  73.709999999999994  176.211670199999986
  74.790000000000006  176.137645499999991


# temperature  910.000000000000000
#   -0.000192617651659    0.050015281982087   -4.860205696298824  209.482836895573598 -3329.354252420517241
  57.829999999999998  152.781175999999988
  58.750000000000000  153.604517299999998
  59.680000000000000  154.527307000000008
  60.619999999999997  155.530497200000013
  61.560000000000002  156.578236000000004
  62.520000000000003  157.707307299999997
  63.490000000000002  158.915229299999993
  64.459999999999994  160.174953700000003
  65.450000000000003  161.493350800000002
  66.450000000000003  162.919005499999997
  67.450000000000003  164.424652199999997
  68.469999999999999  166.028884599999998
  69.500000000000000  167.792236800000012
  70.530000000000001  169.693614900000000
  71.579999999999998  171.812664399999989
  72.640000000000001  174.085723000000002
  73.709999999999994  176.760835600000007
  74.790000000000006  176.676925500000010


# temperature  920.000000000000000
#   -0.000192616713891    0.050014988080404   -4.860169631306814  209.480749378204450 -3329.305532041193146
  57.829999999999998  153.325258800000000
  58.750000000000000  154.148665099999988
  59.680000000000000  155.071512500000011
  60.619999999999997  156.074760599999991
  61.560000000000002  157.122554600000001
  62.520000000000003  158.251681499999989
  63.490000000000002  159.459654400000005
  64.459999999999994  160.719424800000013
  65.450000000000003  162.037870800000007
  66.450000000000003  163.463568000000009
  67.450000000000003  164.969257199999987
  68.469999999999999  166.573530699999992
  69.500000000000000  168.336922399999992
  70.530000000000001  170.238337800000011
  71.579999999999998  172.357317800000004
  72.640000000000001  174.629881299999994
  73.709999999999994  177.304007600000006
  74.790000000000006  177.210319599999991


# temperature  930.000000000000000
#   -0.000192615826690    0.050014709078029   -4.860135268278730  209.478752814011330 -3329.258767842979978
  57.829999999999998  153.863483500000001
  58.750000000000000  154.686952800000000
  59.680000000000000  155.609856100000002
  60.619999999999997  156.613160200000010
  61.560000000000002  157.661007600000005
  62.520000000000003  158.790188300000011
  63.490000000000002  159.998210400000005
  64.459999999999994  161.258025400000008
  65.450000000000003  162.576518899999996
  66.450000000000003  164.002257100000008
  67.450000000000003  165.507987500000013
  68.469999999999999  167.112300699999992
  69.500000000000000  168.875730699999991
  70.530000000000001  170.777182100000005
  71.579999999999998  172.896092500000009
  72.640000000000001  175.168165700000003
  73.709999999999994  177.841315699999996
  74.790000000000006  177.737954800000011


# temperature  940.000000000000000
#   -0.000192614963755    0.050014437999338   -4.860101914874673  209.476816612904685 -3329.213448370354854
  57.829999999999998  154.395974700000011
  58.750000000000000  155.219505099999992
  59.680000000000000  156.142462399999999
  60.619999999999997  157.145820700000002
  61.560000000000002  158.193719899999991
  62.520000000000003  159.322952700000002
  63.490000000000002  160.531022500000006
  64.459999999999994  161.790880600000008
  65.450000000000003  163.109420000000000
  66.450000000000003  164.535197899999986
  67.450000000000003  166.040968200000009
  68.469999999999999  167.645319999999998
  69.500000000000000  169.408786899999996
  70.530000000000001  171.310273300000006
  71.579999999999998  173.429114199999987
  72.640000000000001  175.700701400000014
  73.709999999999994  178.372884900000003
  74.790000000000006  178.259954099999987


# temperature  950.000000000000000
#   -0.000192614109874    0.050014170631422   -4.860069128933256  209.474919854097493 -3329.169194751906161
  57.829999999999998  154.922853000000003
  58.750000000000000  155.746442599999995
  59.680000000000000  156.669452199999995
  60.619999999999997  157.672863100000001
  61.560000000000002  158.720812300000006
  62.520000000000003  159.850095699999997
  63.490000000000002  161.058211699999987
  64.459999999999994  162.318111499999986
  65.450000000000003  163.636695500000002
  66.450000000000003  165.062511800000010
  67.450000000000003  166.568320699999987
  68.469999999999999  168.172709700000013
  69.500000000000000  169.936212600000005
  70.530000000000001  171.837732700000004
  71.579999999999998  173.956504200000012
  72.640000000000001  176.227609999999999
  73.709999999999994  178.898836600000010
  74.790000000000006  178.776436399999994


# temperature  960.000000000000000
#   -0.000192613266461    0.050013907206091   -4.860036918502617  209.473062095771581 -3329.125980888680715
  57.829999999999998  155.444235300000003
  58.750000000000000  156.267882299999997
  59.680000000000000  157.190942600000000
  60.619999999999997  158.194404300000002
  61.560000000000002  159.242402099999993
  62.520000000000003  160.371734500000002
  63.490000000000002  161.579895399999998
  64.459999999999994  162.839835499999992
  65.450000000000003  164.158462700000001
  66.450000000000003  165.584316099999995
  67.450000000000003  167.090162499999991
  68.469999999999999  168.694587600000006
  69.500000000000000  170.458125200000012
  70.530000000000001  172.359678099999996
  71.579999999999998  174.478380200000004
  72.640000000000001  176.749009000000001
  73.709999999999994  179.419288099999989
  74.790000000000006  179.287517100000002


# temperature  970.000000000000000
#   -0.000192612506896    0.050013667161791   -4.860007206099120  209.471327372706696 -3329.085173200619010
  57.829999999999998  155.960234899999989
  58.750000000000000  156.783937500000008
  59.680000000000000  157.707046800000001
  60.619999999999997  158.710557899999998
  61.560000000000002  159.758602800000006
  62.520000000000003  160.887982700000009
  63.490000000000002  162.096186999999986
  64.459999999999994  163.356166199999990
  65.450000000000003  164.674835300000012
  66.450000000000003  166.100724700000001
  67.450000000000003  167.606607499999996
  68.469999999999999  169.211067600000007
  69.500000000000000  170.974638900000002
  70.530000000000001  172.876223500000009
  71.579999999999998  174.994856199999987
  72.640000000000001  177.265012399999989
  73.709999999999994  179.934353200000004
  74.790000000000006  179.793307900000002


