   0.000000000000000        -7.394956790922323
  10.000000000000000        -7.394963930117307
  20.000000000000000        -7.395224472528466
  30.000000000000000        -7.396111941080090
  40.000000000000000        -7.397772667080341
  50.000000000000000        -7.400217436754073
  60.000000000000000        -7.403402227931660
  70.000000000000000        -7.407267614128678
  80.000000000000000        -7.411754335940172
  90.000000000000000        -7.416808447309743
 100.000000000000000        -7.422382435362178
 110.000000000000000        -7.428434917822836
 120.000000000000000        -7.434929914401630
 130.000000000000000        -7.441836061199721
 140.000000000000000        -7.449125893867584
 150.000000000000000        -7.456775235699109
 160.000000000000000        -7.464762685972163
 170.000000000000000        -7.473069200452851
 180.000000000000000        -7.481677738248915
 190.000000000000000        -7.490572982869547
 200.000000000000000        -7.499741098113633
 210.000000000000000        -7.509169535269050
 220.000000000000000        -7.518846865056997
 230.000000000000000        -7.528762639399909
 240.000000000000000        -7.538907273722145
 250.000000000000000        -7.549271952319744
 260.000000000000000        -7.559848531472937
 270.000000000000000        -7.570629480487262
 280.000000000000000        -7.581607804287522
 290.000000000000000        -7.592777000161620
 300.000000000000000        -7.604131007512158
 310.000000000000000        -7.615664152893835
 320.000000000000000        -7.627371138151941
 330.000000000000000        -7.639246984933160
 340.000000000000000        -7.651287016135676
 350.000000000000000        -7.663486830971209
 360.000000000000000        -7.675842284985119
 370.000000000000000        -7.688349458137829
 380.000000000000000        -7.701004648067638
 390.000000000000000        -7.713804354358679
 400.000000000000000        -7.726745252149774
 410.000000000000000        -7.739824190326899
 420.000000000000000        -7.753038174414582
 430.000000000000000        -7.766384359135697
 440.000000000000000        -7.779860037085934
 450.000000000000000        -7.793462622712354
 460.000000000000000        -7.807189660642487
 470.000000000000000        -7.821038793886375
 480.000000000000000        -7.835007783698756
 490.000000000000000        -7.849094489931137
 500.000000000000000        -7.863296854753353
 510.000000000000000        -7.877612918087348
 520.000000000000000        -7.892040801786077
 530.000000000000000        -7.906578705427021
 540.000000000000000        -7.921224900248364
 550.000000000000000        -7.935977734343346
 560.000000000000000        -7.950835618324869
 570.000000000000000        -7.965797024446852
 580.000000000000000        -7.980860490357244
 590.000000000000000        -7.996024608298740
 600.000000000000000        -8.011288023432304
 610.000000000000000        -8.026649441702402
 620.000000000000000        -8.042107610683852
 630.000000000000000        -8.057661327653213
 640.000000000000000        -8.073309429417318
 650.000000000000000        -8.089050830407601
 660.000000000000000        -8.104884423002369
 670.000000000000000        -8.120809203336293
 680.000000000000000        -8.136824175746476
 690.000000000000000        -8.152928385001305
 700.000000000000000        -8.169120913128879
 710.000000000000000        -8.185400882338755
 720.000000000000000        -8.201767438121992
 730.000000000000000        -8.218219775136008
 740.000000000000000        -8.234757092208531
 750.000000000000000        -8.251378651419207
 760.000000000000000        -8.268083718010395
 770.000000000000000        -8.284871597159503
 780.000000000000000        -8.301741624063549
 790.000000000000000        -8.318693161227483
 800.000000000000000        -8.335725589268156
 810.000000000000000        -8.352838316437856
 820.000000000000000        -8.370030788100280
 830.000000000000000        -8.387302452749216
 840.000000000000000        -8.404652811603777
 850.000000000000000        -8.422081356686961
 860.000000000000000        -8.439587630382176
 870.000000000000000        -8.457171183321508
 880.000000000000000        -8.474831598834045
 890.000000000000000        -8.492568468391958
 900.000000000000000        -8.510381414740809
 910.000000000000000        -8.528270081765728
 920.000000000000000        -8.546234132687468
 930.000000000000000        -8.564273251269688
 940.000000000000000        -8.582387144365372
 950.000000000000000        -8.600575536020759
 960.000000000000000        -8.618838175762184
 970.000000000000000        -8.637174827675658
