# Temperature: 0.000000
# Parameters: -7.394957 0.284045 4.756995 67.021587
  57.829999999999998        -7.158720188502171
  58.750000000000000        -7.208575910798967
  59.680000000000000        -7.252436614160744
  60.619999999999997        -7.289298005709609
  61.560000000000002        -7.321150159590523
  62.520000000000003        -7.346005743006190
  63.490000000000002        -7.365864619148332
  64.459999999999994        -7.379717735869315
  65.450000000000003        -7.389567466585450
  66.450000000000003        -7.394431123762290
  67.450000000000003        -7.394290560611082
  68.469999999999999        -7.391158419460298
  69.500000000000000        -7.383044726698332
  70.530000000000001        -7.370931358337810
  71.579999999999998        -7.355844645826278
  72.640000000000001        -7.337794423813259
  73.709999999999994        -7.315803337177814
  74.790000000000006        -7.291953418028180


# Temperature: 10.000000
# Parameters: -7.394964 0.283922 4.764495 67.021761
  57.829999999999998        -7.158740929466049
  58.750000000000000        -7.208593622288659
  59.680000000000000        -7.252452380278200
  60.619999999999997        -7.289312583046055
  61.560000000000002        -7.321163866328845
  62.520000000000003        -7.346019074558177
  63.490000000000002        -7.365877759997873
  64.459999999999994        -7.379730755456975
  65.450000000000003        -7.389580724551167
  66.450000000000003        -7.394444695765189
  67.450000000000003        -7.394304803181821
  68.469999999999999        -7.391173657000321
  69.500000000000000        -7.383061562407768
  70.530000000000001        -7.370950694944000
  71.579999999999998        -7.355869126216384
  72.640000000000001        -7.337827151047738
  73.709999999999994        -7.315855708837106
  74.790000000000006        -7.292059451697555


# Temperature: 20.000000
# Parameters: -7.395224 0.283253 4.794652 67.025600
  57.829999999999998        -7.159023806488646
  58.750000000000000        -7.208861270062643
  59.680000000000000        -7.252710448363541
  60.619999999999997        -7.289565084485534
  61.560000000000002        -7.321412924760029
  62.520000000000003        -7.346267992035379
  63.490000000000002        -7.366129355600733
  64.459999999999994        -7.379986949683496
  65.450000000000003        -7.389843600618290
  66.450000000000003        -7.394717844890176
  67.450000000000003        -7.394591766833469
  68.469999999999999        -7.391478289648181
  69.500000000000000        -7.383390906568809
  70.530000000000001        -7.371313117688048
  71.579999999999998        -7.356280469320018
  72.640000000000001        -7.338308098471388
  73.709999999999994        -7.316453307081539
  74.790000000000006        -7.292817579944648


# Temperature: 30.000000
# Parameters: -7.396112 0.282138 4.834023 67.037019
  57.829999999999998        -7.159788801060229
  58.750000000000000        -7.209614971732845
  59.680000000000000        -7.253461059410403
  60.619999999999997        -7.290318971676051
  61.560000000000002        -7.322173936345194
  62.520000000000003        -7.347042237748456
  63.490000000000002        -7.366922843605203
  64.459999999999994        -7.380804136612614
  65.450000000000003        -7.390689209466879
  66.450000000000003        -7.395599984657903
  67.450000000000003        -7.395517966121258
  68.469999999999999        -7.392456738296954
  69.500000000000000        -7.384435254313439
  70.530000000000001        -7.372437765672503
  71.579999999999998        -7.357509521711645
  72.640000000000001        -7.339670307809658
  73.709999999999994        -7.318005558662447
  74.790000000000006        -7.294573488264572


# Temperature: 40.000000
# Parameters: -7.397773 0.280791 4.873563 67.055830
  57.829999999999998        -7.161117472678623
  58.750000000000000        -7.210946502851507
  59.680000000000000        -7.254805306443807
  60.619999999999997        -7.291683907852017
  61.560000000000002        -7.323564708556916
  62.520000000000003        -7.348466831660870
  63.490000000000002        -7.368389294631710
  64.459999999999994        -7.382318503701585
  65.450000000000003        -7.392257881150262
  66.450000000000003        -7.397233572904976
  67.450000000000003        -7.397225842298967
  68.469999999999999        -7.394249186863854
  69.500000000000000        -7.386328645623541
  70.530000000000001        -7.374448272122388
  71.579999999999998        -7.359663495477385
  72.640000000000001        -7.341997613516186
  73.709999999999994        -7.320563938730341
  74.790000000000006        -7.297350212269119


# Temperature: 50.000000
# Parameters: -7.400217 0.279337 4.911222 67.080209
  57.829999999999998        -7.163041950560312
  58.750000000000000        -7.212889591840950
  59.680000000000000        -7.256777759464261
  60.619999999999997        -7.293694525199520
  61.560000000000002        -7.325619232033382
  62.520000000000003        -7.350574129966473
  63.490000000000002        -7.370558269632268
  64.459999999999994        -7.384555791634941
  65.450000000000003        -7.394570472712068
  66.450000000000003        -7.399633040831723
  67.450000000000003        -7.399722001548077
  68.469999999999999        -7.396852974842474
  69.500000000000000        -7.389057235916092
  70.530000000000001        -7.377317988443696
  71.579999999999998        -7.362700975020767
  72.640000000000001        -7.345232123925005
  73.709999999999994        -7.324052378774131
  74.790000000000006        -7.301058896019041


# Temperature: 60.000000
# Parameters: -7.403402 0.277833 4.946991 67.108529
  57.829999999999998        -7.165560456197698
  58.750000000000000        -7.215440274370430
  59.680000000000000        -7.259371739740442
  60.619999999999997        -7.296340915482768
  61.560000000000002        -7.328323917152444
  62.520000000000003        -7.353346279185163
  63.490000000000002        -7.373407041850135
  64.459999999999994        -7.387487903931085
  65.450000000000003        -7.397593009060508
  66.450000000000003        -7.402757861059046
  67.450000000000003        -7.402958863608256
  68.469999999999999        -7.400212931185981
  69.500000000000000        -7.392557611445593
  70.530000000000001        -7.380974853985991
  71.579999999999998        -7.366540761520331
  72.640000000000001        -7.349283211844254
  73.709999999999994        -7.328370621128428
  74.790000000000006        -7.305593610524024


# Temperature: 70.000000
# Parameters: -7.407268 0.276304 4.981177 67.139665
  57.829999999999998        -7.168650494993540
  58.750000000000000        -7.218573163176795
  59.680000000000000        -7.262558696836015
  60.619999999999997        -7.299591114277066
  61.560000000000002        -7.331643185470768
  62.520000000000003        -7.356743831894085
  63.490000000000002        -7.376892048213469
  64.459999999999994        -7.391066975312439
  65.450000000000003        -7.401273154811209
  66.450000000000003        -7.406550976244176
  67.450000000000003        -7.406874515479345
  68.469999999999999        -7.404262117262899
  69.500000000000000        -7.396757612064679
  70.530000000000001        -7.385341444592536
  71.579999999999998        -7.371100068349466
  72.640000000000001        -7.354062778962342
  73.709999999999994        -7.333425339747188
  74.790000000000006        -7.310858614864658


# Temperature: 80.000000
# Parameters: -7.411754 0.274764 5.014056 67.172884
  57.829999999999998        -7.172280120142389
  58.750000000000000        -7.222253802266433
  59.680000000000000        -7.266301547416600
  60.619999999999997        -7.303405304155357
  61.560000000000002        -7.335534420173756
  62.520000000000003        -7.360721280685584
  63.490000000000002        -7.380964797443185
  64.459999999999994        -7.395241491244296
  65.450000000000003        -7.405556322425372
  66.450000000000003        -7.410954641893689
  67.450000000000003        -7.411408046385450
  68.469999999999999        -7.408936416630675
  69.500000000000000        -7.401589865915664
  70.530000000000001        -7.390347169265439
  71.579999999999998        -7.376305104025749
  72.640000000000001        -7.359493932809240
  73.709999999999994        -7.339136669689647
  74.790000000000006        -7.316773114425754


# Temperature: 90.000000
# Parameters: -7.416808 0.273217 5.045841 67.207703
  57.829999999999998        -7.176414691166749
  58.750000000000000        -7.226445614081022
  59.680000000000000        -7.270561734349567
  60.619999999999997        -7.307742917317913
  61.560000000000002        -7.339955029321044
  62.520000000000003        -7.365233973203735
  63.490000000000002        -7.385578563294256
  64.459999999999994        -7.399962648483246
  65.450000000000003        -7.410391636843333
  66.450000000000003        -7.415915886257439
  67.450000000000003        -7.416504412760181
  68.469999999999999        -7.414178713906668
  69.500000000000000        -7.406995182690380
  70.530000000000001        -7.395930812519468
  71.579999999999998        -7.382092663125377
  72.640000000000001        -7.365511574410228
  73.709999999999994        -7.345437733473484
  74.790000000000006        -7.323270001638344


# Temperature: 100.000000
# Parameters: -7.422382 0.271667 5.076688 67.243801
  57.829999999999998        -7.181020273395455
  58.750000000000000        -7.231113230571769
  59.680000000000000        -7.275302440662106
  60.619999999999997        -7.312565678540069
  61.560000000000002        -7.344865289800369
  62.520000000000003        -7.370240742594388
  63.490000000000002        -7.390690731024939
  64.459999999999994        -7.405186403055622
  65.450000000000003        -7.415733637296627
  66.450000000000003        -7.421387832808580
  67.450000000000003        -7.422115354447529
  68.469999999999999        -7.419939372560689
  69.500000000000000        -7.412922562958006
  70.530000000000001        -7.402040054516644
  71.579999999999998        -7.388409140641715
  72.640000000000001        -7.372060899613395
  73.709999999999994        -7.352272620043465
  74.790000000000006        -7.330293450434151


# Temperature: 110.000000
# Parameters: -7.428435 0.270116 5.106721 67.280957
  57.829999999999998        -7.186065138709018
  58.750000000000000        -7.236223859209339
  59.680000000000000        -7.280489815633588
  60.619999999999997        -7.317838684092033
  61.560000000000002        -7.350229263528457
  62.520000000000003        -7.375704616420781
  63.490000000000002        -7.396263306282101
  64.459999999999994        -7.410873761493306
  65.450000000000003        -7.421542345712111
  66.450000000000003        -7.427329525087509
  67.450000000000003        -7.428198961475658
  68.469999999999999        -7.426175546727923
  69.500000000000000        -7.419328235325004
  70.530000000000001        -7.408630234609634
  71.579999999999998        -7.395209016729994
  72.640000000000001        -7.379095593634971
  73.709999999999994        -7.359594294299510
  74.790000000000006        -7.337796667200435


# Temperature: 120.000000
# Parameters: -7.434930 0.268563 5.136036 67.319017
  57.829999999999998        -7.191520268206396
  58.750000000000000        -7.241747699627231
  59.680000000000000        -7.286093276395627
  60.619999999999997        -7.323530581040652
  61.560000000000002        -7.356014842017353
  62.520000000000003        -7.381592739967998
  63.490000000000002        -7.402262702633831
  64.459999999999994        -7.416990420157360
  65.450000000000003        -7.427782757826641
  66.450000000000003        -7.433705269607567
  67.450000000000003        -7.434718870826497
  68.469999999999999        -7.432850214223145
  69.500000000000000        -7.426174530876114
  70.530000000000001        -7.415663064100228
  71.579999999999998        -7.402453409856136
  72.640000000000001        -7.386576235999184
  73.709999999999994        -7.367362856936881
  74.790000000000006        -7.345740052159670


# Temperature: 130.000000
# Parameters: -7.441836 0.267010 5.164708 67.357869
  57.829999999999998        -7.197359406099168
  58.750000000000000        -7.247657905274007
  59.680000000000000        -7.292085397034463
  60.619999999999997        -7.329613373437680
  61.560000000000002        -7.362193468612162
  62.520000000000003        -7.387876011420889
  63.490000000000002        -7.408659280359712
  64.459999999999994        -7.423506216968488
  65.450000000000003        -7.434424203712021
  66.450000000000003        -7.440483892737356
  67.450000000000003        -7.441643426930399
  68.469999999999999        -7.439931245829873
  69.500000000000000        -7.433428859185134
  70.530000000000001        -7.423105510008177
  71.579999999999998        -7.410108865214376
  72.640000000000001        -7.394468992568227
  73.709999999999994        -7.375544145270623
  74.790000000000006        -7.354089759773356


# Temperature: 140.000000
# Parameters: -7.449126 0.265457 5.192802 67.397433
  57.829999999999998        -7.203558898029017
  58.750000000000000        -7.253930373018750
  59.680000000000000        -7.298441637047264
  60.619999999999997        -7.336062086517647
  61.560000000000002        -7.368739753976880
  62.520000000000003        -7.394528629982193
  63.490000000000002        -7.415426837565488
  64.459999999999994        -7.430394563445415
  65.450000000000003        -7.441439716591357
  66.450000000000003        -7.447638057695780
  67.450000000000003        -7.448944936475610
  68.469999999999999        -7.447390602069953
  69.500000000000000        -7.441062840826074
  70.530000000000001        -7.430928869542472
  71.579999999999998        -7.418146371158655
  72.640000000000001        -7.402744583261622
  73.709999999999994        -7.384108644987902
  74.790000000000006        -7.362816594947977


# Temperature: 150.000000
# Parameters: -7.456775 0.263904 5.220372 67.437649
  57.829999999999998        -7.210097451653252
  58.750000000000000        -7.260543468498076
  59.680000000000000        -7.305140022122807
  60.619999999999997        -7.342854418458610
  61.560000000000002        -7.375631076033824
  62.520000000000003        -7.401527660573474
  63.490000000000002        -7.422542136536233
  64.459999999999994        -7.437631926491707
  65.450000000000003        -7.448805479387400
  66.450000000000003        -7.455143670679758
  67.450000000000003        -7.456599037224626
  68.469999999999999        -7.455203658490021
  69.500000000000000        -7.449051597421112
  70.530000000000001        -7.439108023874383
  71.579999999999998        -7.426540579810021
  72.640000000000001        -7.411377459133707
  73.709999999999994        -7.393030645460549
  74.790000000000006        -7.371895148655424


# Temperature: 160.000000
# Parameters: -7.464763 0.262350 5.247462 67.478471
  57.829999999999998        -7.216955878574650
  58.750000000000000        -7.267477735916766
  59.680000000000000        -7.312160835286437
  60.619999999999997        -7.349970396288606
  61.560000000000002        -7.382847214105136
  62.520000000000003        -7.408852643102390
  63.490000000000002        -7.429984483983679
  64.459999999999994        -7.445197387914580
  65.450000000000003        -7.456500354184984
  66.450000000000003        -7.462979378197446
  67.450000000000003        -7.464584172546039
  68.469999999999999        -7.463348659464812
  69.500000000000000        -7.457373180569688
  70.530000000000001        -7.447620837010179
  71.579999999999998        -7.435269184164401
  72.640000000000001        -7.420345168080718
  73.709999999999994        -7.402287574359347
  74.790000000000006        -7.381303132547298


# Temperature: 170.000000
# Parameters: -7.473069 0.260797 5.274113 67.519867
  57.829999999999998        -7.224116853890542
  58.750000000000000        -7.274715636868327
  59.680000000000000        -7.319486332919244
  60.619999999999997        -7.357392076358444
  61.560000000000002        -7.390370031766327
  62.520000000000003        -7.416485252514859
  63.490000000000002        -7.437735370369855
  64.459999999999994        -7.453072261983586
  65.450000000000003        -7.464505486316164
  66.450000000000003        -7.471126159752685
  67.450000000000003        -7.472881161297610
  68.469999999999999        -7.471806269424561
  69.500000000000000        -7.466008102347364
  70.530000000000001        -7.456447681107870
  71.579999999999998        -7.444312422680803
  72.640000000000001        -7.429627834554771
  73.709999999999994        -7.411859469076596
  74.790000000000006        -7.391020851413896


# Temperature: 180.000000
# Parameters: -7.481678 0.259242 5.300360 67.561810
  57.829999999999998        -7.231564687142596
  58.750000000000000        -7.282241312993358
  59.680000000000000        -7.327100491870040
  60.619999999999997        -7.365103276943706
  61.560000000000002        -7.398183192865456
  62.520000000000003        -7.424409002377117
  63.490000000000002        -7.445778165197737
  64.459999999999994        -7.461239780356998
  65.450000000000003        -7.472803970630942
  66.450000000000003        -7.479566980642183
  67.450000000000003        -7.481472843368460
  68.469999999999999        -7.480559206996507
  69.500000000000000        -7.474938964265202
  70.530000000000001        -7.465571043671621
  71.579999999999998        -7.453652678184334
  72.640000000000001        -7.439207757430435
  73.709999999999994        -7.421728564228435
  74.790000000000006        -7.401030786540824


# Temperature: 190.000000
# Parameters: -7.490573 0.257687 5.326232 67.604280
  57.829999999999998        -7.239285130577941
  58.750000000000000        -7.290040380767141
  59.680000000000000        -7.334988798024387
  60.619999999999997        -7.373089353340234
  61.560000000000002        -7.406271929363628
  62.520000000000003        -7.432609004424820
  63.490000000000002        -7.454097864123229
  64.459999999999994        -7.469684825720249
  65.450000000000003        -7.481380583062835
  66.450000000000003        -7.488286511083972
  67.450000000000003        -7.490343790516117
  68.469999999999999        -7.489591945477677
  69.500000000000000        -7.484150146341861
  70.530000000000001        -7.474975217660276
  71.579999999999998        -7.463274158646878
  72.640000000000001        -7.449069078348312
  73.709999999999994        -7.431878952743427
  74.790000000000006        -7.411317259906864


# Temperature: 200.000000
# Parameters: -7.499741 0.256132 5.351757 67.647263
  57.829999999999998        -7.247265200883840
  58.750000000000000        -7.298099747015743
  59.680000000000000        -7.343138048347164
  60.619999999999997        -7.381336999906700
  61.560000000000002        -7.414622835086162
  62.520000000000003        -7.441071758168484
  63.490000000000002        -7.462680871305628
  64.459999999999994        -7.478393712063546
  65.450000000000003        -7.490221552615089
  66.450000000000003        -7.497270894057911
  67.450000000000003        -7.499480063842761
  68.469999999999999        -7.498890469274703
  69.500000000000000        -7.493627555251996
  70.530000000000001        -7.484646036162221
  71.579999999999998        -7.473162633934814
  72.640000000000001        -7.459197514317036
  73.709999999999994        -7.442296317428135
  74.790000000000006        -7.421866163676702


# Temperature: 210.000000
# Parameters: -7.509170 0.254576 5.376959 67.690747
  57.829999999999998        -7.255493035124426
  58.750000000000000        -7.306407456561356
  59.680000000000000        -7.351536200600748
  60.619999999999997        -7.389834089418521
  61.560000000000002        -7.423223700930793
  62.520000000000003        -7.449784970555316
  63.490000000000002        -7.471514820105868
  64.459999999999994        -7.487353999161551
  65.450000000000003        -7.499314364439670
  66.450000000000003        -7.506507548384683
  67.450000000000003        -7.508869015837790
  68.469999999999999        -7.508442065582121
  69.500000000000000        -7.503358417040987
  70.530000000000001        -7.494570668219389
  71.579999999999998        -7.483305218159479
  72.640000000000001        -7.469580139027316
  73.709999999999994        -7.452967706062614
  74.790000000000006        -7.432664740478542


# Temperature: 220.000000
# Parameters: -7.518847 0.253020 5.401860 67.734725
  57.829999999999998        -7.263957756005281
  58.750000000000000        -7.314952558523292
  59.680000000000000        -7.360172230318179
  60.619999999999997        -7.398569524858894
  61.560000000000002        -7.432063362513007
  62.520000000000003        -7.458737415015221
  63.490000000000002        -7.480588417622567
  64.459999999999994        -7.496554331927302
  65.450000000000003        -7.508647608519023
  66.450000000000003        -7.515985004970428
  67.450000000000003        -7.518499122476746
  68.469999999999999        -7.518235158554158
  69.500000000000000        -7.513331107151027
  70.530000000000001        -7.504737438489080
  71.579999999999998        -7.493690191411842
  72.640000000000001        -7.480205202513759
  73.709999999999994        -7.463881345880087
  74.790000000000006        -7.443701400993072


# Temperature: 230.000000
# Parameters: -7.528763 0.251462 5.426480 67.779189
  57.829999999999998        -7.272649365121521
  58.750000000000000        -7.323724989201804
  59.680000000000000        -7.369036013686988
  60.619999999999997        -7.407533124375475
  61.560000000000002        -7.441131580977012
  62.520000000000003        -7.467918794652527
  63.490000000000002        -7.489891315138739
  64.459999999999994        -7.505984313968203
  65.450000000000003        -7.518210836639233
  66.450000000000003        -7.525692768962048
  67.450000000000003        -7.528359846413052
  68.469999999999999        -7.528259166277905
  69.500000000000000        -7.523534998066445
  70.530000000000001        -7.515135682144277
  71.579999999999998        -7.504306854662815
  72.640000000000001        -7.491061974654485
  73.709999999999994        -7.475026495357986
  74.790000000000006        -7.454965569525937


# Temperature: 240.000000
# Parameters: -7.538907 0.249904 5.450838 67.824137
  57.829999999999998        -7.281558640351589
  58.750000000000000        -7.332715474654023
  59.680000000000000        -7.378118224942983
  60.619999999999997        -7.416715512455609
  61.560000000000002        -7.450418933134539
  62.520000000000003        -7.477319642749063
  63.490000000000002        -7.499414000333455
  64.459999999999994        -7.515634389433417
  65.450000000000003        -7.527994452528835
  66.450000000000003        -7.535621204703876
  67.450000000000003        -7.538441511570415
  68.469999999999999        -7.538504377438571
  69.500000000000000        -7.533960345306809
  70.530000000000001        -7.525755620502478
  71.579999999999998        -7.515145396064254
  72.640000000000001        -7.502140628054957
  73.709999999999994        -7.486393314664658
  74.790000000000006        -7.466447563782286


# Temperature: 250.000000
# Parameters: -7.549272 0.248344 5.474948 67.869566
  57.829999999999998        -7.290677057088854
  58.750000000000000        -7.341915444670556
  59.680000000000000        -7.387410251383295
  60.619999999999997        -7.426108033902945
  61.560000000000002        -7.459916723368613
  62.520000000000003        -7.486931224303652
  63.490000000000002        -7.509147702967039
  64.459999999999994        -7.525495750771920
  65.450000000000003        -7.537989614434739
  66.450000000000003        -7.545761436240754
  67.450000000000003        -7.548735211937311
  68.469999999999999        -7.548961853895418
  69.500000000000000        -7.544598180675018
  70.530000000000001        -7.536588256346642
  71.579999999999998        -7.526196795597738
  72.640000000000001        -7.513432121968227
  73.709999999999994        -7.497972757871024
  74.790000000000006        -7.478138479823449


# Temperature: 260.000000
# Parameters: -7.559849 0.246784 5.498829 67.915474
  57.829999999999998        -7.299996712582488
  58.750000000000000        -7.351316958152801
  59.680000000000000        -7.396904114597973
  60.619999999999997        -7.435702675069037
  61.560000000000002        -7.469616903828716
  62.520000000000003        -7.496745458300135
  63.490000000000002        -7.519084307821265
  64.459999999999994        -7.535560252709124
  65.450000000000003        -7.548188149098841
  66.450000000000003        -7.556105262331067
  67.450000000000003        -7.559232719325041
  68.469999999999999        -7.559623340512662
  69.500000000000000        -7.555440223124626
  70.530000000000001        -7.547625285828948
  71.579999999999998        -7.537452727650494
  72.640000000000001        -7.524928119380831
  73.709999999999994        -7.509756479672207
  74.790000000000006        -7.490030110189253


# Temperature: 270.000000
# Parameters: -7.570629 0.245223 5.522492 67.961861
  57.829999999999998        -7.309510262715459
  58.750000000000000        -7.360912638854511
  59.680000000000000        -7.406592405175126
  60.619999999999997        -7.445491997522057
  61.560000000000002        -7.479512007063084
  62.520000000000003        -7.506754846193956
  63.490000000000002        -7.529216290440917
  64.459999999999994        -7.545820346952006
  65.450000000000003        -7.558582480244612
  66.450000000000003        -7.566645083896904
  67.450000000000003        -7.569926408745037
  68.469999999999999        -7.570481193646058
  69.500000000000000        -7.566478807246440
  70.530000000000001        -7.558859021775246
  71.579999999999998        -7.548905486392697
  72.640000000000001        -7.536620902025828
  73.709999999999994        -7.521736761801270
  74.790000000000006        -7.502114862020346


# Temperature: 280.000000
# Parameters: -7.581608 0.243660 5.545952 68.008729
  57.829999999999998        -7.319210867073935
  58.750000000000000        -7.370695618378342
  59.680000000000000        -7.416468228806752
  60.619999999999997        -7.455469076897639
  61.560000000000002        -7.489595083833120
  62.520000000000003        -7.516952418017990
  63.490000000000002        -7.539536658057493
  64.459999999999994        -7.556269013784979
  65.450000000000003        -7.569165570537213
  66.450000000000003        -7.577373838729198
  67.450000000000003        -7.580809201405408
  68.469999999999999        -7.581528311702340
  69.500000000000000        -7.577706813827941
  70.530000000000001        -7.570282328390199
  71.579999999999998        -7.560547920482614
  72.640000000000001        -7.548503310270076
  73.709999999999994        -7.533906441515787
  74.790000000000006        -7.514385688654055


# Temperature: 290.000000
# Parameters: -7.592777 0.242097 5.569222 68.056078
  57.829999999999998        -7.329092140235247
  58.750000000000000        -7.380659486427391
  59.680000000000000        -7.426525150321718
  60.619999999999997        -7.465627459368976
  61.560000000000002        -7.499859655437782
  62.520000000000003        -7.527331674342673
  63.490000000000002        -7.550038888440047
  64.459999999999994        -7.566899716467128
  65.450000000000003        -7.579930859397925
  66.450000000000003        -7.588284952775685
  67.450000000000003        -7.591874504598219
  68.469999999999999        -7.592758085390748
  69.500000000000000        -7.589117615959124
  70.530000000000001        -7.581888564253831
  71.579999999999998        -7.572373377099582
  72.640000000000001        -7.560568683001498
  73.709999999999994        -7.546258857703687
  74.790000000000006        -7.526836040912348


# Temperature: 300.000000
# Parameters: -7.604131 0.240532 5.592308 68.103912
  57.829999999999998        -7.339148109274409
  58.750000000000000        -7.390798247275296
  59.680000000000000        -7.436757154301558
  60.619999999999997        -7.475961106716222
  61.560000000000002        -7.510299669147257
  62.520000000000003        -7.537886540673234
  63.490000000000002        -7.560716891547415
  64.459999999999994        -7.577706345265189
  65.450000000000003        -7.590872225692796
  66.450000000000003        -7.599372286246739
  67.450000000000003        -7.603116161951020
  68.469999999999999        -7.604164346938144
  69.500000000000000        -7.600705033429735
  70.530000000000001        -7.593671534645920
  71.579999999999998        -7.584375647013408
  72.640000000000001        -7.572810806844199
  73.709999999999994        -7.558787796989068
  74.790000000000006        -7.539459808025538


# Temperature: 310.000000
# Parameters: -7.615664 0.238966 5.615229 68.152234
  57.829999999999998        -7.349373174379915
  58.750000000000000        -7.401106284527726
  59.680000000000000        -7.447158606732697
  60.619999999999997        -7.486464368342983
  61.560000000000002        -7.520909454673051
  62.520000000000003        -7.548611332211211
  63.490000000000002        -7.571564965998311
  64.459999999999994        -7.588683185324335
  65.450000000000003        -7.601983936947748
  66.450000000000003        -7.610630094231166
  67.450000000000003        -7.614528419224781
  68.469999999999999        -7.615741325522677
  69.500000000000000        -7.612463282980807
  70.530000000000001        -7.605625445943235
  71.579999999999998        -7.596548928309451
  72.640000000000001        -7.585223874701405
  73.709999999999994        -7.571487452275162
  74.790000000000006        -7.552251281357352


# Temperature: 320.000000
# Parameters: -7.627371 0.237398 5.637988 68.201046
  57.829999999999998        -7.359762078797378
  58.750000000000000        -7.411578323811050
  59.680000000000000        -7.457724216658680
  60.619999999999997        -7.497131936709978
  61.560000000000002        -7.531683692038766
  62.520000000000003        -7.559500714470239
  63.490000000000002        -7.582577764869258
  64.459999999999994        -7.599824875211118
  65.450000000000003        -7.613260621365073
  66.450000000000003        -7.622052992494142
  67.450000000000003        -7.626105877674709
  68.469999999999999        -7.627483615144568
  69.500000000000000        -7.624386947211869
  70.530000000000001        -7.617744869344617
  71.579999999999998        -7.608887784931568
  72.640000000000001        -7.597802444298415
  73.709999999999994        -7.584352385432970
  74.790000000000006        -7.565205112947886


# Temperature: 330.000000
# Parameters: -7.639247 0.235829 5.660597 68.250354
  57.829999999999998        -7.370309873591035
  58.750000000000000        -7.422209401679534
  59.680000000000000        -7.468449007160230
  60.619999999999997        -7.507958824533671
  61.560000000000002        -7.542617379450898
  62.520000000000003        -7.570549673219698
  63.490000000000002        -7.593750262528943
  64.459999999999994        -7.611126378929961
  65.450000000000003        -7.624697231548502
  66.450000000000003        -7.633635922238708
  67.450000000000003        -7.637843469176009
  68.469999999999999        -7.639386135241907
  69.500000000000000        -7.636470937269604
  70.530000000000001        -7.630024708741762
  71.579999999999998        -7.621387110407190
  72.640000000000001        -7.610541409162660
  73.709999999999994        -7.597377489989925
  74.790000000000006        -7.578316283384386


# Temperature: 340.000000
# Parameters: -7.651287 0.234259 5.683066 68.300161
  57.829999999999998        -7.381011898988068
  58.750000000000000        -7.432994846959670
  59.680000000000000        -7.479328293590299
  60.619999999999997        -7.518940333693470
  61.560000000000002        -7.553705806351738
  62.520000000000003        -7.581753488574041
  63.490000000000002        -7.605077725618276
  64.459999999999994        -7.622582953793941
  65.450000000000003        -7.636289014446849
  66.450000000000003        -7.645374123158695
  67.450000000000003        -7.649736425131100
  68.469999999999999        -7.651444108925701
  69.500000000000000        -7.648710466937180
  70.530000000000001        -7.642460168590003
  71.579999999999998        -7.634042106082374
  72.640000000000001        -7.623435966494491
  73.709999999999994        -7.610557964182802
  74.790000000000006        -7.591580073817733


# Temperature: 350.000000
# Parameters: -7.663487 0.232688 5.705404 68.350472
  57.829999999999998        -7.391863754322246
  58.750000000000000        -7.443930245511686
  59.680000000000000        -7.490357653517703
  60.619999999999997        -7.530072029321075
  61.560000000000002        -7.564944530618002
  62.520000000000003        -7.593107707009294
  63.490000000000002        -7.616555694394728
  64.459999999999994        -7.634190128659836
  65.450000000000003        -7.648031490625480
  66.450000000000003        -7.657263105455206
  67.450000000000003        -7.661780247449673
  68.469999999999999        -7.663653032923513
  69.500000000000000        -7.661101025687175
  70.530000000000001        -7.655046732143359
  71.579999999999998        -7.646848245883299
  72.640000000000001        -7.636481589183662
  73.709999999999994        -7.623889286083489
  74.790000000000006        -7.604992036942510


# Temperature: 360.000000
# Parameters: -7.675842 0.231115 5.727616 68.401294
  57.829999999999998        -7.402861280414674
  58.750000000000000        -7.455011428828849
  59.680000000000000        -7.501532905998594
  60.619999999999997        -7.541349723217652
  61.560000000000002        -7.576329353686593
  62.520000000000003        -7.604608121670950
  63.490000000000002        -7.628179950603101
  64.459999999999994        -7.645943681126742
  65.450000000000003        -7.659920429392084
  66.450000000000003        -7.669298633253796
  67.450000000000003        -7.673970693002302
  68.469999999999999        -7.676008653741649
  69.500000000000000        -7.673638354843764
  70.530000000000001        -7.667780134507448
  71.579999999999998        -7.659801262842731
  72.640000000000001        -7.649674007153660
  73.709999999999994        -7.637367187688324
  74.790000000000006        -7.618547979377754


# Temperature: 370.000000
# Parameters: -7.688349 0.229540 5.749712 68.452631
  57.829999999999998        -7.414000537808842
  58.750000000000000        -7.466234449163237
  59.680000000000000        -7.512850094993639
  60.619999999999997        -7.552769452088885
  61.560000000000002        -7.587856302935359
  62.520000000000003        -7.616250752681872
  63.490000000000002        -7.639946510220552
  64.459999999999994        -7.657839615771129
  65.450000000000003        -7.671951830140996
  66.450000000000003        -7.681476696620963
  67.450000000000003        -7.686303746673352
  68.469999999999999        -7.688506952118771
  69.500000000000000        -7.686318426854198
  70.530000000000001        -7.680656343983815
  71.579999999999998        -7.672897118007232
  72.640000000000001        -7.663009183523898
  73.709999999999994        -7.650987633153147
  74.790000000000006        -7.632243934719867


# Temperature: 380.000000
# Parameters: -7.701005 0.227964 5.771700 68.504489
  57.829999999999998        -7.425277794333505
  58.750000000000000        -7.477595565015771
  59.680000000000000        -7.524305472785199
  60.619999999999997        -7.564327456816446
  61.560000000000002        -7.599521614063838
  62.520000000000003        -7.628031827450188
  63.490000000000002        -7.651851592363799
  64.459999999999994        -7.669874149636861
  65.450000000000003        -7.684121901624670
  66.450000000000003        -7.693793500163457
  67.450000000000003        -7.698775605814588
  68.469999999999999        -7.701144120224512
  69.500000000000000        -7.699137430778833
  70.530000000000001        -7.693671542377830
  71.579999999999998        -7.686131992145746
  72.640000000000001        -7.676483294917614
  73.709999999999994        -7.664746804283328
  74.790000000000006        -7.646076149032655


# Temperature: 390.000000
# Parameters: -7.713804 0.226387 5.793583 68.556875
  57.829999999999998        -7.436689504374161
  58.750000000000000        -7.489091224553388
  59.680000000000000        -7.535895478212375
  60.619999999999997        -7.576020173130158
  61.560000000000002        -7.611321716583296
  62.520000000000003        -7.639947770305032
  63.490000000000002        -7.663891614106991
  64.459999999999994        -7.682043690470250
  65.450000000000003        -7.696427048480139
  66.450000000000003        -7.706245442299753
  67.450000000000003        -7.711382665735207
  68.469999999999999        -7.713916548185937
  69.500000000000000        -7.712091751562599
  70.530000000000001        -7.706822109452294
  71.579999999999998        -7.699502259838940
  72.640000000000001        -7.690092717988331
  73.709999999999994        -7.678641079805243
  74.790000000000006        -7.660041064264496


# Temperature: 400.000000
# Parameters: -7.726745 0.224808 5.815372 68.609796
  57.829999999999998        -7.448232300581635
  58.750000000000000        -7.500718052135506
  59.680000000000000        -7.547616731488882
  60.619999999999997        -7.587844212952322
  61.560000000000002        -7.623253214124623
  62.520000000000003        -7.651995178658736
  63.490000000000002        -7.676063169753181
  64.459999999999994        -7.694344829465070
  65.450000000000003        -7.708863855682620
  66.450000000000003        -7.718829104895788
  67.450000000000003        -7.724121501046160
  68.469999999999999        -7.726820805431866
  69.500000000000000        -7.725177954488612
  70.530000000000001        -7.720104610490323
  71.579999999999998        -7.713004482224226
  72.640000000000001        -7.703834011800606
  73.709999999999994        -7.692667020856300
  74.790000000000006        -7.674135301665531


# Temperature: 410.000000
# Parameters: -7.739824 0.223227 5.837071 68.663258
  57.829999999999998        -7.459902975216415
  58.750000000000000        -7.512472835876903
  59.680000000000000        -7.559466014510936
  60.619999999999997        -7.599796352997025
  61.560000000000002        -7.635312880292627
  62.520000000000003        -7.664170821970404
  63.490000000000002        -7.688363021506489
  64.459999999999994        -7.706774324679735
  65.450000000000003        -7.721429075071969
  66.450000000000003        -7.731541233572861
  67.450000000000003        -7.736988857368747
  68.469999999999999        -7.739853634474319
  69.500000000000000        -7.738392776886761
  70.530000000000001        -7.733515775566820
  71.579999999999998        -7.726635389376506
  72.640000000000001        -7.717703906429342
  73.709999999999994        -7.706821362693535
  74.790000000000006        -7.688355652459816


# Temperature: 420.000000
# Parameters: -7.753038 0.221645 5.858689 68.717269
  57.829999999999998        -7.471698474966504
  58.750000000000000        -7.524352516247029
  59.680000000000000        -7.571440260493005
  60.619999999999997        -7.611873523369455
  61.560000000000002        -7.647497638973939
  62.520000000000003        -7.676471617908106
  63.490000000000002        -7.700788085998559
  64.459999999999994        -7.719329085490905
  65.450000000000003        -7.734119616024844
  66.450000000000003        -7.744378734598352
  67.450000000000003        -7.749981631642511
  68.469999999999999        -7.753011929143560
  69.500000000000000        -7.751733110514458
  70.530000000000001        -7.747052496439196
  71.579999999999998        -7.740391866834634
  72.640000000000001        -7.731699289486247
  73.709999999999994        -7.721100993965082
  74.790000000000006        -7.702699059189652


# Temperature: 430.000000
# Parameters: -7.766384 0.220061 5.880229 68.771837
  57.829999999999998        -7.483615884364617
  58.750000000000000        -7.536354173632889
  59.680000000000000        -7.583536547749241
  60.619999999999997        -7.624072795128779
  61.560000000000002        -7.659804558118447
  62.520000000000003        -7.688894632348878
  63.490000000000002        -7.713335420815016
  64.459999999999994        -7.732006169484206
  65.450000000000003        -7.746932528871889
  66.450000000000003        -7.757338654157197
  67.450000000000003        -7.763096872125240
  68.469999999999999        -7.766292732515248
  69.500000000000000        -7.765195996374507
  70.530000000000001        -7.760711806855273
  71.579999999999998        -7.754270950419285
  72.640000000000001        -7.745817193682713
  73.709999999999994        -7.735502950491612
  74.790000000000006        -7.717162609497031


# Temperature: 440.000000
# Parameters: -7.779860 0.218476 5.901696 68.826969
  57.829999999999998        -7.495652423715313
  58.750000000000000        -7.548475023156912
  59.680000000000000        -7.595752085183516
  60.619999999999997        -7.636391374069590
  61.560000000000002        -7.672230838338611
  62.520000000000003        -7.701437060723052
  63.490000000000002        -7.726002221386191
  64.459999999999994        -7.744802765871411
  65.450000000000003        -7.759865000752021
  66.450000000000003        -7.770418178351887
  67.450000000000003        -7.776331758700868
  68.469999999999999        -7.779693223436888
  69.500000000000000        -7.778778607095856
  70.530000000000001        -7.774490880480426
  71.579999999999998        -7.768269807577274
  72.640000000000001        -7.760054790611264
  73.709999999999994        -7.750024408011354
  74.790000000000006        -7.731743528868645


# Temperature: 450.000000
# Parameters: -7.793463 0.216889 5.923099 68.882673
  57.829999999999998        -7.507805432512182
  58.750000000000000        -7.560712400166984
  59.680000000000000        -7.608084205034435
  60.619999999999997        -7.648826590357642
  61.560000000000002        -7.684773806690906
  62.520000000000003        -7.714096225941393
  63.490000000000002        -7.738785806477146
  64.459999999999994        -7.757716190308300
  65.450000000000003        -7.772914344211745
  66.450000000000003        -7.783614614546798
  67.450000000000003        -7.789683596660918
  68.469999999999999        -7.793210704090724
  69.500000000000000        -7.792478244860749
  70.530000000000001        -7.788387015351191
  71.579999999999998        -7.782385737381566
  72.640000000000001        -7.774409376235583
  73.709999999999994        -7.764662665597273
  74.790000000000006        -7.746439161980215


# Temperature: 460.000000
# Parameters: -7.807190 0.215300 5.944438 68.938959
  57.829999999999998        -7.520072367364992
  58.750000000000000        -7.573063757127165
  59.680000000000000        -7.620530357693207
  60.619999999999997        -7.661375887129157
  61.560000000000002        -7.697430904238703
  62.520000000000003        -7.726869568030849
  63.490000000000002        -7.751683610932694
  64.459999999999994        -7.770743876603263
  65.450000000000003        -7.786077990986597
  66.450000000000003        -7.796925391368184
  67.450000000000003        -7.803149812558791
  68.469999999999999        -7.806842597920878
  69.500000000000000        -7.806292330004030
  70.530000000000001        -7.802397629729560
  71.579999999999998        -7.796616154984872
  72.640000000000001        -7.788878368817663
  73.709999999999994        -7.779415143584210
  74.790000000000006        -7.761246975805771


# Temperature: 470.000000
# Parameters: -7.821039 0.213710 5.965726 68.995834
  57.829999999999998        -7.532450792671845
  58.750000000000000        -7.585526655326282
  59.680000000000000        -7.633088099266526
  60.619999999999997        -7.674036820490832
  61.560000000000002        -7.710199682942991
  62.520000000000003        -7.739754632733848
  63.490000000000002        -7.764693180495267
  64.459999999999994        -7.783883367389453
  65.450000000000003        -7.799353479564022
  66.450000000000003        -7.810348047303492
  67.450000000000003        -7.816727940736229
  68.469999999999999        -7.820586437196239
  69.500000000000000        -7.820218392721735
  70.530000000000001        -7.816520252775144
  71.579999999999998        -7.810958589546804
  72.640000000000001        -7.803459296480688
  73.709999999999994        -7.794279372168203
  74.790000000000006        -7.776164541998403


# Temperature: 480.000000
# Parameters: -7.835008 0.212118 5.986963 69.053307
  57.829999999999998        -7.544938373364205
  58.750000000000000        -7.598098756586515
  59.680000000000000        -7.645755088467294
  60.619999999999997        -7.686807046046289
  61.560000000000002        -7.723077795298115
  62.520000000000003        -7.752749073581163
  63.490000000000002        -7.777812163513503
  64.459999999999994        -7.797132306869800
  65.450000000000003        -7.812738453110528
  66.450000000000003        -7.823880221373523
  67.450000000000003        -7.830415620214032
  68.469999999999999        -7.834439859901184
  69.500000000000000        -7.834254068925387
  70.530000000000001        -7.830752517290184
  71.579999999999998        -7.825410669723898
  72.640000000000001        -7.818149789954047
  73.709999999999994        -7.809252986224349
  74.790000000000006        -7.791189539999541


# Temperature: 490.000000
# Parameters: -7.849094 0.210525 6.008151 69.111389
  57.829999999999998        -7.557532868688326
  58.750000000000000        -7.610777818081270
  59.680000000000000        -7.658529080396063
  60.619999999999997        -7.699684314750373
  61.560000000000002        -7.736062990186068
  62.520000000000003        -7.765850634272655
  63.490000000000002        -7.791038303687264
  64.459999999999994        -7.810488438744168
  65.450000000000003        -7.826230652216698
  66.450000000000003        -7.837519652096008
  67.450000000000003        -7.844210587437080
  68.469999999999999        -7.848400599371310
  69.500000000000000        -7.848397089877730
  70.530000000000001        -7.845092153501003
  71.579999999999998        -7.839970127815328
  72.640000000000001        -7.832947579464062
  73.709999999999994        -7.824333719088245
  74.790000000000006        -7.806319739419703


# Temperature: 500.000000
# Parameters: -7.863297 0.208930 6.029301 69.170088
  57.829999999999998        -7.570232129095984
  58.750000000000000        -7.623561687153042
  59.680000000000000        -7.671407919286049
  60.619999999999997        -7.712666469799876
  61.560000000000002        -7.749153108730787
  62.520000000000003        -7.779057154895836
  63.490000000000002        -7.804369437994784
  64.459999999999994        -7.823949594808658
  65.450000000000003        -7.839827908678632
  66.450000000000003        -7.851264170230621
  67.450000000000003        -7.858110670055767
  68.469999999999999        -7.862466481184160
  69.500000000000000        -7.862645281156309
  70.530000000000001        -7.859536983875862
  71.579999999999998        -7.854634783180078
  72.640000000000001        -7.847850487478993
  73.709999999999994        -7.839519394264583
  74.790000000000006        -7.821553004184208


# Temperature: 510.000000
# Parameters: -7.877613 0.207333 6.050416 69.229414
  57.829999999999998        -7.583034086916635
  58.750000000000000        -7.636448294058432
  59.680000000000000        -7.684389534357431
  60.619999999999997        -7.725751437305695
  61.560000000000002        -7.762346073933892
  62.520000000000003        -7.792366556379472
  63.490000000000002        -7.817803484255547
  64.459999999999994        -7.837513695992036
  65.450000000000003        -7.853528137206538
  66.450000000000003        -7.865111689451143
  67.450000000000003        -7.872113780707448
  68.469999999999999        -7.876635416940662
  69.500000000000000        -7.876996550216347
  70.530000000000001        -7.874084916906412
  71.579999999999998        -7.869402543273371
  72.640000000000001        -7.862856422490494
  73.709999999999994        -7.854807924390716
  74.790000000000006        -7.836887283205333


# Temperature: 520.000000
# Parameters: -7.892041 0.205734 6.071499 69.289379
  57.829999999999998        -7.595936758430267
  58.750000000000000        -7.649435650931727
  59.680000000000000        -7.697471934635210
  60.619999999999997        -7.738937223183555
  61.560000000000002        -7.775639890674681
  62.520000000000003        -7.805776841530007
  63.490000000000002        -7.831338446312428
  64.459999999999994        -7.851178738882188
  65.450000000000003        -7.867329337497583
  66.450000000000003        -7.879060205309037
  67.450000000000003        -7.886217913907159
  68.469999999999999        -7.890905400119427
  69.500000000000000        -7.891448890536453
  70.530000000000001        -7.888733941925557
  71.579999999999998        -7.884271398464539
  72.640000000000001        -7.877963373831466
  73.709999999999994        -7.870197300872402
  74.790000000000006        -7.852320603127329


# Temperature: 530.000000
# Parameters: -7.906579 0.204134 6.092555 69.349991
  57.829999999999998        -7.608938228321008
  58.750000000000000        -7.662521842457051
  59.680000000000000        -7.710653202730662
  60.619999999999997        -7.752221911081158
  61.560000000000002        -7.789032639491575
  62.520000000000003        -7.819286089849439
  63.490000000000002        -7.844972398485289
  64.459999999999994        -7.864942799871833
  65.450000000000003        -7.881229582835205
  66.450000000000003        -7.893107791087740
  67.450000000000003        -7.900421139829059
  68.469999999999999        -7.905274499858185
  69.500000000000000        -7.906000369181506
  70.530000000000001        -7.903482127034602
  71.579999999999998        -7.899239414782032
  72.640000000000001        -7.893169407530363
  73.709999999999994        -7.885685591810945
  74.790000000000006        -7.867851066253571


# Temperature: 540.000000
# Parameters: -7.921225 0.202532 6.113591 69.411262
  57.829999999999998        -7.622036656932106
  58.750000000000000        -7.675705026904802
  59.680000000000000        -7.723931494841332
  60.619999999999997        -7.765603653050341
  61.560000000000002        -7.802522472436414
  62.520000000000003        -7.832892449243901
  63.490000000000002        -7.858703489716692
  64.459999999999994        -7.878804024794251
  65.450000000000003        -7.895227016979832
  66.450000000000003        -7.907252589511255
  67.450000000000003        -7.914721602233575
  68.469999999999999        -7.919740856808088
  69.500000000000000        -7.920649126802655
  70.530000000000001        -7.918327610811844
  71.579999999999998        -7.914304728731296
  72.640000000000001        -7.908472664238334
  73.709999999999994        -7.901270940966776
  74.790000000000006        -7.883476848473705


# Temperature: 550.000000
# Parameters: -7.935978 0.200929 6.134607 69.473204
  57.829999999999998        -7.635230270938098
  58.750000000000000        -7.688983427840237
  59.680000000000000        -7.737305032459623
  60.619999999999997        -7.779080669547083
  61.560000000000002        -7.816107607892324
  62.520000000000003        -7.846594139132943
  63.490000000000002        -7.872529936316908
  64.459999999999994        -7.892760628923288
  65.450000000000003        -7.909319854168884
  66.450000000000003        -7.921492812744146
  67.450000000000003        -7.929117511212422
  68.469999999999999        -7.934302680024421
  69.500000000000000        -7.935393370382336
  70.530000000000001        -7.933268600239718
  71.579999999999998        -7.929465547294766
  72.640000000000001        -7.923871349901389
  73.709999999999994        -7.916951556358754
  74.790000000000006        -7.899196190972233


# Temperature: 560.000000
# Parameters: -7.950836 0.199323 6.155608 69.535827
  57.829999999999998        -7.648517358162673
  58.750000000000000        -7.702355331014193
  59.680000000000000        -7.750772102372799
  60.619999999999997        -7.792651246322221
  61.560000000000002        -7.829786329537288
  62.520000000000003        -7.860389440085272
  63.490000000000002        -7.886450017818215
  64.459999999999994        -7.906810891791222
  65.450000000000003        -7.923506371861786
  66.450000000000003        -7.935826738245841
  67.450000000000003        -7.943607141115747
  68.469999999999999        -7.948958245930186
  69.500000000000000        -7.950231375307122
  70.530000000000001        -7.948303367595519
  71.579999999999998        -7.944720143786163
  72.640000000000001        -7.939363737833247
  73.709999999999994        -7.932725714409880
  74.790000000000006        -7.915007397119242


# Temperature: 570.000000
# Parameters: -7.965797 0.197716 6.176602 69.599143
  57.829999999999998        -7.661896268615101
  58.750000000000000        -7.715819087472365
  59.680000000000000        -7.764331051480848
  60.619999999999997        -7.806313726130040
  61.560000000000002        -7.843556979089163
  62.520000000000003        -7.874276694855172
  63.490000000000002        -7.900462075938473
  64.459999999999994        -7.920953152006634
  65.450000000000003        -7.937784908667120
  66.450000000000003        -7.950252702552068
  67.450000000000003        -7.958188829515704
  68.469999999999999        -7.963705887951829
  69.500000000000000        -7.965161473967036
  70.530000000000001        -7.963430246305694
  71.579999999999998        -7.960066849559081
  72.640000000000001        -7.954948160423932
  73.709999999999994        -7.948591748546602
  74.790000000000006        -7.930908834543248


# Temperature: 580.000000
# Parameters: -7.980860 0.196108 6.197589 69.663165
  57.829999999999998        -7.675365407235248
  58.750000000000000        -7.729373099045341
  59.680000000000000        -7.777980280577935
  60.619999999999997        -7.820066512873979
  61.560000000000002        -7.857417959414965
  62.520000000000003        -7.888254301127525
  63.490000000000002        -7.914564509398990
  64.459999999999994        -7.935185807254404
  65.450000000000003        -7.952153861233339
  66.450000000000003        -7.964769100238428
  67.450000000000003        -7.972860969951467
  68.469999999999999        -7.978543999628529
  69.500000000000000        -7.980182058864825
  70.530000000000001        -7.978647626800141
  71.579999999999998        -7.975504055043419
  72.640000000000001        -7.970623009139764
  73.709999999999994        -7.964548054380948
  74.790000000000006        -7.946898924766939


# Temperature: 590.000000
# Parameters: -7.996025 0.194497 6.218576 69.727905
  57.829999999999998        -7.688923235966426
  58.750000000000000        -7.743015826640008
  59.680000000000000        -7.791718249534517
  60.619999999999997        -7.833908062278793
  61.560000000000002        -7.871367724166597
  62.520000000000003        -7.902320715663512
  63.490000000000002        -7.928755769778816
  64.459999999999994        -7.949507310150011
  65.450000000000003        -7.966611679066641
  66.450000000000003        -7.979374381847546
  67.450000000000003        -7.987622011929237
  68.469999999999999        -7.993471029430054
  69.500000000000000        -7.995291578470263
  70.530000000000001        -7.993953957548632
  71.579999999999998        -7.991030207672520
  72.640000000000001        -7.986386732450518
  73.709999999999994        -7.980593081419117
  74.790000000000006        -7.962976143207170


# Temperature: 600.000000
# Parameters: -8.011288 0.192885 6.239567 69.793376
  57.829999999999998        -7.702568266500416
  58.750000000000000        -7.756745778838864
  59.680000000000000        -7.805543466933095
  60.619999999999997        -7.847836882926984
  61.560000000000002        -7.885404780890131
  62.520000000000003        -7.916474442899929
  63.490000000000002        -7.943034362551171
  64.459999999999994        -7.963916163057395
  65.450000000000003        -7.981156866603821
  66.450000000000003        -7.994067050779789
  67.450000000000003        -8.002470455740101
  68.469999999999999        -8.008485476611069
  69.500000000000000        -8.010488532038012
  70.530000000000001        -8.009347734696549
  71.579999999999998        -8.006643804628196
  72.640000000000001        -8.002237828574430
  73.709999999999994        -7.996725328915772
  74.790000000000006        -7.979139019174969


# Temperature: 610.000000
# Parameters: -8.026649 0.191271 6.260563 69.859591
  57.829999999999998        -7.716299059241033
  58.750000000000000        -7.770561518118581
  59.680000000000000        -7.819454492141061
  60.619999999999997        -7.861851531076661
  61.560000000000002        -7.899527686880105
  62.520000000000003        -7.930714038058460
  63.490000000000002        -7.957398842937741
  64.459999999999994        -7.978410920161815
  65.450000000000003        -7.995787975957285
  66.450000000000003        -8.008845656038284
  67.450000000000003        -8.017404853496464
  68.469999999999999        -8.023585893283979
  69.500000000000000        -8.025771467534771
  70.530000000000001        -8.024827509319872
  71.579999999999998        -8.022343393877147
  72.640000000000001        -8.018174847551050
  73.709999999999994        -8.012943350019745
  74.790000000000006        -7.995386129656973


# Temperature: 620.000000
# Parameters: -8.042108 0.189656 6.281570 69.926564
  57.829999999999998        -7.730114220194853
  58.750000000000000        -7.784461647376453
  59.680000000000000        -7.833449928055708
  60.619999999999997        -7.875950611697974
  61.560000000000002        -7.913735043997388
  62.520000000000003        -7.945038102999974
  63.490000000000002        -7.971847810726542
  64.459999999999994        -7.992990182287714
  65.450000000000003        -8.010503605878624
  66.450000000000003        -8.023708798447474
  67.450000000000003        -8.032423802913492
  68.469999999999999        -8.038770875091096
  69.500000000000000        -8.041138982675706
  70.530000000000001        -8.040391876024486
  71.579999999999998        -8.038127572098110
  72.640000000000001        -8.034196382949839
  73.709999999999994        -8.029245742446196
  74.790000000000006        -8.011716096206152


# Temperature: 630.000000
# Parameters: -8.057661 0.188039 6.302592 69.994309
  57.829999999999998        -7.744012402007636
  58.750000000000000        -7.798444818221816
  59.680000000000000        -7.847528426286371
  60.619999999999997        -7.890132772254550
  61.560000000000002        -7.928025498669183
  62.520000000000003        -7.959445286224527
  63.490000000000002        -7.986379912344778
  64.459999999999994        -8.007652592753015
  65.450000000000003        -8.025302400722186
  66.450000000000003        -8.038655120288858
  67.450000000000003        -8.047525945236256
  68.469999999999999        -8.054039064313917
  69.500000000000000        -8.056589718705888
  70.530000000000001        -8.056039477091891
  71.579999999999998        -8.053994979499731
  72.640000000000001        -8.050301079125147
  73.709999999999994        -8.045631148476629
  74.790000000000006        -8.028127587014662


# Temperature: 640.000000
# Parameters: -8.073309 0.186419 6.323641 70.062840
  57.829999999999998        -7.757992298782195
  58.750000000000000        -7.812509724757481
  59.680000000000000        -7.861688676790161
  60.619999999999997        -7.904396704776353
  61.560000000000002        -7.942397743961878
  62.520000000000003        -7.973934274579949
  63.490000000000002        -8.000993836713128
  64.459999999999994        -8.022396841514828
  65.450000000000003        -8.040183049408654
  66.450000000000003        -8.053683308410264
  67.450000000000003        -8.062709968349010
  68.469999999999999        -8.069389146763847
  69.500000000000000        -8.072122360400293
  70.530000000000001        -8.071768994187781
  71.579999999999998        -8.069944299820557
  72.640000000000001        -8.066487617742672
  73.709999999999994        -8.062098255995295
  74.790000000000006        -8.044619312768138


# Temperature: 650.000000
# Parameters: -8.089051 0.184799 6.344695 70.132172
  57.829999999999998        -7.772052644005547
  58.750000000000000        -7.826655098397612
  59.680000000000000        -7.875929413054090
  60.619999999999997        -7.918741140677543
  61.560000000000002        -7.956850508180356
  62.520000000000003        -7.988503798443975
  63.490000000000002        -8.015688311100053
  64.459999999999994        -8.037221655841609
  65.450000000000003        -8.055144277133632
  66.450000000000003        -8.068792090080150
  67.450000000000003        -8.077974596410932
  68.469999999999999        -8.084819847636485
  69.500000000000000        -8.087735631918099
  70.530000000000001        -8.087579152507761
  71.579999999999998        -8.085974257219771
  72.640000000000001        -8.082754726070869
  73.709999999999994        -8.078645790197800
  74.790000000000006        -8.061190021463563


# Temperature: 660.000000
# Parameters: -8.104884 0.183176 6.365794 70.202321
  57.829999999999998        -7.786192209512480
  58.750000000000000        -7.840879710976999
  59.680000000000000        -7.890249405876522
  60.619999999999997        -7.933164848683632
  61.560000000000002        -7.971382561086553
  62.520000000000003        -8.003152627578542
  63.490000000000002        -8.030462105267487
  64.459999999999994        -8.052125802386016
  65.450000000000003        -8.070184851586205
  66.450000000000003        -8.083980230914745
  67.450000000000003        -8.093318597111109
  68.469999999999999        -8.100329931511641
  69.500000000000000        -8.103428297839111
  70.530000000000001        -8.103468716631639
  71.579999999999998        -8.102083614204322
  72.640000000000001        -8.099101167653119
  73.709999999999994        -8.095272518773228
  74.790000000000006        -8.077838501518549


# Temperature: 670.000000
# Parameters: -8.120809 0.181552 6.386918 70.273302
  57.829999999999998        -7.800409804449131
  58.750000000000000        -7.855182370605352
  59.680000000000000        -7.904647462330741
  60.619999999999997        -7.947666636904330
  61.560000000000002        -7.985992708717328
  62.520000000000003        -8.017879565947656
  63.490000000000002        -8.045314024215863
  64.459999999999994        -8.067108086148480
  65.450000000000003        -8.085303575693953
  66.450000000000003        -8.099246533841631
  67.450000000000003        -8.108740771304264
  68.469999999999999        -8.115918201316893
  69.500000000000000        -8.119199161090908
  70.530000000000001        -8.119436487414138
  71.579999999999998        -8.118271172665363
  72.640000000000001        -8.115525743344147
  73.709999999999994        -8.111977244649157
  74.790000000000006        -8.094563577625628


# Temperature: 680.000000
# Parameters: -8.136824 0.179926 6.408075 70.345131
  57.829999999999998        -7.814704275272987
  58.750000000000000        -7.869561922703731
  59.680000000000000        -7.919122425764956
  60.619999999999997        -7.962245346614990
  61.560000000000002        -8.000679793384462
  62.520000000000003        -8.032683455863095
  63.490000000000002        -8.060242907147680
  64.459999999999994        -8.082167347367928
  65.450000000000003        -8.100499289695801
  66.450000000000003        -8.114589837026882
  67.450000000000003        -8.124239957156474
  68.469999999999999        -8.131583493145461
  69.500000000000000        -8.135047056730286
  70.530000000000001        -8.135481301984907
  71.579999999999998        -8.134535768696116
  72.640000000000001        -8.132027290273603
  73.709999999999994        -8.128758807028092
  74.790000000000006        -8.111364110752255


# Temperature: 690.000000
# Parameters: -8.152928 0.178299 6.429271 70.417826
  57.829999999999998        -7.829074497461470
  58.750000000000000        -7.884017242749559
  59.680000000000000        -7.933673171656587
  60.619999999999997        -7.976899854329464
  61.560000000000002        -8.015442689528950
  62.520000000000003        -8.047563170729433
  63.490000000000002        -8.075247627467512
  64.459999999999994        -8.097302458412507
  65.450000000000003        -8.115770865959895
  66.450000000000003        -8.130009013875068
  67.450000000000003        -8.139815027035883
  68.469999999999999        -8.147324679365493
  69.500000000000000        -8.150970857125390
  70.530000000000001        -8.151602029602813
  71.579999999999998        -8.150876272591876
  72.640000000000001        -8.148604680809632
  73.709999999999994        -8.145616077241746
  74.790000000000006        -8.128238991922247


# Temperature: 700.000000
# Parameters: -8.169121 0.176669 6.450512 70.491403
  57.829999999999998        -7.843519382766925
  58.750000000000000        -7.898547240422327
  59.680000000000000        -7.948298610721555
  60.619999999999997        -7.991629068690815
  61.560000000000002        -8.030280304757433
  62.520000000000003        -8.062517618153308
  63.490000000000002        -8.090327092781997
  64.459999999999994        -8.112512324816004
  65.450000000000003        -8.131117210020021
  66.450000000000003        -8.145502968883548
  67.450000000000003        -8.155464885439851
  68.469999999999999        -8.163140664474346
  69.500000000000000        -8.166969464700728
  70.530000000000001        -8.167797573728791
  71.579999999999998        -8.167291587813573
  72.640000000000001        -8.165256817376738
  73.709999999999994        -8.162547962896761
  74.790000000000006        -8.145187146361492


# Temperature: 710.000000
# Parameters: -8.185401 0.175038 6.471797 70.565880
  57.829999999999998        -7.858037870925209
  58.750000000000000        -7.913150856494320
  59.680000000000000        -7.962997681659289
  60.619999999999997        -8.006431928398476
  61.560000000000002        -8.045191578805767
  62.520000000000003        -8.077545736834150
  63.490000000000002        -8.105480240754138
  64.459999999999994        -8.127795885277845
  65.450000000000003        -8.146537257466331
  66.450000000000003        -8.161070638678904
  67.450000000000003        -8.171188467958530
  68.469999999999999        -8.179030383025747
  69.500000000000000        -8.183041816082875
  70.530000000000001        -8.184066869952987
  71.579999999999998        -8.183780648914933
  72.640000000000001        -8.181982635565076
  73.709999999999994        -8.179553398546862
  74.790000000000006        -8.162207531425093


# Temperature: 720.000000
# Parameters: -8.201767 0.173406 6.493137 70.641276
  57.829999999999998        -7.872628932764967
  58.750000000000000        -7.927827060757755
  59.680000000000000        -7.977769352189156
  60.619999999999997        -8.021307401171811
  61.560000000000002        -8.060175478356891
  62.520000000000003        -8.092646493454899
  63.490000000000002        -8.120706039103304
  64.459999999999994        -8.143152105444548
  65.450000000000003        -8.162029977054617
  66.450000000000003        -8.176710987871219
  67.450000000000003        -8.186984740238433
  68.469999999999999        -8.194992800666210
  69.500000000000000        -8.199186873809069
  70.530000000000001        -8.200408880812642
  71.579999999999998        -8.200342418433193
  72.640000000000001        -8.198781099984730
  73.709999999999994        -8.196631352947842
  74.790000000000006        -8.179299129342388


# Temperature: 730.000000
# Parameters: -8.218220 0.171771 6.514524 70.717609
  57.829999999999998        -7.887291568134785
  58.750000000000000        -7.942574852024792
  59.680000000000000        -7.992612623196166
  60.619999999999997        -8.036254484786554
  61.560000000000002        -8.075231000150113
  62.520000000000003        -8.107818883718434
  63.490000000000002        -8.136003481459518
  64.459999999999994        -8.158579981018990
  65.450000000000003        -8.177594360342054
  66.450000000000003        -8.192423012163374
  67.450000000000003        -8.202852696946012
  68.469999999999999        -8.211026909989334
  69.500000000000000        -8.215403633582188
  70.530000000000001        -8.216822602010632
  71.579999999999998        -8.216975891034803
  72.640000000000001        -8.215651205302157
  73.709999999999994        -8.213780819729724
  74.790000000000006        -8.196460955508353


# Temperature: 740.000000
# Parameters: -8.234757 0.170135 6.535980 70.794899
  57.829999999999998        -7.902024801757475
  58.750000000000000        -7.957393253981818
  59.680000000000000        -8.007526517330282
  60.619999999999997        -8.051272205001945
  61.560000000000002        -8.090357169944674
  62.520000000000003        -8.123061932347570
  63.490000000000002        -8.151371592545599
  64.459999999999994        -8.174078533614708
  65.450000000000003        -8.193229432051456
  66.450000000000003        -8.208205732132480
  67.450000000000003        -8.218791357621951
  68.469999999999999        -8.227131732608655
  69.500000000000000        -8.231691113906487
  70.530000000000001        -8.233307051014787
  71.579999999999998        -8.233680086260447
  72.640000000000001        -8.232591971058037
  73.709999999999994        -8.231000820506049
  74.790000000000006        -8.213692049155775


# Temperature: 750.000000
# Parameters: -8.251379 0.168497 6.557491 70.873166
  57.829999999999998        -7.916827686339368
  58.750000000000000        -7.972281319335162
  59.680000000000000        -8.022510085224980
  60.619999999999997        -8.066359610378607
  61.560000000000002        -8.105553035264768
  62.520000000000003        -8.138374687902932
  63.490000000000002        -8.166809419885739
  64.459999999999994        -8.189646813865174
  65.450000000000003        -8.208934239707020
  66.450000000000003        -8.224058197375584
  67.450000000000003        -8.234799770826875
  68.469999999999999        -8.243306317084794
  69.500000000000000        -8.248048363342592
  70.530000000000001        -8.249861276385731
  71.579999999999998        -8.250454050597895
  72.640000000000001        -8.249602444776567
  73.709999999999994        -8.248290406946717
  74.790000000000006        -8.230991475428096


# Temperature: 760.000000
# Parameters: -8.268084 0.166857 6.579073 70.952430
  57.829999999999998        -7.931699298424594
  58.750000000000000        -7.987238124628957
  59.680000000000000        -8.037562404460816
  60.619999999999997        -8.081515777460671
  61.560000000000002        -8.120817672654528
  62.520000000000003        -8.153756226928648
  63.490000000000002        -8.182316040024073
  64.459999999999994        -8.205283893132394
  65.450000000000003        -8.224707856743596
  66.450000000000003        -8.239979480291112
  67.450000000000003        -8.250877011032060
  68.469999999999999        -8.259549734779757
  69.500000000000000        -8.264474453252500
  70.530000000000001        -8.266484349485465
  71.579999999999998        -8.267296856445576
  72.640000000000001        -8.266681698856175
  73.709999999999994        -8.265648650413727
  74.790000000000006        -8.248358325379417


# Temperature: 770.000000
# Parameters: -8.284872 0.165216 6.600729 71.032714
  57.829999999999998        -7.946638738395093
  58.750000000000000        -8.002262770245139
  59.680000000000000        -8.052682574383304
  60.619999999999997        -8.096739805593650
  61.560000000000002        -8.136150182495893
  62.520000000000003        -8.169205645660954
  63.490000000000002        -8.197890551269685
  64.459999999999994        -8.220988872834729
  65.450000000000003        -8.240549381470274
  66.450000000000003        -8.255968678151726
  67.450000000000003        -8.267022173437313
  68.469999999999999        -8.275861081929770
  69.500000000000000        -8.280968480908873
  70.530000000000001        -8.283175366550221
  71.579999999999998        -8.284207600039720
  72.640000000000001        -8.283828831605945
  73.709999999999994        -8.283074651289017
  74.790000000000006        -8.265791712865221


# Temperature: 780.000000
# Parameters: -8.301742 0.163573 6.622461 71.114039
  57.829999999999998        -7.961645132543461
  58.750000000000000        -8.017354379367028
  59.680000000000000        -8.067869719212190
  60.619999999999997        -8.112030817960862
  61.560000000000002        -8.151549684862902
  62.520000000000003        -8.184722069356020
  63.490000000000002        -8.213532073696616
  64.459999999999994        -8.236760872009793
  65.450000000000003        -8.256457934997519
  66.450000000000003        -8.272024913104316
  67.450000000000003        -8.283234380189528
  68.469999999999999        -8.292239480681731
  69.500000000000000        -8.297529566385750
  70.530000000000001        -8.299933448690464
  71.579999999999998        -8.301185401454367
  72.640000000000001        -8.301042963099917
  73.709999999999994        -8.300567530683056
  74.790000000000006        -8.283290776615219


# Temperature: 790.000000
# Parameters: -8.318693 0.161928 6.644265 71.196427
  57.829999999999998        -7.976717625817969
  58.750000000000000        -8.032512100052173
  59.680000000000000        -8.083122983895741
  60.619999999999997        -8.127387960547006
  61.560000000000002        -8.167015326776678
  62.520000000000003        -8.200304639852837
  63.490000000000002        -8.229239753289562
  64.459999999999994        -8.252599036642282
  65.450000000000003        -8.272432661237172
  66.450000000000003        -8.288147326987874
  67.450000000000003        -8.299512773127695
  68.469999999999999        -8.308684073911055
  69.500000000000000        -8.314156852558547
  70.530000000000001        -8.316757736708759
  71.579999999999998        -8.318229401492083
  72.640000000000001        -8.318323234140657
  73.709999999999994        -8.318126431471258
  74.790000000000006        -8.300854676087651


# Temperature: 800.000000
# Parameters: -8.335726 0.160282 6.666155 71.279902
  57.829999999999998        -7.991855385968268
  58.750000000000000        -8.047735097977373
  59.680000000000000        -8.098441536183611
  60.619999999999997        -8.142810400065304
  61.560000000000002        -8.182546274950447
  62.520000000000003        -8.215952524901057
  63.490000000000002        -8.245012754688894
  64.459999999999994        -8.268502530336143
  65.450000000000003        -8.288472725866034
  66.450000000000003        -8.304335086515625
  67.450000000000003        -8.315856517928612
  68.469999999999999        -8.325194024185260
  69.500000000000000        -8.330849501994784
  70.530000000000001        -8.333647395245480
  71.579999999999998        -8.335338766866091
  72.640000000000001        -8.335668812477815
  73.709999999999994        -8.335750521403277
  74.790000000000006        -8.318482591469284


# Temperature: 810.000000
# Parameters: -8.352838 0.158634 6.688139 71.364489
  57.829999999999998        -8.007057603545389
  58.750000000000000        -8.063022561620803
  59.680000000000000        -8.113824562481122
  60.619999999999997        -8.158297322921083
  61.560000000000002        -8.198141714753104
  62.520000000000003        -8.231664911942431
  63.490000000000002        -8.260850265336364
  64.459999999999994        -8.284470540533126
  65.450000000000003        -8.304577313216578
  66.450000000000003        -8.320587374983614
  67.450000000000003        -8.332264799961180
  68.469999999999999        -8.341768517909673
  69.500000000000000        -8.347606702136215
  70.530000000000001        -8.350601609669525
  71.579999999999998        -8.352512678799586
  72.640000000000001        -8.353078880371010
  73.709999999999994        -8.353438986884436
  74.790000000000006        -8.336173723675410


# Temperature: 820.000000
# Parameters: -8.370031 0.156984 6.710208 71.450212
  57.829999999999998        -8.022323484646755
  58.750000000000000        -8.078373699152744
  59.680000000000000        -8.129271271994980
  60.619999999999997        -8.173847937284616
  61.560000000000002        -8.213800854354931
  62.520000000000003        -8.247441006037956
  63.490000000000002        -8.276751492365824
  64.459999999999994        -8.300502273330656
  65.450000000000003        -8.320745630422651
  66.450000000000003        -8.336903400562118
  67.450000000000003        -8.348736824286394
  68.469999999999999        -8.358406760145289
  69.500000000000000        -8.364427655970980
  70.530000000000001        -8.367619584005464
  71.579999999999998        -8.369750344426418
  72.640000000000001        -8.370552644954094
  73.709999999999994        -8.371191034012160
  74.790000000000006        -8.353927294349850


# Temperature: 830.000000
# Parameters: -8.387302 0.155332 6.732387 71.537099
  57.829999999999998        -8.037652257134745
  58.750000000000000        -8.093787738435571
  59.680000000000000        -8.144780891551138
  60.619999999999997        -8.189461469981859
  61.560000000000002        -8.229522920581877
  62.520000000000003        -8.263280034013587
  63.490000000000002        -8.292715659493945
  64.459999999999994        -8.316596953481833
  65.450000000000003        -8.336976902237355
  66.450000000000003        -8.353282386967813
  67.450000000000003        -8.365271815657355
  68.469999999999999        -8.375107976681639
  69.500000000000000        -8.381311589288609
  70.530000000000001        -8.384700541969970
  71.579999999999998        -8.387050987463260
  72.640000000000001        -8.388089329943739
  73.709999999999994        -8.389005888575973
  74.790000000000006        -8.371742541719247


# Temperature: 840.000000
# Parameters: -8.404653 0.153679 6.754652 71.625173
  57.829999999999998        -8.053043169600263
  58.750000000000000        -8.109263924950913
  59.680000000000000        -8.160352666631217
  60.619999999999997        -8.205137166494437
  61.560000000000002        -8.245307156842715
  62.520000000000003        -8.279181241350946
  63.490000000000002        -8.308742013238781
  64.459999999999994        -8.332753826468281
  65.450000000000003        -8.353270374142317
  66.450000000000003        -8.369723578645893
  67.450000000000003        -8.381869017482837
  68.469999999999999        -8.391871408854639
  69.500000000000000        -8.398257744461448
  70.530000000000001        -8.401843726971819
  71.579999999999998        -8.404413850282459
  72.640000000000001        -8.405688179785145
  73.709999999999994        -8.406882796057504
  74.790000000000006        -8.389618725775193


# Temperature: 850.000000
# Parameters: -8.422081 0.152024 6.777042 71.714468
  57.829999999999998        -8.068495483071331
  58.750000000000000        -8.124801522836066
  59.680000000000000        -8.175985859299669
  60.619999999999997        -8.220874288886797
  61.560000000000002        -8.261152827274746
  62.520000000000003        -8.295143889078055
  63.490000000000002        -8.324829814628352
  64.459999999999994        -8.348972153318023
  65.450000000000003        -8.369625305092702
  66.450000000000003        -8.386226235587957
  67.450000000000003        -8.398527691827285
  68.469999999999999        -8.408696317692312
  69.500000000000000        -8.415265382517518
  70.530000000000001        -8.419048400039030
  71.579999999999998        -8.421838193912036
  72.640000000000001        -8.423348455506332
  73.709999999999994        -8.424821018521198
  74.790000000000006        -8.407555122055680


# Temperature: 860.000000
# Parameters: -8.439588 0.150368 6.799535 71.805006
  57.829999999999998        -8.084008479304497
  58.750000000000000        -8.140399810738302
  59.680000000000000        -8.191679752349463
  60.619999999999997        -8.236672116842634
  61.560000000000002        -8.277059211561664
  62.520000000000003        -8.311167257915036
  63.490000000000002        -8.340978342309924
  64.459999999999994        -8.365251213714751
  65.450000000000003        -8.386040976845059
  66.450000000000003        -8.402789638514125
  67.450000000000003        -8.415247116301542
  68.469999999999999        -8.425581983914778
  69.500000000000000        -8.432333781067658
  70.530000000000001        -8.436313839818871
  71.579999999999998        -8.439323296999259
  72.640000000000001        -8.441069434718145
  73.709999999999994        -8.442819834614324
  74.790000000000006        -8.425551021645092


# Temperature: 870.000000
# Parameters: -8.457171 0.148710 6.822151 71.896821
  57.829999999999998        -8.099581456639129
  58.750000000000000        -8.156058089069841
  59.680000000000000        -8.207433639974269
  60.619999999999997        -8.252529948701316
  61.560000000000002        -8.293025604933559
  62.520000000000003        -8.327250643091981
  63.490000000000002        -8.357186894622870
  64.459999999999994        -8.381590302888560
  65.450000000000003        -8.402516682556627
  66.450000000000003        -8.419413082654488
  67.450000000000003        -8.432026587172125
  68.469999999999999        -8.442527699642850
  69.500000000000000        -8.449462236378389
  70.530000000000001        -8.453639339468580
  71.579999999999998        -8.456868452701364
  72.640000000000001        -8.458850412650671
  73.709999999999994        -8.460878542676252
  74.790000000000006        -8.443605735319911


# Temperature: 880.000000
# Parameters: -8.474832 0.147050 6.844877 71.989941
  57.829999999999998        -8.115213728960992
  58.750000000000000        -8.171775668607168
  59.680000000000000        -8.223246838132699
  60.619999999999997        -8.268447097312182
  61.560000000000002        -8.309051322312623
  62.520000000000003        -8.343393358494650
  63.490000000000002        -8.373454782343675
  64.459999999999994        -8.397988733688782
  65.450000000000003        -8.419051737149594
  66.450000000000003        -8.436095877749104
  67.450000000000003        -8.448865415215518
  68.469999999999999        -8.459532778762290
  69.500000000000000        -8.466650058189769
  70.530000000000001        -8.471024210801069
  71.579999999999998        -8.474472972831267
  72.640000000000001        -8.476690703189675
  73.709999999999994        -8.478996454519894
  74.790000000000006        -8.461718586293744


# Temperature: 890.000000
# Parameters: -8.492568 0.145388 6.867737 72.084400
  57.829999999999998        -8.130904624665819
  58.750000000000000        -8.187551879818871
  59.680000000000000        -8.239118674184063
  60.619999999999997        -8.284422890034538
  61.560000000000002        -8.325135691058161
  62.520000000000003        -8.359594731482352
  63.490000000000002        -8.389781333868070
  64.459999999999994        -8.414445833474728
  65.450000000000003        -8.435645464873991
  66.450000000000003        -8.452837353230130
  67.450000000000003        -8.465762928827456
  68.469999999999999        -8.476596547595980
  69.500000000000000        -8.483896573861102
  70.530000000000001        -8.488467780139217
  71.579999999999998        -8.492136184748270
  72.640000000000001        -8.494589630585185
  73.709999999999994        -8.497172897504553
  74.790000000000006        -8.479888917472287


# Temperature: 900.000000
# Parameters: -8.510381 0.143725 6.890729 72.180229
  57.829999999999998        -8.146653488732163
  58.750000000000000        -8.203386066647075
  59.680000000000000        -8.255048491034060
  60.619999999999997        -8.300456671846938
  61.560000000000002        -8.341278054075875
  62.520000000000003        -8.375854105997215
  63.490000000000002        -8.406165891065331
  64.459999999999994        -8.430960945152098
  65.450000000000003        -8.452297210708368
  66.450000000000003        -8.469636850966845
  67.450000000000003        -8.482718467804359
  68.469999999999999        -8.493718348013193
  69.500000000000000        -8.501201126298092
  70.530000000000001        -8.505969389352302
  71.579999999999998        -8.509857429285226
  72.640000000000001        -8.512546538779331
  73.709999999999994        -8.515407216608788
  74.790000000000006        -8.498116081089083


# Temperature: 910.000000
# Parameters: -8.528270 0.142060 6.913857 72.277464
  57.829999999999998        -8.162459679612121
  58.750000000000000        -8.219277586507451
  59.680000000000000        -8.271035649207640
  60.619999999999997        -8.316547799128626
  61.560000000000002        -8.357477768781436
  62.520000000000003        -8.392170837382055
  63.490000000000002        -8.422607812387554
  64.459999999999994        -8.447533425100135
  65.450000000000003        -8.469006331031972
  66.450000000000003        -8.486493727338491
  67.450000000000003        -8.499731391634754
  68.469999999999999        -8.510897535356749
  69.500000000000000        -8.518563070843555
  70.530000000000001        -8.523528395855990
  71.579999999999998        -8.527636062821374
  72.640000000000001        -8.530560784151353
  73.709999999999994        -8.533698769248264
  74.790000000000006        -8.516399448033342


# Temperature: 920.000000
# Parameters: -8.546234 0.140394 6.937128 72.376139
  57.829999999999998        -8.178322569231334
  58.750000000000000        -8.235225813398491
  59.680000000000000        -8.287079518557588
  60.619999999999997        -8.332695645878097
  61.560000000000002        -8.373734208136909
  62.520000000000003        -8.408544299635366
  63.490000000000002        -8.439106469760381
  64.459999999999994        -8.464162646280906
  65.450000000000003        -8.485772195697587
  66.450000000000003        -8.503407353234280
  67.450000000000003        -8.516801069134996
  68.469999999999999        -8.528133481552286
  69.500000000000000        -8.535981777350278
  70.530000000000001        -8.541144168466646
  71.579999999999998        -8.545471455209505
  72.640000000000001        -8.548631736554039
  73.709999999999994        -8.552046927348627
  74.790000000000006        -8.534738401631394


# Temperature: 930.000000
# Parameters: -8.564273 0.138726 6.960548 72.476292
  57.829999999999998        -8.194241544025406
  58.750000000000000        -8.251230131682952
  59.680000000000000        -8.303179486555942
  60.619999999999997        -8.348899595421676
  61.560000000000002        -8.390046756505050
  62.520000000000003        -8.424973877119903
  63.490000000000002        -8.455661247546562
  64.459999999999994        -8.480847990984312
  65.450000000000003        -8.502594191140824
  66.450000000000003        -8.520377113016970
  67.450000000000003        -8.533926884667844
  68.469999999999999        -8.545425570962559
  69.500000000000000        -8.553456631217443
  70.530000000000001        -8.558816092583449
  71.579999999999998        -8.563362991848798
  72.640000000000001        -8.566758782422998
  73.709999999999994        -8.570451075272626
  74.790000000000006        -8.553132337646684


# Temperature: 940.000000
# Parameters: -8.582387 0.137056 6.984125 72.577962
  57.829999999999998        -8.210216003903492
  58.750000000000000        -8.267289941269983
  59.680000000000000        -8.319334951038996
  60.619999999999997        -8.365159047668513
  61.560000000000002        -8.406414813795008
  62.520000000000003        -8.441458967671963
  63.490000000000002        -8.472271543582400
  64.459999999999994        -8.497588860155933
  65.450000000000003        -8.519471715197978
  66.450000000000003        -8.537402406595710
  67.450000000000003        -8.551108237106019
  68.469999999999999        -8.562773201423866
  69.500000000000000        -8.570987029244922
  70.530000000000001        -8.576543563969842
  71.579999999999998        -8.581310069539125
  72.640000000000001        -8.584941318558100
  73.709999999999994        -8.588910613965840
  74.790000000000006        -8.571580666352625


# Temperature: 950.000000
# Parameters: -8.600576 0.135385 7.007859 72.681186
  57.829999999999998        -8.226245361211856
  58.750000000000000        -8.283404654505848
  59.680000000000000        -8.335545324353021
  60.619999999999997        -8.381473414964878
  61.560000000000002        -8.422837790280196
  62.520000000000003        -8.457998983637811
  63.490000000000002        -8.488936769177730
  64.459999999999994        -8.514384663032750
  65.450000000000003        -8.536404177106037
  66.450000000000003        -8.554482641134632
  67.450000000000003        -8.568344536722938
  68.469999999999999        -8.580175782173196
  69.500000000000000        -8.588572382742553
  70.530000000000001        -8.594325993935668
  71.579999999999998        -8.599312097517474
  72.640000000000001        -8.603178755232758
  73.709999999999994        -8.607424952665257
  74.790000000000006        -8.590082809423320


# Temperature: 960.000000
# Parameters: -8.618838 0.133712 7.031762 72.786007
  57.829999999999998        -8.242329039697452
  58.750000000000000        -8.299573694101081
  59.680000000000000        -8.351810030244966
  60.619999999999997        -8.397842120021297
  61.560000000000002        -8.439315109707573
  62.520000000000003        -8.474593347727978
  63.490000000000002        -8.505656347043086
  64.459999999999994        -8.531234823361725
  65.450000000000003        -8.553391000611958
  66.450000000000003        -8.571617242453549
  67.450000000000003        -8.585635206229128
  68.469999999999999        -8.597632735921074
  69.500000000000000        -8.606212112348013
  70.530000000000001        -8.612162804155030
  71.579999999999998        -8.617368499530800
  72.640000000000001        -8.621470515157505
  73.709999999999994        -8.625993517190684
  74.790000000000006        -8.608638200969990


# Temperature: 970.000000
# Parameters: -8.637175 0.132038 7.055840 72.892468
  57.829999999999998        -8.258466475544356
  58.750000000000000        -8.315796498312602
  59.680000000000000        -8.368128504898907
  60.619999999999997        -8.414264597985417
  61.560000000000002        -8.455846208261208
  62.520000000000003        -8.491241495090110
  63.490000000000002        -8.522429714398964
  64.459999999999994        -8.548138775254076
  65.450000000000003        -8.570431620863385
  66.450000000000003        -8.588805644663676
  67.450000000000003        -8.602979679735810
  68.469999999999999        -8.615143497815151
  69.500000000000000        -8.623905654245377
  70.530000000000001        -8.630053428739146
  71.579999999999998        -8.635478708653896
  72.640000000000001        -8.639816034516409
  73.709999999999994        -8.644615741653341
  74.790000000000006        -8.627246287540970


