   0.000000000000000        -0.005325736105587
  10.000000000000000        -0.005324872253412
  20.000000000000000        -0.005305881190449
  30.000000000000000        -0.005249399996735
  40.000000000000000        -0.005156362262894
  50.000000000000000        -0.005035813020562
  60.000000000000000        -0.004895817204666
  70.000000000000000        -0.004741942206719
  80.000000000000000        -0.004577828516894
  90.000000000000000        -0.004405864202407
 100.000000000000000        -0.004227647053717
 110.000000000000000        -0.004044272893319
 120.000000000000000        -0.003856510318791
 130.000000000000000        -0.003664910806451
 140.000000000000000        -0.003469877284506
 150.000000000000000        -0.003271708693211
 160.000000000000000        -0.003070629931542
 170.000000000000000        -0.002866811388998
 180.000000000000000        -0.002660384098446
 190.000000000000000        -0.002451447167097
 200.000000000000000        -0.002240077613462
 210.000000000000000        -0.002026333263522
 220.000000000000000        -0.001810257932427
 230.000000000000000        -0.001591884151407
 240.000000000000000        -0.001371234930277
 250.000000000000000        -0.001148324634494
 260.000000000000000        -0.000923163077191
 270.000000000000000        -0.000695752452048
 280.000000000000000        -0.000466092827056
 290.000000000000000        -0.000234178595669
 300.000000000000000         0.000000000000000
 310.000000000000000         0.000236452212417
 320.000000000000000         0.000475194339705
 330.000000000000000         0.000716241924307
 340.000000000000000         0.000959613376580
 350.000000000000000         0.001205329479570
 360.000000000000000         0.001453413722432
 370.000000000000000         0.001703889171751
 380.000000000000000         0.001956781967384
 390.000000000000000         0.002212119961883
 400.000000000000000         0.002469931284939
 410.000000000000000         0.002730246372475
 420.000000000000000         0.002993096538432
 430.000000000000000         0.003258514712522
 440.000000000000000         0.003526535468437
 450.000000000000000         0.003797193488700
 460.000000000000000         0.004070526452160
 470.000000000000000         0.004346571056317
 480.000000000000000         0.004625367380380
 490.000000000000000         0.004906955995047
 500.000000000000000         0.005191378098532
 510.000000000000000         0.005478676902847
 520.000000000000000         0.005768897198048
 530.000000000000000         0.006062083935451
 540.000000000000000         0.006358284983633
 550.000000000000000         0.006657548466634
 560.000000000000000         0.006959924304219
 570.000000000000000         0.007265463537266
 580.000000000000000         0.007574218910702
 590.000000000000000         0.007886244868631
 600.000000000000000         0.008201597844466
 610.000000000000000         0.008520334231229
 620.000000000000000         0.008842513890487
 630.000000000000000         0.009168196960996
 640.000000000000000         0.009497448339345
 650.000000000000000         0.009830325926164
 660.000000000000000         0.010166904505962
 670.000000000000000         0.010507247074395
 680.000000000000000         0.010851424223836
 690.000000000000000         0.011199508438811
 700.000000000000000         0.011551575094181
 710.000000000000000         0.011907699079371
 720.000000000000000         0.012267960766263
 730.000000000000000         0.012632437701660
 740.000000000000000         0.013001221093917
 750.000000000000000         0.013374388039586
 760.000000000000000         0.013752031955085
 770.000000000000000         0.014134248145056
 780.000000000000000         0.014521125155535
 790.000000000000000         0.014912757884471
 800.000000000000000         0.015309250459602
 810.000000000000000         0.015710713199542
 820.000000000000000         0.016117240184041
 830.000000000000000         0.016528957892803
 840.000000000000000         0.016945958162128
 850.000000000000000         0.017368389185851
 860.000000000000000         0.017796344456217
 870.000000000000000         0.018229970874198
 880.000000000000000         0.018669378248234
 890.000000000000000         0.019114719266933
 900.000000000000000         0.019566125227288
 910.000000000000000         0.020023741475932
 920.000000000000000         0.020487721035659
 930.000000000000000         0.020958216255176
 940.000000000000000         0.021435392542992
 950.000000000000000         0.021919409163253
 960.000000000000000         0.022410446505954
 970.000000000000000         0.022908682867306
