64   
14   

1    
  0.0040848989666515   0.0040848995548162   0.0081625483802127
  -0.0243672300   -0.0245392900   -0.0446705200
   0.0000088200    0.0000011400   -0.0000133900
   0.0000585100    0.0000317300   -0.0000117600
   0.0001354600    0.0001187900   -0.0002727500
   0.0001655500    0.0001020900    0.0001602100
  -0.0000121700    0.0001436800    0.0001478800
   0.0001158000   -0.0000457300    0.0001162200
   0.0000124200    0.0000117900    0.0000517600
   0.0001684600    0.0000667000    0.0001599700
  -0.0009971800    0.0006152600    0.0009795200
  -0.0000430500   -0.0000071800    0.0001550700
  -0.0001650400    0.0001441900    0.0000581100
  -0.0002008800   -0.0006309800    0.0003708800
   0.0002732900    0.0002056400    0.0006596000
   0.0000587700    0.0001204100    0.0001066500
   0.0001331600   -0.0000943800    0.0002086700
   0.0014652700    0.0011715400   -0.0019812800
   0.0004475900   -0.0006096900   -0.0013608000
  -0.0004248400    0.0008943200   -0.0013842400
  -0.0000424900    0.0002919100   -0.0007631900
   0.0000001700    0.0000164400    0.0000707900
  -0.0003214300    0.0001049000    0.0001801400
   0.0000171000   -0.0000749000    0.0001765900
   0.0000668600   -0.0000060300    0.0000700500
  -0.0001823900    0.0004921700    0.0000038700
   0.0001683300   -0.0000541800    0.0003184000
   0.0025656900   -0.0027063600    0.0025045300
   0.0000643700   -0.0004477700    0.0001845100
  -0.0014528200   -0.0010867600    0.0012254600
   0.0001896300    0.0002725900    0.0001596600
   0.0008142300    0.0014146500    0.0014479700
  -0.0003590100   -0.0000747300    0.0001663900
   0.0183819700    0.0275185700    0.0220237400
  -0.0008878200    0.0010221100    0.0013401400
  -0.0005902100    0.0007123200    0.0013515400
  -0.0005773400    0.0011661000    0.0009928500
  -0.0006991600    0.0007503500    0.0008517200
  -0.0006375700    0.0011703700    0.0006760600
  -0.0006363900    0.0011193800    0.0009096200
  -0.0007000300    0.0009681600    0.0010786800
   0.0003068700   -0.0016576800    0.0011654100
   0.0007024200   -0.0008774900    0.0010179000
   0.0008137800   -0.0011252800    0.0010360400
   0.0002977700   -0.0003859300    0.0013416700
   0.0008467900   -0.0008040700    0.0010997100
   0.0008499100   -0.0011643400    0.0009065600
   0.0006785200   -0.0011746200    0.0009062800
   0.0006778900   -0.0010080400    0.0011243800
  -0.0010362100   -0.0007669500   -0.0010738100
  -0.0007231300   -0.0009814400   -0.0015977600
  -0.0008683200   -0.0005420000   -0.0012857500
  -0.0012678000   -0.0007746200   -0.0010879600
  -0.0012645900   -0.0008496300   -0.0009310900
   0.0126274200   -0.0108215700    0.0096709800
  -0.0006281200   -0.0010833600   -0.0011063200
  -0.0010129100   -0.0007738700   -0.0011644700
   0.0010909900    0.0007932800   -0.0009997000
   0.0010495700    0.0004611900   -0.0010858000
   0.0009421800    0.0010693300   -0.0011737900
   0.0012803000    0.0006254900   -0.0012283800
   0.0009422800    0.0004711900   -0.0007427400
   0.0006553600    0.0009682900   -0.0010016800
  -0.0102144600    0.0093447000    0.0087414100
   0.0012390700    0.0007881200   -0.0009804000

1    
 -0.0040848989666515  -0.0040848995548162  -0.0081625483802127
   0.0230116900    0.0228406800    0.0439308800
  -0.0000142700   -0.0000370500    0.0000303200
  -0.0000615800   -0.0000696800    0.0000294400
  -0.0001408500   -0.0001575500    0.0002912300
  -0.0001712200   -0.0001428400   -0.0001467700
   0.0000080900   -0.0001813000   -0.0001284900
  -0.0001166800    0.0000056000   -0.0000972900
  -0.0000166900   -0.0000486000   -0.0000364800
  -0.0002101300   -0.0000920900   -0.0001803900
   0.0009686000   -0.0006378400   -0.0009952800
   0.0000030500   -0.0000168400   -0.0001725100
   0.0001315100   -0.0001681100   -0.0000722000
   0.0001606300    0.0006088100   -0.0003889200
  -0.0003095700   -0.0002243300   -0.0006849400
  -0.0000992900   -0.0001404000   -0.0001229900
  -0.0001740200    0.0000704200   -0.0002276400
  -0.0014759100   -0.0011427300    0.0020068300
  -0.0004628100    0.0006445200    0.0013707800
   0.0004174700   -0.0008632600    0.0013967000
   0.0000286000   -0.0002690600    0.0007610600
  -0.0000109200    0.0000177300   -0.0000666100
   0.0003167500   -0.0000738000   -0.0001767000
  -0.0000313800    0.0001207000   -0.0001749800
  -0.0000736700    0.0000380300   -0.0000671100
   0.0001871100   -0.0005072100   -0.0000057700
  -0.0001635700    0.0000449300   -0.0003216500
  -0.0025707300    0.0027437200   -0.0025067200
  -0.0000672200    0.0004636900   -0.0001760800
   0.0014670200    0.0010761500   -0.0012374800
  -0.0001850500   -0.0002869800   -0.0001586800
  -0.0008063200   -0.0014277100   -0.0014589100
   0.0003645700    0.0000665300   -0.0001650800
  -0.0186567900   -0.0241234000   -0.0187795900
  -0.0006130700    0.0009897000    0.0007725600
  -0.0009074600    0.0013040100    0.0007580200
  -0.0009172600    0.0008554900    0.0011155900
  -0.0008070800    0.0012624800    0.0012560100
  -0.0008594600    0.0008470200    0.0014333100
  -0.0008589900    0.0008924300    0.0012069100
  -0.0007995400    0.0010485900    0.0010353900
   0.0011233500   -0.0004390600    0.0009902600
   0.0007181600   -0.0012225200    0.0011492600
   0.0006203600   -0.0009865200    0.0011290100
   0.0012048200   -0.0016519700    0.0007219600
   0.0005776100   -0.0013000700    0.0010594400
   0.0005704300   -0.0009432600    0.0012508300
   0.0007413600   -0.0009305800    0.0012578500
   0.0007469600   -0.0010946300    0.0010353400
  -0.0009439200   -0.0006424700   -0.0010826500
  -0.0012611100   -0.0004211100   -0.0005418200
  -0.0011018700   -0.0008705300   -0.0008763600
  -0.0007131800   -0.0006434900   -0.0010551600
  -0.0007111600   -0.0005556700   -0.0012254100
  -0.0149081700    0.0097794500   -0.0120011000
  -0.0013555100   -0.0003253000   -0.0010415300
  -0.0009669700   -0.0006412500   -0.0009936200
   0.0010190700    0.0007440500   -0.0011217400
   0.0010568700    0.0010733700   -0.0010361300
   0.0011823600    0.0004501700   -0.0009319400
   0.0008260300    0.0009117500   -0.0008933300
   0.0011627000    0.0010672300   -0.0013873400
   0.0014590900    0.0005645300   -0.0011169300
   0.0126110000   -0.0079943300   -0.0109903200
   0.0008581400    0.0007417800   -0.0011443700

9    
  0.0040848989666515   0.0040848995548162   0.0081625483802127
  -0.0000781300    0.0000989400    0.0001808500
   0.0000540600    0.0005812700    0.0003768300
   0.0000168900   -0.0000114300    0.0000384100
  -0.0005739600   -0.0006273900    0.0005571900
  -0.0002494700   -0.0002981400    0.0001446400
   0.0009662300   -0.0009267100    0.0007959800
  -0.0000530500   -0.0000228200    0.0001426800
   0.0000554300    0.0000738500    0.0000740200
  -0.0194286500   -0.0193708500   -0.0462482400
  -0.0001241100   -0.0000819300    0.0000299500
  -0.0000933500   -0.0001195100    0.0000315800
   0.0001035500    0.0001111000   -0.0002193400
  -0.0000514800   -0.0000524600    0.0002220200
  -0.0000345800    0.0000849900    0.0002221300
   0.0000690200   -0.0000095800    0.0002265200
  -0.0001085900   -0.0001193300    0.0001723100
   0.0007490700    0.0002493600    0.0006250800
  -0.0006626600   -0.0009222700    0.0005510300
   0.0001655200   -0.0001086900    0.0000010200
  -0.0000071700   -0.0000109300   -0.0000154000
  -0.0015482300    0.0014154100    0.0011466300
   0.0001107100    0.0000552600   -0.0000596200
  -0.0003782800   -0.0000061300    0.0000408100
   0.0000089000   -0.0001124300    0.0000427000
   0.0013550500   -0.0011123500   -0.0021053400
   0.0024708300    0.0024797200   -0.0031731600
   0.0001825600    0.0000706300   -0.0009445100
  -0.0010403400    0.0011624600   -0.0019924700
  -0.0004955600   -0.0001282300    0.0002822300
   0.0000892600    0.0000448100    0.0001673400
   0.0000048700   -0.0000545000    0.0001663900
  -0.0001368100   -0.0005017700    0.0002815900
  -0.0009655700    0.0008114600    0.0008553000
  -0.0104009400    0.0114067200    0.0146383000
  -0.0008941300    0.0009368600    0.0011935800
  -0.0008656100    0.0010928200    0.0008372000
  -0.0006066300    0.0008506400    0.0006264500
  -0.0009372800    0.0013924300    0.0005324800
  -0.0006777900    0.0009682200    0.0007933200
  -0.0008268200    0.0009941800    0.0009203100
   0.0094107100   -0.0107729800    0.0141817700
   0.0007798200   -0.0011776900    0.0009106000
   0.0005035600   -0.0012518000    0.0009612800
   0.0005055800   -0.0011161800    0.0012555400
   0.0010086200   -0.0013585400    0.0005386800
   0.0006481700   -0.0011463500    0.0009406000
   0.0004979500   -0.0009703200    0.0007801600
   0.0006809200   -0.0010086700    0.0007928900
   0.0196548200    0.0179442100    0.0253900900
  -0.0009123300   -0.0006479700   -0.0011407900
  -0.0008490800   -0.0007206900   -0.0012313000
  -0.0011897800   -0.0008651600   -0.0009286500
  -0.0010759100   -0.0008304800   -0.0013367200
  -0.0007496400   -0.0005772400   -0.0016563000
  -0.0008356000   -0.0005284800   -0.0016104000
  -0.0009698000   -0.0006958400   -0.0012073200
   0.0012623400    0.0004852800   -0.0012663100
   0.0008518000    0.0006604500   -0.0008947800
   0.0006618300    0.0001741900    0.0000569900
   0.0008670400    0.0009088900   -0.0013231800
   0.0010234200    0.0006657200   -0.0012892300
   0.0012085800    0.0009993000   -0.0015373800
   0.0009911400    0.0007604600   -0.0012030800
   0.0008630700    0.0007862000   -0.0013419700

9    
 -0.0040848989666515  -0.0040848995548162  -0.0081625483802127
   0.0000769600   -0.0001360200   -0.0001656200
  -0.0000529200   -0.0006248600   -0.0003624400
  -0.0000208600   -0.0000271800   -0.0000202600
   0.0005783400    0.0005921100   -0.0005457900
   0.0002453300    0.0002686400   -0.0001257900
  -0.0009639600    0.0008980200   -0.0007807500
   0.0000493900   -0.0000164000   -0.0001289100
  -0.0000612600   -0.0001119200   -0.0000583200
   0.0178522100    0.0179116800    0.0454949900
   0.0000865900    0.0000602600   -0.0000488300
   0.0000560400    0.0000958200   -0.0000485100
  -0.0001452800   -0.0001378200    0.0002025600
   0.0000132900    0.0000303300   -0.0002425400
  -0.0000041000   -0.0001100200   -0.0002401400
  -0.0001085400   -0.0000152700   -0.0002440600
   0.0000705400    0.0000964200   -0.0001926600
  -0.0007678700   -0.0002130400   -0.0006305800
   0.0006553100    0.0009639400   -0.0005500400
  -0.0001771900    0.0001434100    0.0000040800
  -0.0000109700    0.0000401000    0.0000225000
   0.0015597400   -0.0013807800   -0.0011413400
  -0.0001242300   -0.0000228600    0.0000614000
   0.0003820700    0.0000321200   -0.0000290900
  -0.0000249800    0.0001484100   -0.0000375000
  -0.0013660800    0.0011052200    0.0021266300
  -0.0024713400   -0.0024904100    0.0032006700
  -0.0001944900   -0.0000931400    0.0009152200
   0.0010442600   -0.0011845100    0.0020094800
   0.0005117400    0.0001180000   -0.0002842400
  -0.0000895900   -0.0000568600   -0.0001675900
  -0.0000039300    0.0000451900   -0.0001679500
   0.0001394700    0.0005014200   -0.0002834200
  -0.0005427400    0.0012017400    0.0012560100
   0.0092826900   -0.0096559900   -0.0128021000
  -0.0005961200    0.0010753800    0.0009147200
  -0.0006294400    0.0009385000    0.0012609400
  -0.0008955300    0.0011654200    0.0014891700
  -0.0005600400    0.0006153300    0.0015845200
  -0.0008258500    0.0010493600    0.0013166500
  -0.0006691400    0.0010222300    0.0011889700
  -0.0082181600    0.0090170900   -0.0122719200
   0.0006522800   -0.0009264300    0.0012376300
   0.0009134800   -0.0008593400    0.0011986700
   0.0009152100   -0.0009779400    0.0009043800
   0.0004049600   -0.0007352400    0.0016317600
   0.0007756900   -0.0009533900    0.0012196500
   0.0009254000   -0.0011336400    0.0013838000
   0.0007411600   -0.0010962800    0.0013697600
  -0.0203467500   -0.0181093300   -0.0261996900
  -0.0010771800   -0.0007613900   -0.0010098200
  -0.0011344800   -0.0006957600   -0.0009173500
  -0.0007721800   -0.0005318300   -0.0012264900
  -0.0009105800   -0.0005815000   -0.0008273200
  -0.0012325600   -0.0008316700   -0.0004952200
  -0.0011441300   -0.0008812900   -0.0005434800
  -0.0010097800   -0.0007142000   -0.0009457400
   0.0008371900    0.0010601900   -0.0008530400
   0.0012685800    0.0008824700   -0.0012277600
   0.0015287100    0.0014468800   -0.0022696300
   0.0012489800    0.0006207500   -0.0007945500
   0.0010814200    0.0008663600   -0.0008344000
   0.0008963500    0.0005320700   -0.0005803400
   0.0011152900    0.0007722800   -0.0009177100
   0.0012436100    0.0007491600   -0.0007811900

17   
  0.0040848989666515   0.0040848995548162   0.0081625483802127
   0.0001100900    0.0000124900   -0.0007962800
  -0.0005629700    0.0006472100   -0.0015472400
   0.0006412300   -0.0006060900   -0.0012334200
   0.0013726000    0.0012211200   -0.0019894600
  -0.0000767200   -0.0000008700    0.0000548600
   0.0000559300   -0.0003680800    0.0001630000
  -0.0001300700   -0.0000249500    0.0001598000
  -0.0000119900   -0.0000225600    0.0000542600
   0.0012679200   -0.0014927000    0.0012770600
   0.0000780700   -0.0004638800   -0.0000251200
  -0.0000975800    0.0001229800    0.0000417700
  -0.0000138600    0.0000060800    0.0000077400
   0.0001714600    0.0006587700    0.0006822800
  -0.0001336500    0.0000534700    0.0000921200
  -0.0008630300   -0.0005266300    0.0005620800
  -0.0000142800    0.0001358100   -0.0000430600
  -0.0287614000   -0.0285831800   -0.0491039100
   0.0001751600   -0.0000349600   -0.0001291800
   0.0000575900    0.0003129200   -0.0001290800
   0.0001304300    0.0001524500   -0.0013010800
   0.0003443300    0.0001676700    0.0006857000
   0.0000042000    0.0005555800    0.0005225900
   0.0003312400   -0.0000391200    0.0003900300
  -0.0002420100   -0.0001563600    0.0002247000
  -0.0051485200    0.0052414400    0.0052767900
   0.0007339800   -0.0003201700    0.0000236700
  -0.0011748200   -0.0004292700    0.0006700700
  -0.0000456300    0.0004555300    0.0006206700
   0.0033518900    0.0009463700    0.0034735200
  -0.0022940700   -0.0030578700    0.0024480300
  -0.0000881500   -0.0004055800    0.0002911900
   0.0006878700    0.0003766400    0.0003506900
   0.0018568500    0.0023427800    0.0004627700
  -0.0006370200    0.0004478900    0.0006000600
  -0.0006160100    0.0004222400    0.0009201800
  -0.0015734500    0.0003844500    0.0014507700
  -0.0007443400    0.0010737800    0.0010597900
  -0.0008261000    0.0009448700    0.0010643500
  -0.0009896300    0.0009246000    0.0005787300
  -0.0004247600    0.0013978200    0.0008579900
   0.0310418100    0.0207313500    0.0233031800
   0.0006016200   -0.0005843500    0.0011974200
   0.0008149000   -0.0009303700    0.0011403000
   0.0010789100   -0.0009115000    0.0009695000
   0.0003203000   -0.0013595200    0.0005871000
   0.0009531800   -0.0010626800    0.0005395500
   0.0006438100   -0.0007523600    0.0007002200
   0.0007196700   -0.0011357900    0.0009914600
  -0.0016168500   -0.0005921800   -0.0016358400
  -0.0005848700   -0.0013034400   -0.0015922000
  -0.0010831200   -0.0008631700   -0.0010454700
  -0.0007070600   -0.0007625500   -0.0010742700
  -0.0115358000    0.0150337800    0.0104521800
  -0.0014352600   -0.0008082700   -0.0010898800
  -0.0017585300   -0.0008397900   -0.0013112900
  -0.0014106000   -0.0001555200   -0.0009447800
   0.0014125500    0.0002365900   -0.0020584400
   0.0008128900    0.0006021300   -0.0011704800
   0.0007671600    0.0008853800   -0.0012273900
   0.0007868900    0.0008695000   -0.0008587900
   0.0102364800   -0.0104304800    0.0085244100
   0.0013202600    0.0006893100   -0.0011114100
   0.0013195300    0.0008488700   -0.0011550000
   0.0014013100    0.0001223300   -0.0008995100

17   
 -0.0040848989666515  -0.0040848995548162  -0.0081625483802127
  -0.0001175800   -0.0000469400    0.0008134300
   0.0005603200   -0.0006878800    0.0015700300
  -0.0006464600    0.0005690800    0.0012525900
  -0.0013659800   -0.0012502700    0.0020035300
   0.0000728300   -0.0000357000   -0.0000367200
  -0.0000599800    0.0003327500   -0.0001465600
   0.0001282000   -0.0000112100   -0.0001434200
   0.0000088100   -0.0000139900   -0.0000367400
  -0.0012973900    0.0014716500   -0.0012856300
  -0.0001166500    0.0004400300    0.0000060100
   0.0000576900   -0.0001494300   -0.0000591300
  -0.0000249600   -0.0000294100   -0.0000235800
  -0.0002050600   -0.0006847200   -0.0007055100
   0.0000951200   -0.0000771800   -0.0001097800
   0.0008221400    0.0005012200   -0.0005809600
  -0.0000224000   -0.0001607900    0.0000247400
   0.0270693900    0.0272472000    0.0483461800
  -0.0001875400    0.0000682100    0.0001334400
  -0.0000693300   -0.0002804000    0.0001336100
  -0.0001441300   -0.0001222000    0.0013058400
  -0.0003608400   -0.0001358600   -0.0006862000
  -0.0000165600   -0.0005209500   -0.0005166300
  -0.0003438900    0.0000681500   -0.0003842600
   0.0002298700    0.0001873600   -0.0002221100
   0.0051751900   -0.0052289300   -0.0052490400
  -0.0007355000    0.0003067400   -0.0000258800
   0.0011707100    0.0004126400   -0.0006782900
   0.0000476300   -0.0004673700   -0.0006189300
  -0.0033751200   -0.0009334400   -0.0034961900
   0.0022906800    0.0030404800   -0.0024559900
   0.0000895300    0.0003929800   -0.0002937700
  -0.0006848800   -0.0003873300   -0.0003531500
  -0.0031966600   -0.0001755600    0.0015227100
  -0.0008641700    0.0015743100    0.0015051400
  -0.0008843600    0.0015965900    0.0011792000
   0.0000761500    0.0016372900    0.0006538300
  -0.0007571900    0.0009435700    0.0010457400
  -0.0006768900    0.0010713100    0.0010375700
  -0.0005181800    0.0010947600    0.0015203300
  -0.0010745100    0.0006235100    0.0012479300
  -0.0283063600   -0.0216717800   -0.0201258600
   0.0008213400   -0.0015218100    0.0009608100
   0.0006065900   -0.0011759900    0.0010185200
   0.0003469000   -0.0011920500    0.0011858400
   0.0011044600   -0.0007470700    0.0015696800
   0.0004751500   -0.0010412900    0.0016130000
   0.0007806600   -0.0013495100    0.0014568200
   0.0007035500   -0.0009676800    0.0011666700
  -0.0003594500   -0.0008189400   -0.0005086200
  -0.0013961500   -0.0001121400   -0.0005562200
  -0.0008974900   -0.0005462400   -0.0011058300
  -0.0012741600   -0.0006492500   -0.0010706800
   0.0098682600   -0.0166415700   -0.0126926700
  -0.0005471800   -0.0006030100   -0.0010588800
  -0.0002252600   -0.0005733800   -0.0008350800
  -0.0005709000   -0.0012546500   -0.0012058100
   0.0006970800    0.0013105100   -0.0000452000
   0.0012974700    0.0009333400   -0.0009465100
   0.0013439700    0.0006548200   -0.0008905500
   0.0013231600    0.0006657300   -0.0012568500
  -0.0082269300    0.0121806000   -0.0106832900
   0.0007887300    0.0008456800   -0.0010028600
   0.0007903300    0.0006798400   -0.0009625700
   0.0007081500    0.0014155800   -0.0012172400

25   
  0.0040848989666515   0.0040848995548162   0.0081625483802127
   0.0000250000   -0.0001908100    0.0001970000
   0.0003340200    0.0001334400    0.0000986200
   0.0013619200    0.0006262200    0.0013884300
  -0.0011871800   -0.0014783200    0.0012693700
  -0.0005117100    0.0000681600    0.0001266100
  -0.0000573300    0.0000042100    0.0003745200
  -0.0026181300    0.0026187400    0.0025328300
   0.0002607100   -0.0003048000   -0.0000764200
  -0.0011096400    0.0011970300   -0.0019948100
   0.0001797300    0.0001968300   -0.0008486600
   0.0023270000    0.0025766600   -0.0032102900
   0.0012582500   -0.0009423700   -0.0020563500
  -0.0001190500   -0.0004925200    0.0003186500
   0.0000476700    0.0001078800    0.0001996900
  -0.0000375500    0.0000082600    0.0002009600
  -0.0004972500   -0.0001266700    0.0003181300
   0.0006127100    0.0032377200    0.0033796000
  -0.0002123300    0.0000593600    0.0003258600
  -0.0029555400   -0.0023721300    0.0025526600
   0.0003260500    0.0007160500    0.0003228700
   0.0053586500   -0.0047999800    0.0054042300
  -0.0002746700   -0.0012559400    0.0005479900
  -0.0003157400    0.0005704800   -0.0000657800
   0.0003375500    0.0000385500    0.0007163700
  -0.0463587100   -0.0464043900   -0.0893327100
   0.0011294800    0.0001477200   -0.0002573800
   0.0000062700    0.0009749100   -0.0002582700
   0.0001534800    0.0001476700   -0.0038234000
   0.0004235900    0.0006290000    0.0015354200
   0.0001860400    0.0011857500    0.0009351100
   0.0014093800    0.0001527100    0.0010277400
  -0.0006069900   -0.0005811100    0.0004127000
  -0.0006940400    0.0001314600    0.0011295400
  -0.0002863600    0.0004238600    0.0021278600
   0.0203583000   -0.0152952100    0.0211591400
  -0.0009071700    0.0004108700    0.0008721800
  -0.0015476400    0.0016191200    0.0002636800
  -0.0007361400    0.0013563100    0.0011521700
  -0.0002943500    0.0004691600    0.0002199900
  -0.0009342800    0.0009607700    0.0008911900
  -0.0153571900    0.0176349800    0.0209334300
   0.0004379900   -0.0007430700    0.0010117400
   0.0006672200   -0.0007972900    0.0011512700
   0.0000810900   -0.0006143000    0.0020044500
  -0.0003638200   -0.0010593900   -0.0004787100
   0.0006165600   -0.0020496900    0.0011314300
   0.0006859300   -0.0012578400    0.0007777400
   0.0007656200   -0.0013496800    0.0013001400
  -0.0021370400   -0.0004943400   -0.0009435800
   0.0004739200    0.0017984200    0.0015008800
  -0.0015897800   -0.0012667200    0.0003123400
  -0.0015020800   -0.0009741800   -0.0014541300
  -0.0008418100   -0.0010426800   -0.0015718600
  -0.0008873400   -0.0007233400   -0.0012971900
  -0.0001456700   -0.0004216100   -0.0012782800
  -0.0008257000   -0.0010918800   -0.0009484200
   0.0385438800    0.0415165200    0.0370724100
   0.0010393900    0.0010953700   -0.0010699600
   0.0014374100    0.0006403100   -0.0009581500
   0.0014768600    0.0013268500   -0.0004638300
   0.0002904500    0.0003771300   -0.0016095100
   0.0014621100    0.0008031400   -0.0018224700
   0.0008452600    0.0015574200   -0.0020593800
   0.0009927300    0.0006112000   -0.0013174100

25   
 -0.0040848989666515  -0.0040848995548162  -0.0081625483802127
  -0.0000272900    0.0001527100   -0.0001812600
  -0.0003351200   -0.0001657000   -0.0000827200
  -0.0013613300   -0.0006622800   -0.0013685900
   0.0011794200    0.0014333600   -0.0012524500
   0.0004944700   -0.0000960000   -0.0001242000
   0.0000570600   -0.0000410100   -0.0003565100
   0.0025896600   -0.0026332600   -0.0024949700
  -0.0002661500    0.0002679800    0.0000926700
   0.0010702400   -0.0012253500    0.0019774800
  -0.0002107600   -0.0002170500    0.0008374500
  -0.0023442900   -0.0025779700    0.0031654800
  -0.0013014500    0.0009156600    0.0020374900
   0.0000795300    0.0004679400   -0.0003372900
  -0.0000835900   -0.0001313600   -0.0002180300
   0.0000017700   -0.0000297800   -0.0002180700
   0.0004588800    0.0001021000   -0.0003366100
  -0.0006078600   -0.0032261000   -0.0033908600
   0.0001965600   -0.0000276100   -0.0003228200
   0.0029289700    0.0023962600   -0.0025495300
  -0.0003353300   -0.0006798700   -0.0003199500
  -0.0053306700    0.0048276400   -0.0053586900
   0.0002685900    0.0012666900   -0.0005619000
   0.0003024400   -0.0005408600    0.0000679000
  -0.0003529900   -0.0000024400   -0.0007086500
   0.0444080800    0.0443630400    0.0883339100
  -0.0011234800   -0.0001568800    0.0002579500
  -0.0000025500   -0.0009827400    0.0002571500
  -0.0001545900   -0.0001607700    0.0038219400
  -0.0004273500   -0.0006483100   -0.0015449100
  -0.0001888500   -0.0011928900   -0.0009291100
  -0.0013960400   -0.0001645500   -0.0010208400
   0.0006039400    0.0005713300   -0.0004197100
  -0.0008121500    0.0018828900    0.0009825100
  -0.0012255500    0.0015987400   -0.0000136400
  -0.0220903400    0.0177724400   -0.0191813700
  -0.0006087400    0.0015962200    0.0012465700
   0.0000329600    0.0004013100    0.0018388900
  -0.0007747100    0.0006614000    0.0009700400
  -0.0012098200    0.0015539900    0.0018987100
  -0.0005724200    0.0010563300    0.0012209600
   0.0172028600   -0.0199311200   -0.0188883000
   0.0009828100   -0.0013625100    0.0011546100
   0.0007575700   -0.0013107600    0.0010206200
   0.0013515200   -0.0014899300    0.0001564700
   0.0018023100   -0.0010455000    0.0026526600
   0.0008161200   -0.0000571200    0.0010287600
   0.0007426200   -0.0008459100    0.0013874200
   0.0006641800   -0.0007565700    0.0008674400
   0.0001418800   -0.0009163600   -0.0012228300
  -0.0022826700   -0.0030421300   -0.0037742800
  -0.0003842000   -0.0001441500   -0.0024675700
  -0.0004709600   -0.0004497900   -0.0007078300
  -0.0011372200   -0.0003805200   -0.0005898800
  -0.0010903400   -0.0006920500   -0.0008571700
  -0.0018322400   -0.0009966000   -0.0008784600
  -0.0011573400   -0.0003253300   -0.0012096600
  -0.0348568400   -0.0383700600   -0.0378154100
   0.0010627200    0.0004457600   -0.0010520500
   0.0006710300    0.0009005600   -0.0011696500
   0.0006403600    0.0002208500   -0.0016574800
   0.0018210600    0.0011646900   -0.0005183300
   0.0006482400    0.0007398700   -0.0003012900
   0.0012633300   -0.0000085900   -0.0000704700
   0.0011140500    0.0009280300   -0.0008017400

33   
  0.0100000000000000   0.0000000007199255   0.0000000000000000
   0.0098843600    0.0118117400    0.0114184700
  -0.0003073300    0.0001782500   -0.0001322600
  -0.0000399200    0.0001482300    0.0001141400
  -0.0003119500   -0.0000560300    0.0003653600
  -0.0000711500    0.0002201900   -0.0000410700
  -0.0002611700    0.0004918000   -0.0000063500
   0.0002808400   -0.0002589700    0.0000970600
  -0.0000713100    0.0000133000    0.0000608900
  -0.0002419900    0.0000799700   -0.0001756500
   0.0099456300   -0.0110758100   -0.0112172700
  -0.0003476500   -0.0000568000    0.0000230600
  -0.0000387700   -0.0003305300    0.0000465300
   0.0000631700   -0.0001190800    0.0002102300
   0.0000245500   -0.0002651100   -0.0001060800
   0.0002853900    0.0002027000   -0.0001482500
  -0.0000481600   -0.0001008700   -0.0000184600
   0.0226746300    0.0172200500   -0.0168972900
  -0.0000173400    0.0000482300    0.0001356600
   0.0000579900    0.0002740500    0.0000256900
  -0.0003242900   -0.0002084600   -0.0007252200
  -0.0001751000    0.0002216500   -0.0000017700
   0.0000539700   -0.0002006900   -0.0000029800
  -0.0003509500    0.0003907000   -0.0002970200
  -0.0003184200    0.0002661700    0.0004386600
   0.0003440200   -0.0003215200    0.0000590100
  -0.0001088500   -0.0000952700    0.0006775500
   0.0291175700   -0.0231622400    0.0232419100
  -0.0005010700   -0.0000264800    0.0000798000
  -0.0006071400   -0.0004856900   -0.0004256500
  -0.0003769800   -0.0009373700    0.0006760500
   0.0000876600    0.0005156700    0.0002458000
  -0.0002327900   -0.0000298600   -0.0000904000
  -0.0934100000    0.0042156800   -0.0019368200
  -0.0007401100    0.0010574700    0.0009844500
  -0.0007836000    0.0011006100    0.0009609800
   0.0008948000    0.0008341900    0.0012337400
  -0.0007903100    0.0008118400    0.0008780100
  -0.0006515300    0.0011005400    0.0011079600
  -0.0005801100    0.0012829100    0.0011231300
  -0.0005465900    0.0008773600    0.0008386500
   0.0029781400    0.0018884700    0.0005434000
   0.0040294900   -0.0048974200    0.0001570900
   0.0010808100   -0.0018005000    0.0020878000
   0.0047510500    0.0031846500    0.0011037800
   0.0007716500   -0.0010488300    0.0011151900
   0.0009471600   -0.0008083500    0.0006957900
   0.0009488300   -0.0015361500    0.0012491300
   0.0007718300   -0.0010796000    0.0010235000
  -0.0010638600   -0.0008472300   -0.0010915300
  -0.0006214000   -0.0011068300   -0.0015638900
  -0.0010178300   -0.0009273400   -0.0011628800
  -0.0018403400    0.0007477200   -0.0028122000
   0.0017990900    0.0004818800   -0.0042155500
   0.0026698300   -0.0006884500    0.0027232700
  -0.0007050400   -0.0008587400   -0.0009134500
  -0.0008514900   -0.0007640600   -0.0012435300
   0.0015925300    0.0009885900   -0.0011327400
   0.0010638300    0.0009067800   -0.0010617900
   0.0013776000   -0.0007102000   -0.0005232300
   0.0050548100    0.0011468700   -0.0050727800
   0.0013847700   -0.0004242300    0.0006110200
   0.0010041200    0.0009206300   -0.0012650700
   0.0014668100    0.0007725600   -0.0012271800
   0.0009476200    0.0008272300   -0.0008443800

33   
 -0.0100000000000000  -0.0000000007199255   0.0000000000000000
  -0.0101121600   -0.0122921100   -0.0118193800
   0.0002978700   -0.0002168100    0.0001522000
   0.0000358600   -0.0001850200   -0.0000935600
   0.0003068200    0.0000197100   -0.0003419500
   0.0000658000   -0.0002659300    0.0000552100
   0.0002575700   -0.0005310300    0.0000264200
  -0.0002861800    0.0002238100   -0.0000811400
   0.0000661600   -0.0000492000   -0.0000446800
   0.0001931500   -0.0001064600    0.0001595100
  -0.0101909300    0.0114625300    0.0116386000
   0.0003097400    0.0000362500   -0.0000467800
  -0.0000042200    0.0003093800   -0.0000599000
  -0.0000994400    0.0000990400   -0.0002292900
  -0.0000629500    0.0002400700    0.0000866500
  -0.0003231200   -0.0002253800    0.0001309300
   0.0000087700    0.0000775200   -0.0000003900
  -0.0223167400   -0.0166388300    0.0163547600
  -0.0000036900   -0.0000149800   -0.0001350500
  -0.0000550200   -0.0002398600   -0.0000082000
   0.0003134000    0.0002361600    0.0007358200
   0.0001635600   -0.0001910900    0.0000046000
  -0.0000761100    0.0002387800    0.0000071400
   0.0003273500   -0.0003386900    0.0002876800
   0.0003098200   -0.0002391800   -0.0004372500
  -0.0003301500    0.0003157700   -0.0000756600
   0.0001057200    0.0000954900   -0.0006824800
  -0.0287779800    0.0226308700   -0.0227142500
   0.0004971700    0.0000091200   -0.0000774300
   0.0006123900    0.0004748600    0.0004152300
   0.0003736800    0.0009181700   -0.0006814700
  -0.0001025900   -0.0005373600   -0.0002580400
   0.0002368500    0.0000141400    0.0000892800
   0.0916206100   -0.0021109900    0.0039605400
  -0.0007611600    0.0009658900    0.0011248500
  -0.0007173600    0.0009160900    0.0011449700
  -0.0024085600    0.0011843500    0.0008743800
  -0.0007147100    0.0012101900    0.0012335700
  -0.0008537900    0.0009192000    0.0009988100
  -0.0009223000    0.0007331600    0.0009870800
  -0.0009565400    0.0011430200    0.0012698600
  -0.0015127000   -0.0039533500    0.0016217700
  -0.0026294000    0.0028322800    0.0019900900
   0.0003870800   -0.0003635800    0.0000843200
  -0.0033566700   -0.0053398500    0.0010651100
   0.0006573100   -0.0010542500    0.0010456100
   0.0004883300   -0.0012961400    0.0014560700
   0.0004903000   -0.0005628800    0.0009222900
   0.0006567800   -0.0010219100    0.0011346700
  -0.0009168000   -0.0005673700   -0.0010648600
  -0.0013684100   -0.0003349900   -0.0006007600
  -0.0009671200   -0.0004860600   -0.0009839400
  -0.0001442500   -0.0021831400    0.0006832600
  -0.0037513500   -0.0018923600    0.0020270600
  -0.0046817000   -0.0007117000   -0.0049106100
  -0.0012787100   -0.0005509100   -0.0012371200
  -0.0011306000   -0.0006485900   -0.0009081200
   0.0005121600    0.0005474000   -0.0009888300
   0.0010493800    0.0006281200   -0.0010508800
   0.0007942800    0.0022210000   -0.0015338900
  -0.0029825100    0.0003755600    0.0030031700
   0.0007393800    0.0019509500   -0.0027177700
   0.0011089400    0.0006133100   -0.0008489800
   0.0006483500    0.0007961900   -0.0008624600
   0.0011613600    0.0007116000   -0.0012763800

33   
 -0.0000000007199255   0.0100000000000000  -0.0000000000000000
   0.0144550800    0.0173296600    0.0151373600
   0.0000456600   -0.0001867000    0.0000634200
  -0.0000249700   -0.0001972900   -0.0002830000
  -0.0002555900   -0.0003751900    0.0004816700
   0.0000258600   -0.0001088300   -0.0002997800
  -0.0001353300    0.0001245600    0.0001772500
  -0.0000088800   -0.0000777900    0.0001527200
   0.0000047900   -0.0000770600   -0.0000418200
  -0.0004352000    0.0000683500   -0.0000505500
  -0.0118199900    0.0125338900    0.0127520400
   0.0001512500   -0.0002944600   -0.0000138200
  -0.0000255600   -0.0000902200    0.0001617900
  -0.0001108400    0.0000425500   -0.0001550800
   0.0002675600    0.0002874600    0.0002028700
  -0.0003643500   -0.0000392200    0.0001573100
  -0.0000611100   -0.0000482200    0.0000407700
   0.0148505500    0.0129687100   -0.0123931300
   0.0002408100   -0.0003279800   -0.0006280600
  -0.0001751400   -0.0003534300   -0.0004266200
  -0.0002627600   -0.0003057600   -0.0004654700
   0.0001868300   -0.0001810200    0.0000920300
   0.0006881100   -0.0003677000   -0.0002182100
  -0.0004597700    0.0003708700   -0.0000435900
  -0.0000214800    0.0001510500    0.0004243200
   0.0003288200   -0.0010915600   -0.0006949400
   0.0000172900   -0.0002105300   -0.0006291500
  -0.0216799600    0.0245355900   -0.0214054200
  -0.0000953100   -0.0002620900   -0.0005566600
  -0.0002818000   -0.0001943400    0.0009822300
   0.0002489600    0.0001699600    0.0002135000
  -0.0008619800   -0.0001694300   -0.0001532700
  -0.0001784600   -0.0001375500    0.0000976800
   0.0024248300   -0.0902583200    0.0042615200
  -0.0007046600    0.0008978400    0.0013800300
  -0.0006582000    0.0010441400    0.0012440500
  -0.0009269800    0.0026932800    0.0005152200
  -0.0009513700    0.0011485600    0.0010923600
  -0.0006603400    0.0010346900    0.0009709700
  -0.0004777100    0.0013741700    0.0008984600
  -0.0008853000    0.0010736900    0.0011157000
   0.0036601400    0.0022583200    0.0006753900
  -0.0031734500    0.0029291000    0.0019020100
   0.0000245300    0.0000854800    0.0000241900
   0.0049539300    0.0030585300    0.0008394500
   0.0006830000   -0.0010778500    0.0010451700
   0.0002267900   -0.0004570400    0.0008506000
   0.0009576600   -0.0004577200    0.0014422500
   0.0007146500   -0.0010772900    0.0010770600
  -0.0010177600   -0.0007014000   -0.0010227100
  -0.0008909400    0.0033292400    0.0032312700
  -0.0006924400   -0.0001648700   -0.0008567200
  -0.0021896200   -0.0004396900   -0.0021813200
  -0.0011915300   -0.0003836500   -0.0008460300
  -0.0016912200   -0.0002965600   -0.0021130600
  -0.0008093300   -0.0007591800   -0.0010902500
  -0.0011114400   -0.0008142500   -0.0008069800
   0.0007583000    0.0007474500   -0.0011269600
   0.0010829000    0.0006948600   -0.0009902500
   0.0022640300   -0.0000738700    0.0000292500
   0.0009734900    0.0011487700   -0.0006891800
   0.0012348700    0.0035614500   -0.0045306700
   0.0008746300    0.0010565500   -0.0009383200
   0.0017683000    0.0044305500    0.0032096200
   0.0011771500    0.0009087400   -0.0012905000

33   
  0.0000000007199255  -0.0100000000000000   0.0000000000000000
  -0.0150349400   -0.0178088700   -0.0157122800
  -0.0000493300    0.0001502900   -0.0000434000
   0.0000201900    0.0001677600    0.0002910700
   0.0002526100    0.0003363900   -0.0004530300
  -0.0000255900    0.0000727600    0.0003147100
   0.0001289000   -0.0001552300   -0.0001581000
  -0.0000011900    0.0000459000   -0.0001386000
  -0.0000096500    0.0000414700    0.0000583800
   0.0003936700   -0.0000896300    0.0000346800
   0.0113435600   -0.0123005600   -0.0122739700
  -0.0001905800    0.0002703900   -0.0000133000
  -0.0000125700    0.0000738900   -0.0001741300
   0.0000717100   -0.0000692900    0.0001367100
  -0.0003063900   -0.0003136300   -0.0002203500
   0.0003252900    0.0000152800   -0.0001750800
   0.0000218900    0.0000239000   -0.0000601200
  -0.0144308400   -0.0127551900    0.0120270600
  -0.0002576700    0.0003592600    0.0006343500
   0.0001753900    0.0003925000    0.0004423500
   0.0002429500    0.0003354000    0.0004728100
  -0.0001995300    0.0002113100   -0.0000901900
  -0.0006975300    0.0003981400    0.0002237700
   0.0004444500   -0.0003396300    0.0000466200
   0.0000240000   -0.0001325600   -0.0004262700
  -0.0003210000    0.0010761400    0.0006883600
  -0.0000268000    0.0002007500    0.0006231900
   0.0221658300   -0.0248158800    0.0218599700
   0.0000870300    0.0002434400    0.0005457200
   0.0002876300    0.0001840300   -0.0009871200
  -0.0002424000   -0.0001704500   -0.0002221000
   0.0008675300    0.0001581600    0.0001444900
   0.0001826200    0.0001236200   -0.0000981200
  -0.0038983500    0.0925703500   -0.0022107700
  -0.0007965900    0.0011207300    0.0007309400
  -0.0008425400    0.0009687100    0.0008621900
  -0.0005770500   -0.0006676100    0.0015908900
  -0.0005537800    0.0008670900    0.0010157300
  -0.0008418400    0.0009847800    0.0011360300
  -0.0010272100    0.0006381100    0.0012063700
  -0.0006198000    0.0009464900    0.0009970600
  -0.0021815800   -0.0043307500    0.0014927100
   0.0045568700   -0.0049995700    0.0002468200
   0.0014615200   -0.0022477000    0.0021489000
  -0.0035706100   -0.0051989000    0.0013329700
   0.0007416600   -0.0010269200    0.0011162100
   0.0011999400   -0.0016506500    0.0013148500
   0.0004694700   -0.0016508600    0.0007138300
   0.0007089900   -0.0010266400    0.0010837700
  -0.0009648300   -0.0007159600   -0.0011287000
  -0.0010729900   -0.0047089200   -0.0053321200
  -0.0012841800   -0.0012455100   -0.0012972800
   0.0002175900   -0.0010233100    0.0000954100
  -0.0008216400   -0.0010290200   -0.0012701800
  -0.0002744100   -0.0011147500   -0.0000258700
  -0.0011722300   -0.0006547900   -0.0010646900
  -0.0008665400   -0.0006011600   -0.0013442300
   0.0013508800    0.0007971700   -0.0009879700
   0.0010297600    0.0008421100   -0.0011283900
  -0.0001428200    0.0016221700   -0.0021416600
   0.0011558700    0.0004028200   -0.0014440200
   0.0008647500   -0.0019886100    0.0023762300
   0.0012379200    0.0004829800   -0.0011784500
   0.0003515500   -0.0029210100   -0.0053745500
   0.0009329900    0.0006292400   -0.0008301200

33   
  0.0040848989666515   0.0040848995548162   0.0081625483802127
   0.0190587200    0.0219222400    0.0208338700
   0.0002615100   -0.0000451600    0.0000680700
   0.0001230100    0.0001893100    0.0000257000
  -0.0002618300   -0.0002973900    0.0003392400
  -0.0002010300    0.0000091500   -0.0002542300
  -0.0000156300   -0.0001051700   -0.0002262000
   0.0001659100   -0.0001695500   -0.0000803700
  -0.0000093200   -0.0000678900    0.0000201500
  -0.0003238500    0.0000649700   -0.0002310200
  -0.0129320600    0.0131396400    0.0140859200
  -0.0000928800   -0.0001726400    0.0002066300
  -0.0001711100   -0.0001224100   -0.0000390500
  -0.0001974600    0.0000140900   -0.0003018200
   0.0001211800   -0.0002386800   -0.0003266400
   0.0002813400    0.0000317400   -0.0003572900
  -0.0000513000   -0.0000546300   -0.0000862100
   0.0029975100    0.0019905600   -0.0011583300
  -0.0001263200   -0.0004636400   -0.0003606700
  -0.0001637900   -0.0001086200   -0.0001978800
   0.0000239500    0.0000301800   -0.0003453700
  -0.0000201900    0.0001374900   -0.0000044800
   0.0008837100   -0.0004150000   -0.0002727900
  -0.0008022800    0.0008614000   -0.0006444100
   0.0001825000    0.0001451900    0.0000096200
   0.0002021000   -0.0004992000   -0.0001854700
  -0.0003587400    0.0003410300    0.0010222900
   0.0204658500   -0.0167111600    0.0206376100
  -0.0000637500   -0.0004043900   -0.0003208600
  -0.0009433000   -0.0005136300   -0.0001485200
   0.0005243900    0.0007611400   -0.0003766400
  -0.0012807700    0.0000507400   -0.0002806100
  -0.0001173200    0.0000178800   -0.0002343700
  -0.0388723400   -0.0315449000   -0.0725548100
  -0.0007860900    0.0012484000    0.0010732600
  -0.0008026500    0.0012166200    0.0010799900
  -0.0000015000    0.0011859500    0.0009178100
  -0.0009949300    0.0010162000    0.0010279900
  -0.0006303200    0.0009893800    0.0013438500
  -0.0005151200    0.0011398500    0.0011331900
  -0.0008979400    0.0010303900    0.0011096200
   0.0032729800    0.0018241600    0.0011445500
   0.0012550100   -0.0016982400    0.0006608400
  -0.0002450800   -0.0000118600    0.0001906800
   0.0040784800    0.0025530300    0.0011931800
   0.0007692500   -0.0010578200    0.0010591300
   0.0004786200   -0.0010054400    0.0019157100
   0.0012216100   -0.0008199100    0.0023809000
   0.0007096900   -0.0010432600    0.0010344100
  -0.0009746000   -0.0007560500   -0.0012047900
  -0.0004893200    0.0041006700    0.0037849900
  -0.0009331000   -0.0005187800   -0.0006877200
  -0.0009398300   -0.0004109400   -0.0013352000
  -0.0027531000   -0.0014463300    0.0004158200
   0.0036888500   -0.0003791000    0.0031450200
  -0.0007009500   -0.0006192000   -0.0008051900
  -0.0011717900   -0.0009460700   -0.0009048900
   0.0009759100    0.0007782100   -0.0007783700
   0.0010244700    0.0007831100   -0.0011753100
   0.0026368500   -0.0016205100    0.0005313400
  -0.0008387600    0.0006812000    0.0007288900
   0.0010892500   -0.0011248800    0.0008811700
   0.0009728600    0.0010802500   -0.0008846500
   0.0023711500    0.0053457300    0.0036963400
   0.0008436700    0.0007125500   -0.0009336100

33   
 -0.0040848989666515  -0.0040848995548162  -0.0081625483802127
  -0.0202700900   -0.0233335900   -0.0219319900
  -0.0002655400    0.0000083400   -0.0000510100
  -0.0001259100   -0.0002254400   -0.0000104900
   0.0002564200    0.0002619400   -0.0003166100
   0.0002043100   -0.0000449300    0.0002633200
   0.0000086100    0.0000700300    0.0002448200
  -0.0001739000    0.0001355800    0.0000956300
   0.0000066600    0.0000324200   -0.0000031900
   0.0002790900   -0.0000894800    0.0002164500
   0.0124132000   -0.0128937600   -0.0138384500
   0.0000538700    0.0001496300   -0.0002258400
   0.0001402900    0.0001006700    0.0000214400
   0.0001645200   -0.0000378700    0.0002817200
  -0.0001645100    0.0002112500    0.0003044300
  -0.0003235600   -0.0000539300    0.0003409900
   0.0000120400    0.0000309200    0.0000662900
  -0.0031574000   -0.0020963600    0.0012170000
   0.0001042000    0.0005017400    0.0003776700
   0.0001619000    0.0001380900    0.0002120700
  -0.0000442800   -0.0000057700    0.0003431600
   0.0000070700   -0.0001071800    0.0000049700
  -0.0008896400    0.0004472400    0.0002759400
   0.0007827400   -0.0007967500    0.0006378100
  -0.0001865500   -0.0001237200   -0.0000103300
  -0.0001972600    0.0004903300    0.0001914000
   0.0003555900   -0.0003508100   -0.0010123400
  -0.0203013000    0.0163438500   -0.0205386300
   0.0000537100    0.0004087900    0.0003293300
   0.0009707200    0.0005255100    0.0001307800
  -0.0005222000   -0.0007786800    0.0003727400
   0.0012935800   -0.0000819800    0.0002637300
   0.0001196000   -0.0000351000    0.0002337600
   0.0389460900    0.0352855200    0.0753037900
  -0.0007178500    0.0007722000    0.0010357000
  -0.0007012100    0.0007992400    0.0010234500
  -0.0015012700    0.0008350500    0.0011861600
  -0.0005124600    0.0010018600    0.0010790200
  -0.0008766100    0.0010305900    0.0007624600
  -0.0009910200    0.0008663800    0.0009796000
  -0.0006046500    0.0009919400    0.0010024100
  -0.0018283400   -0.0039221100    0.0010105300
   0.0001972500   -0.0004300400    0.0014927600
   0.0016940900   -0.0021138100    0.0019695700
  -0.0026851100   -0.0047077500    0.0009880500
   0.0006554200   -0.0010470800    0.0011040000
   0.0009559100   -0.0010995100    0.0002475000
   0.0002139700   -0.0012903200   -0.0002184600
   0.0007169100   -0.0010585200    0.0011259400
  -0.0010061700   -0.0006575200   -0.0009513900
  -0.0014847300   -0.0054620400   -0.0058842500
  -0.0010411700   -0.0008979200   -0.0014713900
  -0.0010355900   -0.0010234800   -0.0007796000
   0.0007682300    0.0000360800   -0.0025544400
  -0.0057436500   -0.0010214800   -0.0053472000
  -0.0012801900   -0.0007919800   -0.0013455400
  -0.0008095200   -0.0004614500   -0.0012449800
   0.0011364800    0.0007645200   -0.0013386500
   0.0010832800    0.0007508400   -0.0009422400
  -0.0004443900    0.0031231100   -0.0025704700
   0.0029426700    0.0008490600   -0.0028456200
   0.0010197600    0.0026747800   -0.0030041600
   0.0011435300    0.0004569000   -0.0012314400
  -0.0002449100   -0.0038794500   -0.0058877200
   0.0012692700    0.0008253900   -0.0011799500
