# File: 1    
# 1       0.0000000000000000   0.0212132034355964   0.0212132034355964
  -0.0000000000   -0.0475548200   -0.0475548200
   0.0000000000    0.0212007300    0.0212007300
   0.0181780900    0.0002001200    0.0030168500
  -0.0181780900    0.0030168500    0.0002001200
   0.0181780900    0.0030168500    0.0002001200
  -0.0181780900    0.0002001200    0.0030168500
   0.0000000000   -0.0151627100   -0.0151627100
   0.0000000000    0.0301105700    0.0301105700
  -0.0000113700   -0.0010665600   -0.0010665600
  -0.0000944500    0.0009267100    0.0009267100
   0.0000000000    0.0029857900    0.0009773800
   0.0000000000    0.0008666500    0.0004221800
   0.0000000000    0.0009773800    0.0029857900
   0.0000000000    0.0004221800    0.0008666500
   0.0000944500    0.0009267100    0.0009267100
   0.0000113700   -0.0010665600   -0.0010665600
# File: 2    
# 9       0.0000000000000000   0.0212132034355964   0.0212132034355964
   0.0000364100   -0.0010666800   -0.0010666800
  -0.0000793600    0.0009274800    0.0009274800
  -0.0000000000    0.0003876900    0.0009448700
  -0.0000000000    0.0008901800    0.0029932200
  -0.0000000000    0.0009448700    0.0003876900
  -0.0000000000    0.0029932200    0.0008901800
   0.0000793600    0.0009274800    0.0009274800
  -0.0000364100   -0.0010666800   -0.0010666800
  -0.0000000000   -0.0586015600   -0.0586015600
  -0.0000000000    0.0094978600    0.0094978600
   0.0053633100    0.0013194300    0.0041269200
  -0.0053633100    0.0041269200    0.0013194300
   0.0053633100    0.0041269200    0.0013194300
  -0.0053633100    0.0013194300    0.0041269200
  -0.0000000000   -0.0012373300   -0.0012373300
  -0.0000000000    0.0345108000    0.0345108000
