# File: 3    
# 1       0.0000000000000000   0.0212132034355964   0.0212132034355964
# 1       0.0212132034355964   0.0000000000000000   0.0212132034355964
  -0.0474958600   -0.0474958600   -0.0956427000
   0.0001921500    0.0393729900    0.0242141900
   0.0393729900    0.0001921500    0.0242141900
  -0.0151494300   -0.0151494300    0.0004021300
   0.0211814600    0.0211814600    0.0003931900
  -0.0333291600    0.0002013700   -0.0121385800
   0.0002013700   -0.0333291600   -0.0121385800
   0.0300705000    0.0300705000    0.0601486500
  -0.0010886200   -0.0010886200   -0.0021406600
   0.0028025100    0.0009781500    0.0019645400
   0.0009781500    0.0028025100    0.0019645400
   0.0008012400    0.0008012400   -0.0015350500
   0.0010182900    0.0010182900    0.0089260600
   0.0008696500    0.0006166600    0.0017433100
   0.0006166600    0.0008696500    0.0017433100
  -0.0010419100   -0.0010419100   -0.0021185300
# File: 4    
# 1       0.0000000000000000   0.0212132034355964   0.0212132034355964
# 1      -0.0212132034355964   0.0000000000000000  -0.0212132034355964
   0.0475539200   -0.0475539200   -0.0000000000
  -0.0002004700    0.0030168900    0.0181772400
  -0.0030168900    0.0002004700   -0.0181772400
  -0.0211991400    0.0211991400   -0.0000000000
   0.0151618700   -0.0151618700   -0.0000000000
  -0.0030168900    0.0002004700    0.0181772400
  -0.0002004700    0.0030168900   -0.0181772400
  -0.0301096300    0.0301096300   -0.0000000000
   0.0010667800   -0.0010667800    0.0000116300
  -0.0004225000    0.0008667000   -0.0000000000
  -0.0009772300    0.0029859300   -0.0000000000
  -0.0009267500    0.0009267500    0.0000946000
  -0.0009267500    0.0009267500   -0.0000946000
  -0.0008667000    0.0004225000   -0.0000000000
  -0.0029859300    0.0009772300   -0.0000000000
   0.0010667800   -0.0010667800   -0.0000116300
# File: 5    
# 1       0.0000000000000000   0.0212132034355964   0.0212132034355964
# 2       0.0212132034355964   0.0000000000000000   0.0212132034355964
   0.0001980500   -0.0293801000   -0.0445327100
  -0.0475604100    0.0211866400   -0.0263632800
   0.0211959000   -0.0179786000    0.0032173800
   0.0030221200    0.0030155100    0.0214013700
   0.0030141800    0.0030167500   -0.0149638500
  -0.0151628400    0.0183778700    0.0032163700
   0.0301116100   -0.0151671400    0.0149457600
   0.0002000100    0.0119286300    0.0331309500
   0.0030118700   -0.0010771500   -0.0001000000
  -0.0011236700    0.0009214200   -0.0001344500
   0.0008468000    0.0028447000    0.0015972600
   0.0009503400    0.0008324200    0.0013385700
   0.0009043700    0.0010210500    0.0039179200
   0.0010028300    0.0005763600    0.0036597600
  -0.0010083100    0.0009345100   -0.0001447300
   0.0003971500   -0.0010528600   -0.0001863100
# File: 6    
# 1       0.0000000000000000   0.0212132034355964   0.0212132034355964
# 2      -0.0212132034355964   0.0000000000000000  -0.0212132034355964
  -0.0001952600   -0.0657398100   -0.0505675300
   0.0475403400    0.0212070000    0.0687565600
   0.0151603500    0.0183766600    0.0028175800
  -0.0393800800    0.0030167500   -0.0209992900
   0.0333417700    0.0030178200    0.0153607500
  -0.0211934600   -0.0179769300    0.0028160100
  -0.0301102000   -0.0151595200   -0.0452763300
  -0.0001988600    0.0482908400    0.0270937300
  -0.0004674700   -0.0010540700   -0.0019205700
   0.0009350400    0.0009092900    0.0019880700
  -0.0009525700    0.0031318300   -0.0022026300
  -0.0009501300    0.0007167200   -0.0005001200
  -0.0009039100    0.0011269300    0.0020483800
  -0.0008880900    0.0002718500    0.0006424600
   0.0011977100    0.0009424500    0.0019979700
  -0.0029351900   -0.0010778200   -0.0020550300
# File: 7    
# 1       0.0000000000000000   0.0212132034355964   0.0212132034355964
# 3       0.0000000000000000   0.0212132034355964   0.0212132034355964
   0.0181681400   -0.0473545300   -0.0445293400
  -0.0181751500    0.0242143000    0.0213966600
   0.0181681400   -0.0473545300   -0.0445293400
  -0.0181751500    0.0242143000    0.0213966600
   0.0181748600   -0.0121438100   -0.0149597700
  -0.0181753800    0.0303051100    0.0331250800
   0.0181748600   -0.0121438100   -0.0149597700
  -0.0181753800    0.0303051100    0.0331250800
  -0.0000182300    0.0019171500   -0.0000882200
  -0.0000700600    0.0018286000    0.0013720300
  -0.0000182300    0.0019171500   -0.0000882200
  -0.0000700600    0.0018286000    0.0013720300
   0.0000761400    0.0018702700    0.0038831400
   0.0000196900   -0.0006370800   -0.0001995700
   0.0000761400    0.0018702700    0.0038831400
   0.0000196900   -0.0006370800   -0.0001995700
# File: 8    
# 1       0.0000000000000000   0.0212132034355964   0.0212132034355964
# 3       0.0000000000000000  -0.0212132034355964  -0.0212132034355964
  -0.0181707100   -0.0477509100   -0.0505616900
   0.0181752700    0.0181827700    0.0209987900
   0.0181707100    0.0477509100    0.0505616900
  -0.0181752700   -0.0181827700   -0.0209987900
   0.0181769900    0.0181782400    0.0153610000
  -0.0181763300   -0.0299091700   -0.0270948900
  -0.0181769900   -0.0181782400   -0.0153610000
   0.0181763300    0.0299091700    0.0270948900
  -0.0000029100   -0.0014822500   -0.0019332200
  -0.0001159600   -0.0000846000   -0.0020822900
  -0.0000049500    0.0040566000    0.0020427300
  -0.0001149100   -0.0000944800   -0.0005350200
   0.0001159600    0.0000846000    0.0020822900
   0.0000029100    0.0014822500    0.0019332200
   0.0001149100    0.0000944800    0.0005350200
   0.0000049500   -0.0040566000   -0.0020427300
# File: 9    
# 1       0.0000000000000000   0.0212132034355964   0.0212132034355964
# 3       0.0212132034355964   0.0000000000000000   0.0212132034355964
   0.0211848600   -0.0475585400   -0.0263635900
   0.0030154700    0.0030222500    0.0213992900
  -0.0293799400    0.0001979500   -0.0445309000
  -0.0179767600    0.0211939300    0.0032174100
   0.0183760600   -0.0151612300    0.0032163100
   0.0119282900    0.0002001300    0.0331289400
   0.0030168700    0.0030138700   -0.0149619100
  -0.0151654200    0.0301095900    0.0149456900
   0.0009214100   -0.0011238800   -0.0001344900
   0.0008324000    0.0009503400    0.0013392800
  -0.0010769200    0.0030116100   -0.0001001500
   0.0028451000    0.0008467100    0.0015973100
   0.0005764100    0.0010029200    0.0036599900
  -0.0010530500    0.0003977800   -0.0001863400
   0.0010210800    0.0009047000    0.0039180100
   0.0009341400   -0.0010081200   -0.0001448400
# File: 10   
# 1       0.0000000000000000   0.0212132034355964   0.0212132034355964
# 3      -0.0212132034355964   0.0000000000000000  -0.0212132034355964
  -0.0212066900   -0.0475390900   -0.0687561500
  -0.0030164600    0.0393797800    0.0209980400
   0.0657395200    0.0001955000    0.0505672100
  -0.0183754000   -0.0151598300   -0.0028180400
   0.0179756900    0.0211932000   -0.0028158400
  -0.0482901600    0.0001985300   -0.0270929400
  -0.0030181900   -0.0333414000   -0.0153595800
   0.0151590400    0.0301087000    0.0452755700
  -0.0009424600   -0.0011976900   -0.0019981900
  -0.0011270800    0.0009041200   -0.0020484900
   0.0010783100    0.0029350300    0.0020551100
  -0.0002724500    0.0008877500   -0.0006415900
  -0.0031318000    0.0009527200    0.0022025000
   0.0010538900    0.0004678000    0.0019203500
  -0.0007164900    0.0009496900    0.0004999600
  -0.0009092700   -0.0009348200   -0.0019879100
# File: 11   
# 1       0.0000000000000000   0.0212132034355964   0.0212132034355964
# 3       0.0212132034355964   0.0212132034355964   0.0000000000000000
   0.0030155400   -0.0473639600   -0.0293859000
  -0.0151636400    0.0060365300    0.0211998600
  -0.0293859000   -0.0473639600    0.0030155400
  -0.0179769400    0.0060334400    0.0183767600
   0.0183767600    0.0060334400   -0.0179769400
   0.0119294600    0.0303089300    0.0030164300
   0.0211998600    0.0060365300   -0.0151636400
   0.0030164300    0.0303089300    0.0119294600
   0.0009610700    0.0019586300   -0.0010664900
   0.0008485400    0.0018536500    0.0010061400
  -0.0010664900    0.0019586300    0.0009610700
   0.0028034700    0.0018481900    0.0006145700
   0.0006145700    0.0018481900    0.0028034700
  -0.0010651400   -0.0006754200    0.0008862600
   0.0010061400    0.0018536500    0.0008485400
   0.0008862600   -0.0006754200   -0.0010651400
# File: 12   
# 1       0.0000000000000000   0.0212132034355964   0.0212132034355964
# 3      -0.0212132034355964  -0.0212132034355964   0.0000000000000000
  -0.0030157300   -0.0477468200   -0.0657313100
   0.0151608700    0.0363644200    0.0212002500
   0.0657313100    0.0477468200    0.0030157300
  -0.0183770800   -0.0000015200   -0.0179770400
   0.0179770400    0.0000015200    0.0183770800
  -0.0482900100   -0.0299094900    0.0030156500
  -0.0212002500   -0.0363644200   -0.0151608700
  -0.0030156500    0.0299094900    0.0482900100
  -0.0008708300   -0.0015231900   -0.0010658600
  -0.0010373100    0.0000000000    0.0010373100
   0.0010670900    0.0040168400    0.0009707800
  -0.0002341800    0.0000000000    0.0002341800
  -0.0031730900    0.0000000000    0.0031730900
   0.0010658600    0.0015231900    0.0008708300
  -0.0008172700    0.0000000000    0.0008172700
  -0.0009707800   -0.0040168400   -0.0010670900
# File: 13   
# 1       0.0000000000000000   0.0212132034355964   0.0212132034355964
# 7       0.0212132034355964   0.0000000000000000   0.0212132034355964
   0.0002014200   -0.0657295300   -0.0445270200
   0.0301083700    0.0211960100    0.0513110300
   0.0211924600    0.0183765500    0.0032176600
  -0.0333386500    0.0030154600   -0.0149609600
   0.0393767100    0.0030163700    0.0213986200
  -0.0151593300   -0.0179765800    0.0032158000
  -0.0475451100   -0.0151605400   -0.0627085900
   0.0002001200    0.0482868300    0.0331253700
   0.0004483000   -0.0010733900   -0.0002070700
  -0.0012009600    0.0009398400   -0.0001386300
   0.0009410500    0.0031957700    0.0041205100
   0.0009611700    0.0009565200    0.0013866100
   0.0008919600    0.0008894800    0.0038673400
   0.0008995200    0.0002127400    0.0011231400
  -0.0009321800    0.0009145300   -0.0001406000
   0.0029551700   -0.0010600700   -0.0000831900
# File: 14   
# 1       0.0000000000000000   0.0212132034355964   0.0212132034355964
# 7      -0.0212132034355964   0.0000000000000000  -0.0212132034355964
  -0.0002000100   -0.0293827400   -0.0505679700
  -0.0301131300    0.0212041500   -0.0089085400
   0.0151630100   -0.0179785000    0.0028170700
  -0.0030152300    0.0030167200    0.0153646700
  -0.0030216200    0.0030172600   -0.0210014700
  -0.0211963700    0.0183789500    0.0028163800
   0.0475595800   -0.0151550700    0.0323939000
  -0.0001998700    0.0119305500    0.0270984900
  -0.0030377900   -0.0010605300   -0.0020377700
   0.0010110900    0.0009375800    0.0019916500
  -0.0008334600    0.0027785200    0.0003908500
  -0.0009606700    0.0009641200   -0.0005483400
  -0.0008918600    0.0008734200    0.0020990200
  -0.0010129800    0.0006328700   -0.0019606000
   0.0011199600    0.0009168500    0.0019937900
  -0.0003706600   -0.0010741300   -0.0019411400
# File: 15   
# 1       0.0000000000000000   0.0212132034355964   0.0212132034355964
# 8       0.0212132034355964   0.0000000000000000   0.0212132034355964
   0.0300819900   -0.0475817500   -0.0175069400
   0.0001988300    0.0030209800    0.0242177200
   0.0030138900    0.0001995400   -0.0121483800
  -0.0151621200    0.0211941500    0.0003986900
   0.0211941500   -0.0151621200    0.0003986900
   0.0030209800    0.0001988300    0.0242177200
   0.0001995400    0.0030138900   -0.0121483800
  -0.0475817500    0.0300819900   -0.0175069400
  -0.0010768700   -0.0010537900   -0.0021303700
   0.0003449800    0.0010644700    0.0019362000
   0.0007967400    0.0030981200    0.0017788900
   0.0011194500    0.0007413900    0.0034541900
   0.0007413900    0.0011194500    0.0034541900
   0.0010644700    0.0003449800    0.0019362000
   0.0030981200    0.0007967400    0.0017788900
  -0.0010537900   -0.0010768700   -0.0021303700
# File: 16   
# 1       0.0000000000000000   0.0212132034355964   0.0212132034355964
# 8      -0.0212132034355964   0.0000000000000000  -0.0212132034355964
  -0.0300985500   -0.0475420000   -0.0776552200
  -0.0002006300    0.0393797400    0.0181821700
   0.0333413800    0.0002002900    0.0181773100
  -0.0211934600   -0.0151605200    0.0000001200
   0.0151605200    0.0211934600   -0.0000001200
  -0.0393797400    0.0002006300   -0.0181821700
  -0.0002002900   -0.0333413800   -0.0181773100
   0.0475420000    0.0300985500    0.0776552200
   0.0010552800   -0.0010552800    0.0000000000
  -0.0030805000    0.0007948400   -0.0001830200
  -0.0007948400    0.0030805000    0.0001830200
  -0.0009988400    0.0009988400    0.0000000000
  -0.0008411300    0.0008411300    0.0000000000
  -0.0010628300    0.0003265900   -0.0001953300
  -0.0003265900    0.0010628300    0.0001953300
   0.0010782200   -0.0010782200    0.0000000000
# File: 17   
# 1       0.0000000000000000   0.0212132034355964   0.0212132034355964
# 9       0.0212132034355964   0.0000000000000000   0.0212132034355964
  -0.0010760700   -0.0475273900   -0.0486334100
   0.0003735900    0.0212373200    0.0221813400
   0.0191114100    0.0001077600    0.0039491800
  -0.0172517700    0.0030201200    0.0031882300
   0.0191638700    0.0030165500    0.0005750000
  -0.0172521000    0.0002725900    0.0039425900
   0.0029861000   -0.0151224500   -0.0142315200
  -0.0010654700    0.0300743900    0.0290449200
  -0.0585815400   -0.0010264700   -0.0596383800
   0.0012092700    0.0062953500    0.0050595900
   0.0094390500    0.0029676800    0.0104162400
   0.0041531500   -0.0045371200    0.0017280600
   0.0041084300    0.0063033500    0.0043026000
  -0.0012531600    0.0004190000   -0.0003864900
   0.0014114200   -0.0044352200    0.0050572800
   0.0345238200   -0.0010654500    0.0334447800
# File: 18   
# 1       0.0000000000000000   0.0212132034355964   0.0212132034355964
# 9      -0.0212132034355964   0.0000000000000000  -0.0212132034355964
   0.0010771300   -0.0475056100   -0.0464816200
  -0.0029825100    0.0211626300    0.0202717900
   0.0172453100    0.0001317600    0.0020845700
  -0.0191568600    0.0030128800   -0.0001843000
   0.0172442800    0.0030166500   -0.0027847300
  -0.0191047900    0.0002861000    0.0020897000
  -0.0003805300   -0.0152028800   -0.0161466000
   0.0010653900    0.0300727600    0.0311737900
   0.0585615000   -0.0011040800    0.0575114900
  -0.0013978200   -0.0044417600   -0.0032059300
  -0.0094394100    0.0030018600   -0.0084626300
  -0.0041542300    0.0062711500   -0.0008800500
  -0.0041092000   -0.0043491600    0.0016733700
   0.0012520500    0.0004243100    0.0021192000
  -0.0012221300    0.0062892900   -0.0032042900
  -0.0344981700   -0.0010658800   -0.0355737500
# File: 19   
# 1       0.0000000000000000   0.0212132034355964   0.0212132034355964
# 9       0.0000000000000000   0.0212132034355964   0.0212132034355964
   0.0000145400   -0.0486198800   -0.0486198800
  -0.0001042300    0.0221281800    0.0221281800
   0.0182176500    0.0005820900    0.0039617000
  -0.0181369600    0.0039056200    0.0031994200
   0.0182176500    0.0039617000    0.0005820900
  -0.0181369600    0.0031994200    0.0039056200
   0.0000657600   -0.0142351000   -0.0142351000
  -0.0000372100    0.0290446100    0.0290446100
   0.0000644900   -0.0596743800   -0.0596743800
  -0.0001248500    0.0104274900    0.0104274900
   0.0053287600    0.0043042600    0.0050828500
  -0.0053993900    0.0050160800    0.0017415100
   0.0053287600    0.0050828500    0.0043042600
  -0.0053993900    0.0017415100    0.0050160800
   0.0000904400   -0.0003108500   -0.0003108500
   0.0000109600    0.0334464000    0.0334464000
# File: 20   
# 1       0.0000000000000000   0.0212132034355964   0.0212132034355964
# 9       0.0000000000000000  -0.0212132034355964  -0.0212132034355964
   0.0000604500   -0.0464932200   -0.0464932200
  -0.0000557200    0.0202718700    0.0202718700
   0.0181365400   -0.0027914900    0.0021242300
  -0.0182169700    0.0020738600   -0.0001975300
   0.0181365400    0.0021242300   -0.0027914900
  -0.0182169700   -0.0001975300    0.0020738600
   0.0000931700   -0.0160914200   -0.0160914200
  -0.0000370200    0.0311727500    0.0311727500
  -0.0000872600    0.0575494900    0.0575494900
  -0.0000642400   -0.0085757600   -0.0085757600
  -0.0053290400    0.0016727000   -0.0031291700
   0.0054002400   -0.0032834900   -0.0008930300
  -0.0053290400   -0.0031291700    0.0016727000
   0.0054002400   -0.0008930300   -0.0032834900
   0.0000978900    0.0021629500    0.0021629500
   0.0000112000   -0.0355727600   -0.0355727600
# File: 21   
# 1       0.0000000000000000   0.0212132034355964   0.0212132034355964
# 10      0.0212132034355964   0.0000000000000000   0.0212132034355964
   0.0004583400   -0.0476431300   -0.0466934500
  -0.0010616200    0.0212753500    0.0201715600
   0.0190660500    0.0001987400    0.0060565600
  -0.0172806900    0.0029398000    0.0011133500
   0.0191254300    0.0031547900    0.0011232600
  -0.0172843800    0.0001824000    0.0034150100
  -0.0010642600   -0.0152403300   -0.0162686600
   0.0031322500    0.0301064500    0.0309991200
   0.0013095400    0.0042858500    0.0030496200
  -0.0586836000    0.0009450600   -0.0576631700
   0.0040561400   -0.0024322400    0.0023349500
   0.0095707600    0.0009019600    0.0098577500
  -0.0012822600    0.0009902400    0.0016500400
   0.0041693100    0.0056832400    0.0021982600
   0.0344406400    0.0010799700    0.0355919000
   0.0013283500   -0.0064281500    0.0030638800
# File: 22   
# 1       0.0000000000000000   0.0212132034355964   0.0212132034355964
# 10     -0.0212132034355964   0.0000000000000000  -0.0212132034355964
  -0.0030402100   -0.0474544900   -0.0483488100
   0.0010592600    0.0211999700    0.0222290900
   0.0172299200    0.0001985700    0.0025807200
  -0.0190757200    0.0029388700   -0.0007121300
   0.0172308300    0.0030321100   -0.0007252300
  -0.0190219100    0.0002192300    0.0000144800
   0.0010642100   -0.0151604500   -0.0140571500
  -0.0005357800    0.0301039200    0.0291564500
  -0.0013317900   -0.0064171400   -0.0051818500
   0.0584555600    0.0008912200    0.0595022900
  -0.0040548100    0.0084098500   -0.0003793900
  -0.0095573600    0.0008323000   -0.0090108300
   0.0012927400    0.0009640100    0.0043282500
  -0.0041679200   -0.0048307400   -0.0004632300
  -0.0342426300    0.0007757400   -0.0337357800
  -0.0013044000    0.0042970400   -0.0051968800
# File: 23   
# 1       0.0000000000000000   0.0212132034355964   0.0212132034355964
# 10      0.0000000000000000   0.0212132034355964   0.0212132034355964
   0.0000321900   -0.0466212400   -0.0466212400
   0.0000469100    0.0201357200    0.0201357200
   0.0181469300    0.0011058300    0.0060541000
  -0.0182076000    0.0033572400    0.0011288900
   0.0181469300    0.0060541000    0.0011058300
  -0.0182076000    0.0011288900    0.0033572400
  -0.0000348700   -0.0162293800   -0.0162293800
   0.0003474700    0.0310402000    0.0310402000
  -0.0000073300    0.0084362700    0.0084362700
  -0.0000414400   -0.0576791200   -0.0576791200
  -0.0053688900    0.0071186900    0.0022931200
   0.0053610800    0.0021863500    0.0045383100
  -0.0053688900    0.0022931200    0.0071186900
   0.0053610800    0.0045383100    0.0021863500
  -0.0002125600    0.0354378100    0.0354378100
   0.0000065800   -0.0023028100   -0.0023028100
# File: 24   
# 1       0.0000000000000000   0.0212132034355964   0.0212132034355964
# 10      0.0000000000000000  -0.0212132034355964  -0.0212132034355964
  -0.0001904900   -0.0484870900   -0.0484870900
   0.0000265800    0.0222652200    0.0222652200
   0.0182076400   -0.0007594500    0.0025857100
  -0.0181466000    0.0000714600   -0.0006766700
   0.0182076400    0.0025857100   -0.0007594500
  -0.0181466000   -0.0006766700    0.0000714600
  -0.0000396400   -0.0140980200   -0.0140980200
  -0.0001881600    0.0291755800    0.0291755800
  -0.0000153700   -0.0105668500   -0.0105668500
  -0.0001469900    0.0595390900    0.0595390900
   0.0053683000   -0.0011508100   -0.0003375900
  -0.0053601600   -0.0004520400   -0.0036988500
   0.0053683000   -0.0003375900   -0.0011508100
  -0.0053601600   -0.0036988500   -0.0004520400
   0.0004002500   -0.0335808800   -0.0335808800
   0.0000154400    0.0001711900    0.0001711900
# File: 25   
# 1       0.0000000000000000   0.0212132034355964   0.0212132034355964
# 11      0.0212132034355964   0.0000000000000000   0.0212132034355964
   0.0009787900   -0.0475725700   -0.0465712700
   0.0008655900    0.0211471000    0.0243881500
   0.0171016500    0.0002421200    0.0019398200
  -0.0176367700    0.0030415400    0.0011076300
   0.0213811100    0.0029803800    0.0010698200
  -0.0192381900    0.0001641400    0.0019565200
   0.0009114200   -0.0151549800   -0.0146108700
   0.0007950200    0.0303181300    0.0309082800
   0.0094286700   -0.0010654000    0.0083734300
   0.0040008400   -0.0044440200    0.0022433600
  -0.0586809100    0.0030200200   -0.0577011900
   0.0013177400    0.0062285200    0.0045081500
   0.0013411600   -0.0043722800    0.0070317100
   0.0345061400    0.0002689100    0.0353745700
   0.0041371900    0.0062672100    0.0022690200
  -0.0012094600   -0.0010688300   -0.0022871300
# File: 26   
# 1       0.0000000000000000   0.0212132034355964   0.0212132034355964
# 11     -0.0212132034355964   0.0000000000000000  -0.0212132034355964
  -0.0009789200   -0.0476646100   -0.0485371700
  -0.0009248000    0.0212529400    0.0206136400
   0.0192550900    0.0002308000    0.0040938400
  -0.0213189500    0.0029921400   -0.0006502800
   0.0175768800    0.0030514200   -0.0007279700
  -0.0171188100    0.0001611500    0.0040758200
  -0.0008542300   -0.0151710400   -0.0183152900
  -0.0007981100    0.0300393200    0.0293107100
  -0.0094504500   -0.0010654100   -0.0105049000
  -0.0041914800    0.0062952200   -0.0003897600
   0.0586837000    0.0029429200    0.0596600500
  -0.0013168800   -0.0044968700   -0.0036667000
  -0.0013422900    0.0063229500   -0.0010659000
  -0.0345068800    0.0005885400   -0.0336371400
  -0.0039469100   -0.0044165100   -0.0004137000
   0.0012330400   -0.0010629500    0.0001547300
# File: 27   
# 1       0.0000000000000000   0.0212132034355964   0.0212132034355964
# 11      0.0000000000000000   0.0212132034355964   0.0212132034355964
   0.0000000000   -0.0444260800   -0.0466278300
   0.0000000000    0.0220413500    0.0242379900
   0.0182451900   -0.0008662200    0.0019463500
  -0.0181082800    0.0039210200    0.0010902000
   0.0181082800    0.0039210200    0.0010902000
  -0.0182451900   -0.0008662200    0.0019463500
   0.0000000000   -0.0142533800   -0.0144105000
   0.0000000000    0.0332394800    0.0308695300
   0.0053079400    0.0002594800    0.0030334600
  -0.0055163100    0.0050237500    0.0022832400
   0.0000000000   -0.0581313600   -0.0576775500
   0.0000000000    0.0104068100    0.0098761200
   0.0000000000   -0.0003167000    0.0014970700
   0.0000000000    0.0347638400    0.0355287000
   0.0055163100    0.0050237500    0.0022832400
  -0.0053079400    0.0002594800    0.0030334600
# File: 28   
# 1       0.0000000000000000   0.0212132034355964   0.0212132034355964
# 11      0.0000000000000000  -0.0212132034355964  -0.0212132034355964
   0.0000000000   -0.0535135400   -0.0483879000
   0.0000000000    0.0202958000    0.0207510400
   0.0181828000    0.0012626700    0.0040858600
  -0.0183989900    0.0021121300   -0.0006898800
   0.0183989900    0.0021121300   -0.0006898800
  -0.0181828000    0.0012626700    0.0040858600
   0.0000000000   -0.0160195000   -0.0185323800
   0.0000000000    0.0295326700    0.0292749600
  -0.0053288200   -0.0023868600   -0.0051648200
   0.0053238200   -0.0031661400   -0.0004266500
   0.0000000000    0.0643124800    0.0596061600
   0.0000000000   -0.0086636700   -0.0090290900
   0.0000000000    0.0022833000    0.0044843900
   0.0000000000   -0.0338711400   -0.0337762000
  -0.0053238200   -0.0031661400   -0.0004266500
   0.0053288200   -0.0023868600   -0.0051648200
# File: 29   
# 1       0.0000000000000000   0.0212132034355964   0.0212132034355964
# 12      0.0212132034355964   0.0000000000000000   0.0212132034355964
   0.0008429100   -0.0474502900   -0.0471950000
   0.0009498800    0.0212709600    0.0221206000
   0.0185627500    0.0001993800    0.0040078500
  -0.0192038700    0.0030458100   -0.0008606500
   0.0170772000    0.0029909500   -0.0008653800
  -0.0155482700    0.0002189100    0.0038936200
   0.0009629800   -0.0152918500   -0.0141938700
   0.0010764500    0.0301130800    0.0304985400
   0.0041321600   -0.0064642100    0.0002506700
   0.0093787400    0.0008844800    0.0104514800
   0.0013184300    0.0083487700    0.0050663400
  -0.0585284800    0.0008434500   -0.0556617800
   0.0345145300    0.0008180700    0.0374830200
   0.0012986300   -0.0047867700    0.0050651300
  -0.0010058400    0.0009148700   -0.0003036200
   0.0041717900    0.0043443700    0.0002430500
# File: 30   
# 1       0.0000000000000000   0.0212132034355964   0.0212132034355964
# 12     -0.0212132034355964   0.0000000000000000  -0.0212132034355964
  -0.0008757100   -0.0476480600   -0.0455435900
  -0.0009520900    0.0209660200    0.0202798300
   0.0151703900    0.0001976600    0.0020773600
  -0.0171519300    0.0030625000    0.0012588000
   0.0192771900    0.0029668200    0.0012616300
  -0.0182136200    0.0001830000    0.0020879400
  -0.0009605700   -0.0148712000   -0.0161312400
  -0.0010321400    0.0300965800    0.0270699200
  -0.0041543300    0.0043309600   -0.0023791600
  -0.0095673000    0.0009698000   -0.0086009600
  -0.0013164300   -0.0023680100   -0.0031084800
   0.0585226700    0.0008744200    0.0567425000
  -0.0344987100    0.0011380300   -0.0314722800
  -0.0012973500    0.0056361800   -0.0033284500
   0.0011974400    0.0009389300    0.0021585100
  -0.0041475100   -0.0064736300   -0.0023723200
# File: 31   
# 1       0.0000000000000000   0.0212132034355964   0.0212132034355964
# 12      0.0000000000000000   0.0212132034355964   0.0212132034355964
   0.0000000000   -0.0466024500   -0.0472472900
   0.0000000000    0.0215353800    0.0221908000
   0.0182477900    0.0011658200    0.0039665900
  -0.0181137700    0.0019547800   -0.0008660800
   0.0181137700    0.0019547800   -0.0008660800
  -0.0182477900    0.0011658200    0.0039665900
   0.0000000000   -0.0125453100   -0.0142355300
   0.0000000000    0.0311911800    0.0303643700
  -0.0054239300    0.0030912200    0.0002462700
   0.0052143900    0.0022090800    0.0050861300
   0.0000000000    0.0125185600    0.0104393800
   0.0000000000   -0.0576830200   -0.0556959100
   0.0000000000    0.0353324400    0.0376344100
   0.0000000000   -0.0005885700   -0.0003160300
  -0.0052143900    0.0022090800    0.0050861300
   0.0054239300    0.0030912200    0.0002462700
# File: 32   
# 1       0.0000000000000000   0.0212132034355964   0.0212132034355964
# 12      0.0000000000000000  -0.0212132034355964  -0.0212132034355964
   0.0000000000   -0.0485268800   -0.0454716300
   0.0000000000    0.0182392100    0.0202549500
   0.0179386700   -0.0007655400    0.0020665700
  -0.0181675600    0.0040774000    0.0012627200
   0.0181675600    0.0040774000    0.0012627200
  -0.0179386700   -0.0007655400    0.0020665700
   0.0000000000   -0.0151832900   -0.0161457400
   0.0000000000    0.0290621100    0.0271932600
   0.0053991100   -0.0052221700   -0.0023739400
  -0.0054006000   -0.0003532700   -0.0032279000
   0.0000000000   -0.0065428900   -0.0084748500
   0.0000000000    0.0593962800    0.0567416500
   0.0000000000   -0.0333597200   -0.0316142600
   0.0000000000    0.0014423600    0.0020617200
   0.0054006000   -0.0003532700   -0.0032279000
  -0.0053991100   -0.0052221700   -0.0023739400
# File: 33   
# 9       0.0000000000000000   0.0212132034355964   0.0212132034355964
# 1       0.0212132034355964   0.0000000000000000   0.0212132034355964
  -0.0475267400   -0.0010761600   -0.0486325100
   0.0001077000    0.0191104100    0.0039492200
   0.0212365400    0.0003735600    0.0221806900
   0.0030199400   -0.0172511400    0.0031883400
   0.0030167600    0.0191631200    0.0005749500
  -0.0151216100    0.0029862200   -0.0142309500
   0.0002726900   -0.0172513300    0.0039424100
   0.0300737600   -0.0010653100    0.0290440100
  -0.0010263500   -0.0585816800   -0.0596384800
   0.0029677600    0.0094390000    0.0104166000
   0.0062953400    0.0012091000    0.0050595000
  -0.0045371000    0.0041533300    0.0017281900
   0.0063032900    0.0041086400    0.0043025600
  -0.0044353300    0.0014114900    0.0050573000
   0.0004189900   -0.0012530300   -0.0003864300
  -0.0010656600    0.0345237900    0.0334446000
# File: 34   
# 9       0.0000000000000000   0.0212132034355964   0.0212132034355964
# 1      -0.0212132034355964   0.0000000000000000  -0.0212132034355964
   0.0476027900   -0.0010545700    0.0465040200
  -0.0002666000   -0.0172547000   -0.0020941900
  -0.0212355700    0.0004009300   -0.0202920900
  -0.0030204300    0.0190330400    0.0028026400
  -0.0030167900   -0.0172740900    0.0002043000
   0.0151222700    0.0030000200    0.0160134400
  -0.0001132400    0.0191065500   -0.0020876700
  -0.0301470300   -0.0010649700   -0.0311731700
   0.0010292600   -0.0586590700   -0.0575859300
  -0.0004102100    0.0095625100    0.0086961200
   0.0044353300    0.0012365200    0.0031993900
  -0.0063031100    0.0041030500   -0.0016562900
   0.0045355300    0.0041492600    0.0008940200
  -0.0062935900    0.0014147900    0.0031997800
  -0.0029844000   -0.0012205000   -0.0021980200
   0.0010657700    0.0345212200    0.0355736400
# File: 35   
# 9       0.0000000000000000   0.0212132034355964   0.0212132034355964
# 1       0.0000000000000000   0.0212132034355964   0.0212132034355964
   0.0000145400   -0.0486198800   -0.0486198800
  -0.0001042300    0.0221281800    0.0221281800
   0.0182176500    0.0005820900    0.0039617000
  -0.0181369600    0.0039056200    0.0031994200
   0.0182176500    0.0039617000    0.0005820900
  -0.0181369600    0.0031994200    0.0039056200
   0.0000657600   -0.0142351000   -0.0142351000
  -0.0000372100    0.0290446100    0.0290446100
   0.0000644900   -0.0596743800   -0.0596743800
  -0.0001248500    0.0104274900    0.0104274900
   0.0053287600    0.0043042600    0.0050828500
  -0.0053993900    0.0050160800    0.0017415100
   0.0053287600    0.0050828500    0.0043042600
  -0.0053993900    0.0017415100    0.0050160800
   0.0000904400   -0.0003108500   -0.0003108500
   0.0000109600    0.0334464000    0.0334464000
# File: 36   
# 9       0.0000000000000000   0.0212132034355964   0.0212132034355964
# 1       0.0000000000000000  -0.0212132034355964  -0.0212132034355964
   0.0000600100    0.0464936300    0.0464936300
  -0.0000543400   -0.0202723900   -0.0202723900
  -0.0182176200    0.0001977300   -0.0020741000
   0.0181367100   -0.0021239100    0.0027912500
  -0.0182176200   -0.0020741000    0.0001977300
   0.0181367100    0.0027912500   -0.0021239100
   0.0000932300    0.0160918600    0.0160918600
  -0.0000371200   -0.0311733300   -0.0311733300
  -0.0000854200   -0.0575494900   -0.0575494900
  -0.0000694900    0.0085753400    0.0085753400
   0.0054010200    0.0008918500    0.0032842000
  -0.0053278700    0.0031282200   -0.0016707500
   0.0054010200    0.0032842000    0.0008918500
  -0.0053278700   -0.0016707500    0.0031282200
   0.0000977200   -0.0021629400   -0.0021629400
   0.0000109200    0.0355728400    0.0355728400
# File: 37   
# 9       0.0000000000000000   0.0212132034355964   0.0212132034355964
# 2       0.0212132034355964   0.0000000000000000   0.0212132034355964
   0.0002422700    0.0171020800    0.0019395600
  -0.0475723600    0.0009789700   -0.0465717500
   0.0030418100   -0.0176366600    0.0011074400
   0.0211476700    0.0008657400    0.0243880200
  -0.0151555200    0.0009112000   -0.0146108700
   0.0029802600    0.0213807700    0.0010699400
   0.0303181600    0.0007947200    0.0309088600
   0.0001639700   -0.0192387000    0.0019567800
   0.0030200900   -0.0586808500   -0.0577008200
  -0.0010652200    0.0094287200    0.0083737700
   0.0062287600    0.0013177800    0.0045079600
  -0.0044440600    0.0040008300    0.0022429000
   0.0062669300    0.0041372700    0.0022690400
  -0.0043722800    0.0013413100    0.0070316600
  -0.0010690000   -0.0012095200   -0.0022871200
   0.0002685200    0.0345063300    0.0353746200
# File: 38   
# 9       0.0000000000000000   0.0212132034355964   0.0212132034355964
# 2      -0.0212132034355964   0.0000000000000000  -0.0212132034355964
  -0.0001663500   -0.0192296500   -0.0040698600
   0.0473983300    0.0008685400    0.0484251400
  -0.0030418400    0.0184133700    0.0007789300
  -0.0211410600    0.0009178800   -0.0183992200
   0.0151580800    0.0009758900    0.0153867000
  -0.0029789100   -0.0153852500    0.0007141400
  -0.0301477900    0.0010655100   -0.0290419400
  -0.0002381200    0.0171039200   -0.0040892900
  -0.0004343700   -0.0585257600   -0.0593915200
   0.0010587100    0.0095508300    0.0106285300
   0.0043870300    0.0013169000    0.0011810500
  -0.0062865600    0.0040637500    0.0003949800
   0.0044621500    0.0043009800    0.0003646900
  -0.0062498400    0.0012983900    0.0037776500
   0.0010672600   -0.0012419300   -0.0001867600
  -0.0028467000    0.0345066200    0.0335267600
# File: 39   
# 9       0.0000000000000000   0.0212132034355964   0.0212132034355964
# 2       0.0000000000000000   0.0212132034355964   0.0212132034355964
   0.0000468200    0.0201356100    0.0201356100
   0.0000322200   -0.0466211100   -0.0466211100
  -0.0182074400    0.0033571400    0.0011289900
   0.0181467100    0.0011058500    0.0060540900
  -0.0182074400    0.0011289900    0.0033571400
   0.0181467100    0.0060540900    0.0011058500
   0.0003475900    0.0310401900    0.0310401900
  -0.0000348700   -0.0162293100   -0.0162293100
  -0.0000414300   -0.0576785900   -0.0576785900
  -0.0000075200    0.0084362000    0.0084362000
   0.0053609800    0.0021867000    0.0045381500
  -0.0053684200    0.0071180000    0.0022931400
   0.0053609800    0.0045381500    0.0021867000
  -0.0053684200    0.0022931400    0.0071180000
   0.0000066300   -0.0023028700   -0.0023028700
  -0.0002131100    0.0354378100    0.0354378100
# File: 40   
# 9       0.0000000000000000   0.0212132034355964   0.0212132034355964
# 2       0.0000000000000000  -0.0212132034355964  -0.0212132034355964
   0.0000278100   -0.0222647700   -0.0222647700
  -0.0001909200    0.0484865800    0.0484865800
   0.0182069700   -0.0025852900    0.0007592800
  -0.0181463100    0.0006767700   -0.0000716700
   0.0182069700    0.0007592800   -0.0025852900
  -0.0181463100   -0.0000716700    0.0006767700
  -0.0001882300   -0.0291750900   -0.0291750900
  -0.0000395000    0.0140975700    0.0140975700
  -0.0001447500   -0.0595395300   -0.0595395300
  -0.0000208700    0.0105666500    0.0105666500
   0.0053690400    0.0003363000    0.0011518900
  -0.0053593200    0.0036978200    0.0004534800
   0.0053690400    0.0011518900    0.0003363000
  -0.0053593200    0.0004534800    0.0036978200
   0.0000155600   -0.0001709600   -0.0001709600
   0.0004001200    0.0335809900    0.0335809900
# File: 41   
# 9       0.0000000000000000   0.0212132034355964   0.0212132034355964
# 3       0.0212132034355964   0.0000000000000000   0.0212132034355964
   0.0212744300   -0.0010618200    0.0201705200
   0.0029396100   -0.0172796400    0.0011135600
  -0.0476421100    0.0004582300   -0.0466926000
   0.0001984400    0.0190649800    0.0060568000
   0.0001826300   -0.0172835600    0.0034148900
   0.0301054100    0.0031325100    0.0309981800
   0.0031550200    0.0191241900    0.0011230200
  -0.0152394200   -0.0010640600   -0.0162675900
   0.0009451300   -0.0586836500   -0.0576631600
   0.0009019600    0.0095708200    0.0098580900
   0.0042860200    0.0013095600    0.0030495000
  -0.0024321800    0.0040560400    0.0023348100
   0.0056832700    0.0041694200    0.0021982200
  -0.0064281900    0.0013284800    0.0030639600
   0.0009902500   -0.0012821900    0.0016500200
   0.0010797300    0.0344406900    0.0355917800
# File: 42   
# 9       0.0000000000000000   0.0212132034355964   0.0212132034355964
# 3      -0.0212132034355964   0.0000000000000000  -0.0212132034355964
  -0.0211983100   -0.0010697000   -0.0223021100
  -0.0031016800    0.0191358800    0.0007421700
   0.0476436500    0.0003269000    0.0485898500
  -0.0001989100   -0.0172820300   -0.0000710000
  -0.0001821400    0.0191729800   -0.0026469800
  -0.0301034100    0.0028735700   -0.0292087700
  -0.0029922600   -0.0172682100    0.0007318400
   0.0151651500   -0.0010663300    0.0141365100
  -0.0009433000   -0.0587000900   -0.0595537500
  -0.0010218900    0.0094259900    0.0065770500
   0.0064447600    0.0013021000    0.0052093500
  -0.0057332500    0.0041952800    0.0004157800
   0.0024832300    0.0040818900    0.0003227000
  -0.0043007000    0.0013318700    0.0051931100
  -0.0008785500   -0.0011983600   -0.0015647700
  -0.0010823900    0.0347382500    0.0334290200
# File: 43   
# 9       0.0000000000000000   0.0212132034355964   0.0212132034355964
# 3       0.0000000000000000   0.0212132034355964   0.0212132034355964
   0.0182470200   -0.0008661200    0.0019463300
  -0.0181076200    0.0039210300    0.0010901700
   0.0000000000   -0.0444251800   -0.0466295200
   0.0000000000    0.0220430100    0.0242371100
   0.0000000000   -0.0142551700   -0.0144098300
   0.0000000000    0.0332387900    0.0308712500
   0.0181076200    0.0039210300    0.0010901700
  -0.0182470200   -0.0008661200    0.0019463300
   0.0000000000   -0.0581314100   -0.0576776300
   0.0000000000    0.0104071100    0.0098761400
   0.0053075800    0.0002592300    0.0030333600
  -0.0055160800    0.0050239000    0.0022830800
   0.0055160800    0.0050239000    0.0022830800
  -0.0053075800    0.0002592300    0.0030333600
   0.0000000000   -0.0003169700    0.0014974500
   0.0000000000    0.0347637300    0.0355291500
# File: 44   
# 9       0.0000000000000000   0.0212132034355964   0.0212132034355964
# 3       0.0000000000000000  -0.0212132034355964  -0.0212132034355964
  -0.0181668200   -0.0012627500   -0.0040774200
   0.0179412200   -0.0020664700    0.0007655200
  -0.0000000000    0.0454741200    0.0485262400
  -0.0000000000   -0.0202539200   -0.0182419500
  -0.0000000000    0.0161451900    0.0151859300
  -0.0000000000   -0.0271959500   -0.0290615200
  -0.0179412200   -0.0020664700    0.0007655200
   0.0181668200   -0.0012627500   -0.0040774200
  -0.0000000000   -0.0567423300   -0.0593969800
  -0.0000000000    0.0084751300    0.0065430000
   0.0053989000    0.0023741800    0.0052224500
  -0.0054001900    0.0032280400    0.0003530500
   0.0054001900    0.0032280400    0.0003530500
  -0.0053989000    0.0023741800    0.0052224500
  -0.0000000000   -0.0020623800   -0.0014420400
  -0.0000000000    0.0316141500    0.0333601200
# File: 45   
# 9       0.0000000000000000   0.0212132034355964   0.0212132034355964
# 4       0.0212132034355964   0.0000000000000000   0.0212132034355964
   0.0030460900   -0.0192035200   -0.0008611200
   0.0212713400    0.0009503700    0.0221203500
   0.0001999200    0.0185629400    0.0040076300
  -0.0474499800    0.0008430600   -0.0471953000
   0.0301129300    0.0010761500    0.0304989700
   0.0002183800   -0.0155486500    0.0038938500
  -0.0152920100    0.0009623600   -0.0141935500
   0.0029908500    0.0170768100   -0.0008648500
   0.0008434700   -0.0585279700   -0.0556615400
   0.0008844300    0.0093788500    0.0104516500
   0.0083490800    0.0013182500    0.0050663300
  -0.0064640900    0.0041321400    0.0002502000
   0.0043441000    0.0041717900    0.0002432500
  -0.0047870700    0.0012986500    0.0050651400
   0.0009145400   -0.0010057800   -0.0003037900
   0.0008180200    0.0345145500    0.0374827800
# File: 46   
# 9       0.0000000000000000   0.0212132034355964   0.0212132034355964
# 4      -0.0212132034355964   0.0000000000000000  -0.0212132034355964
  -0.0029722900    0.0170698100   -0.0012690000
  -0.0214191800    0.0009062800   -0.0202644900
  -0.0001975300   -0.0177745500   -0.0021199500
   0.0474552100    0.0009295300    0.0534787000
  -0.0300961900    0.0008175000   -0.0296739400
  -0.0002198300    0.0215322100   -0.0021139500
   0.0154473300    0.0008917100    0.0160473000
  -0.0030635500   -0.0192054100   -0.0012640400
  -0.0009284100   -0.0586764500   -0.0643709400
  -0.0008904100    0.0094297500    0.0085478800
   0.0049317600    0.0013164000    0.0032967900
  -0.0042653200    0.0041011700    0.0023852500
   0.0063839300    0.0041091700    0.0023896100
  -0.0085299800    0.0013409600    0.0030701600
  -0.0009142000   -0.0012862200   -0.0021749900
  -0.0007213400    0.0344981600    0.0340356000
# File: 47   
# 9       0.0000000000000000   0.0212132034355964   0.0212132034355964
# 4       0.0000000000000000   0.0212132034355964   0.0212132034355964
  -0.0181123200    0.0019548300   -0.0008660100
   0.0182489900    0.0011659500    0.0039665400
   0.0000000000    0.0215365900    0.0221892600
   0.0000000000   -0.0466008100   -0.0472483800
   0.0000000000    0.0311899000    0.0303656700
   0.0000000000   -0.0125465000   -0.0142340800
  -0.0182489900    0.0011659500    0.0039665400
   0.0181123200    0.0019548300   -0.0008660100
   0.0000000000   -0.0576831300   -0.0556960300
   0.0000000000    0.0125184600    0.0104395900
   0.0052143600    0.0022093900    0.0050861700
  -0.0054239200    0.0030908200    0.0002460400
   0.0054239200    0.0030908200    0.0002460400
  -0.0052143600    0.0022093900    0.0050861700
   0.0000000000   -0.0005893400   -0.0003159600
   0.0000000000    0.0353328600    0.0376344500
# File: 48   
# 9       0.0000000000000000   0.0212132034355964   0.0212132034355964
# 4       0.0000000000000000  -0.0212132034355964  -0.0212132034355964
   0.0181843700   -0.0040858500   -0.0012627500
  -0.0183969600    0.0006898700   -0.0021121700
   0.0000000000   -0.0207488400   -0.0202975300
   0.0000000000    0.0483892900    0.0535112700
   0.0000000000   -0.0292765700   -0.0295308500
   0.0000000000    0.0185302200    0.0160209100
   0.0183969600    0.0006898700   -0.0021121700
  -0.0181843700   -0.0040858500   -0.0012627500
   0.0000000000   -0.0596057400   -0.0643118800
   0.0000000000    0.0090287400    0.0086630300
   0.0053238300    0.0004269200    0.0031660100
  -0.0053287800    0.0051647700    0.0023869800
   0.0053287800    0.0051647700    0.0023869800
  -0.0053238300    0.0004269200    0.0031660100
   0.0000000000   -0.0044847600   -0.0022828800
   0.0000000000    0.0337762400    0.0338717800
# File: 49   
# 9       0.0000000000000000   0.0212132034355964   0.0212132034355964
# 9       0.0212132034355964   0.0000000000000000   0.0212132034355964
  -0.0009909000   -0.0009909000   -0.0020893000
   0.0002219500    0.0009464300    0.0018941800
   0.0009464300    0.0002219500    0.0018941800
   0.0008329700    0.0008329700    0.0087654300
   0.0009458700    0.0009458700   -0.0015132500
   0.0008927200    0.0031452500    0.0017851900
   0.0031452500    0.0008927200    0.0017851900
  -0.0011362400   -0.0011362400   -0.0021628700
  -0.0584879000   -0.0584879000   -0.1176323800
   0.0013085200    0.0148680000    0.0136339500
   0.0148680000    0.0013085200    0.0136339500
  -0.0012345500   -0.0012345500    0.0026338700
   0.0094891600    0.0094891600    0.0026262000
  -0.0065948000    0.0013173200    0.0028844200
   0.0013173200   -0.0065948000    0.0028844200
   0.0344762000    0.0344762000    0.0689768500
# File: 50   
# 9       0.0000000000000000   0.0212132034355964   0.0212132034355964
# 9      -0.0212132034355964   0.0000000000000000  -0.0212132034355964
   0.0010658200   -0.0010658200   -0.0000363100
  -0.0029924700    0.0008907400    0.0000000000
  -0.0009448800    0.0003904900    0.0000000000
  -0.0009277500    0.0009277500    0.0000770900
  -0.0009277500    0.0009277500   -0.0000770900
  -0.0008907400    0.0029924700    0.0000000000
  -0.0003904900    0.0009448800    0.0000000000
   0.0010658200   -0.0010658200    0.0000363100
   0.0586113900   -0.0586113900    0.0000000000
  -0.0013202700    0.0041284000    0.0053634200
  -0.0041284000    0.0013202700   -0.0053634200
  -0.0094979000    0.0094979000    0.0000000000
   0.0012368600   -0.0012368600    0.0000000000
  -0.0041284000    0.0013202700    0.0053634200
  -0.0013202700    0.0041284000   -0.0053634200
  -0.0345105700    0.0345105700    0.0000000000
# File: 51   
# 9       0.0000000000000000   0.0212132034355964   0.0212132034355964
# 10      0.0212132034355964   0.0000000000000000   0.0212132034355964
   0.0003640300   -0.0010784000   -0.0001351400
  -0.0012050400    0.0009685500   -0.0001355700
   0.0009320300    0.0004190900    0.0038771100
   0.0008896100    0.0007521600    0.0039431400
   0.0009665000    0.0010958100    0.0012872400
   0.0009070600    0.0029704100    0.0013480300
  -0.0009259100    0.0008886800   -0.0001402100
   0.0030184200   -0.0010527700   -0.0001617500
   0.0013192400   -0.0532369400   -0.0544681200
  -0.0586097200    0.0094860800   -0.0491173300
   0.0094904700   -0.0040443700    0.0054479800
   0.0041357400    0.0041237000    0.0108167500
   0.0041234600    0.0041253800    0.0000817200
  -0.0012360700    0.0066825200    0.0054460300
   0.0345103400   -0.0012441600    0.0332710500
   0.0013198500    0.0291442700    0.0386390900
# File: 52   
# 9       0.0000000000000000   0.0212132034355964   0.0212132034355964
# 10     -0.0212132034355964   0.0000000000000000  -0.0212132034355964
  -0.0028938400   -0.0010559000   -0.0019460900
   0.0010420700    0.0009643800    0.0019944900
  -0.0009795000    0.0003616800    0.0006231400
  -0.0008934000    0.0008686700    0.0020437800
  -0.0009627100    0.0009519500   -0.0005170000
  -0.0008537800    0.0030276300   -0.0021681400
   0.0010865500    0.0008900000    0.0019907600
  -0.0004829000   -0.0010730500   -0.0020199700
  -0.0013124300   -0.0639844000   -0.0627433200
   0.0586000300    0.0095161600    0.0681121800
   0.0012357300    0.0066812400    0.0028106100
  -0.0148651600    0.0041315100   -0.0081816300
   0.0065999800    0.0041297100    0.0025533900
  -0.0094934300   -0.0040463400    0.0028111700
  -0.0345107100   -0.0012302900   -0.0357467800
  -0.0013165000    0.0398670600    0.0303834000
# File: 53   
# 9       0.0000000000000000   0.0212132034355964   0.0212132034355964
# 11      0.0000000000000000   0.0212132034355964   0.0212132034355964
   0.0000324700   -0.0006897800   -0.0001263600
  -0.0001233500    0.0018079500    0.0039280900
   0.0000324700   -0.0006897800   -0.0001263600
  -0.0001233500    0.0018079500    0.0039280900
   0.0001261300    0.0018855000    0.0013099600
  -0.0000320400    0.0019489400   -0.0001684800
   0.0001261300    0.0018855000    0.0013099600
  -0.0000320400    0.0019489400   -0.0001684800
   0.0053658300   -0.0572976800   -0.0544800800
  -0.0053673900    0.0136280300    0.0108193400
   0.0053658300   -0.0572976800   -0.0544800800
  -0.0053673900    0.0136280300    0.0108193400
   0.0053654700    0.0028909200    0.0000798000
  -0.0053671100    0.0358261300    0.0386377300
   0.0053654700    0.0028909200    0.0000798000
  -0.0053671100    0.0358261300    0.0386377300
# File: 54   
# 9       0.0000000000000000   0.0212132034355964   0.0212132034355964
# 11      0.0000000000000000  -0.0212132034355964  -0.0212132034355964
   0.0000406500   -0.0040379700   -0.0019496000
  -0.0000312700   -0.0000046400    0.0005338700
   0.0000407600    0.0014738200    0.0020163000
  -0.0000290500   -0.0000263900    0.0020511400
   0.0000312700    0.0000046400   -0.0005338700
  -0.0000406500    0.0040379700    0.0019496000
   0.0000290500    0.0000263900   -0.0020511400
  -0.0000407600   -0.0014738200   -0.0020163000
  -0.0053627600   -0.0599219000   -0.0627266300
   0.0053610900    0.0053727500    0.0081809300
   0.0053627600    0.0599219000    0.0627266300
  -0.0053610900   -0.0053727500   -0.0081809300
   0.0053643300    0.0053656600    0.0025543300
  -0.0053654400   -0.0331930000   -0.0303895500
  -0.0053643300   -0.0053656600   -0.0025543300
   0.0053654400    0.0331930000    0.0303895500
# File: 55   
# 9       0.0000000000000000   0.0212132034355964   0.0212132034355964
# 11      0.0212132034355964   0.0000000000000000   0.0212132034355964
   0.0009698100   -0.0012062800   -0.0001345500
   0.0007530200    0.0008882000    0.0039437800
  -0.0010797300    0.0003643300   -0.0001367200
   0.0004181300    0.0009329200    0.0038760200
   0.0029704900    0.0009057600    0.0013485900
  -0.0010516500    0.0030171600   -0.0001610500
   0.0010951000    0.0009675200    0.0012857400
   0.0008878200   -0.0009253500   -0.0001413400
   0.0094862700   -0.0586054500   -0.0491129000
   0.0041243900    0.0041334900    0.0108181300
  -0.0532368400    0.0013205500   -0.0544673600
  -0.0040432500    0.0094910000    0.0054449200
   0.0066815800   -0.0012372800    0.0054473800
   0.0291470800    0.0013183100    0.0386405800
   0.0041234100    0.0041269600    0.0000818100
  -0.0012456300    0.0345081500    0.0332669700
# File: 56   
# 9       0.0000000000000000   0.0212132034355964   0.0212132034355964
# 11     -0.0212132034355964   0.0000000000000000  -0.0212132034355964
  -0.0008936000   -0.0010822600   -0.0019957100
  -0.0009494400    0.0009671800    0.0005134200
   0.0010781000    0.0004850100    0.0020241300
  -0.0030220200    0.0008505600    0.0021647600
  -0.0003658500    0.0009829700   -0.0006211900
   0.0010520300    0.0028905400    0.0019434900
  -0.0008714100    0.0008890100   -0.0020382800
  -0.0009611500   -0.0010470300   -0.0019903200
  -0.0095137700   -0.0585925000   -0.0681019100
  -0.0041281500    0.0148619400    0.0081774800
   0.0639760500    0.0013147800    0.0627341500
  -0.0066805500   -0.0012360800   -0.0028109900
   0.0040426000    0.0094907200   -0.0028068700
  -0.0398647100    0.0013154100   -0.0303844600
  -0.0041299700   -0.0065996700   -0.0025545800
   0.0012318400    0.0345094000    0.0357468800
# File: 57   
# 9       0.0000000000000000   0.0212132034355964   0.0212132034355964
# 11      0.0212132034355964   0.0212132034355964   0.0000000000000000
   0.0009748600   -0.0007033800   -0.0010681100
   0.0008507500    0.0018562400    0.0010038400
  -0.0010681100   -0.0007033800    0.0009748600
   0.0004885200    0.0018377300    0.0029056400
   0.0029056400    0.0018377300    0.0004885200
  -0.0010617200    0.0019655700    0.0008613000
   0.0010038400    0.0018562400    0.0008507500
   0.0008613000    0.0019655700   -0.0010617200
   0.0041303900   -0.0573021100   -0.0532549500
  -0.0012388800    0.0082640100    0.0095000800
  -0.0532549500   -0.0573021100    0.0041303900
  -0.0040463500    0.0082579800    0.0066821200
   0.0066821200    0.0082579800   -0.0040463500
   0.0291413600    0.0358239600    0.0041311500
   0.0095000800    0.0082640100   -0.0012388800
   0.0041311500    0.0358239600    0.0291413600
# File: 58   
# 9       0.0000000000000000   0.0212132034355964   0.0212132034355964
# 11     -0.0212132034355964  -0.0212132034355964   0.0000000000000000
  -0.0008464200   -0.0040253600   -0.0010618000
  -0.0010073100   -0.0000000000    0.0010073100
   0.0010682300    0.0014858600    0.0009883300
  -0.0030888600   -0.0000000000    0.0030888600
  -0.0002973200   -0.0000000000    0.0002973200
   0.0010618000    0.0040253600    0.0008464200
  -0.0008456100   -0.0000000000    0.0008456100
  -0.0009883300   -0.0014858600   -0.0010682300
  -0.0041264600   -0.0599250500   -0.0639738400
   0.0012332900    0.0107361600    0.0095004900
   0.0639738400    0.0599250500    0.0041264600
  -0.0066812900   -0.0000009600   -0.0040450800
   0.0040450800    0.0000009600    0.0066812900
  -0.0398719200   -0.0331914200    0.0041282200
  -0.0095004900   -0.0107361600   -0.0012332900
  -0.0041282200    0.0331914200    0.0398719200
# File: 59   
# 9       0.0000000000000000   0.0212132034355964   0.0212132034355964
# 15      0.0212132034355964   0.0000000000000000   0.0212132034355964
   0.0030137300   -0.0010703500   -0.0001781500
  -0.0011323800    0.0008902300   -0.0001368400
   0.0009583300    0.0002510800    0.0012381000
   0.0009125900    0.0010202500    0.0039313900
   0.0009431200    0.0008215800    0.0013027000
   0.0008773200    0.0031411500    0.0039882500
  -0.0009981700    0.0009657300   -0.0001385500
   0.0003676000   -0.0010605800   -0.0001180600
   0.0013210400   -0.0639759100   -0.0544837800
   0.0345080900    0.0094980500    0.0440078400
   0.0094927200    0.0066822700    0.0054467800
  -0.0065998300    0.0041280900    0.0000830100
   0.0148634900    0.0041260300    0.0108182700
  -0.0012361600   -0.0040457900    0.0054476200
  -0.0586094800   -0.0012459800   -0.0598490100
   0.0013179900    0.0398741600    0.0386404400
# File: 60   
# 9       0.0000000000000000   0.0212132034355964   0.0212132034355964
# 15     -0.0212132034355964   0.0000000000000000  -0.0212132034355964
  -0.0003341500   -0.0010623600   -0.0020073500
   0.0009716000    0.0008916200    0.0019948800
  -0.0009045400    0.0005299400   -0.0019526600
  -0.0009143700    0.0009164300    0.0020523800
  -0.0009412500    0.0009039100   -0.0005336600
  -0.0009311200    0.0028551800    0.0004013900
   0.0011595800    0.0009631300    0.0019923200
  -0.0030469200   -0.0010680000   -0.0019596800
  -0.0013176100   -0.0532433800   -0.0627227900
  -0.0345128100    0.0095090500   -0.0250128500
   0.0012369800   -0.0040452300    0.0028092000
  -0.0041238800    0.0041277100    0.0025551600
  -0.0041366400    0.0041298800   -0.0081794300
  -0.0094906700    0.0066813800    0.0028078300
   0.0586034200   -0.0012278300    0.0573701200
  -0.0013176200    0.0291385800    0.0303851400
# File: 61   
# 9       0.0000000000000000   0.0212132034355964   0.0212132034355964
# 16      0.0212132034355964   0.0000000000000000   0.0212132034355964
  -0.0010280900   -0.0010994700   -0.0021277000
   0.0029297700    0.0007750800    0.0016673100
   0.0010818900    0.0004827500    0.0020306200
   0.0007977800    0.0010489200    0.0034218800
   0.0010489200    0.0007977800    0.0034218800
   0.0007750800    0.0029297700    0.0016673100
   0.0004827500    0.0010818900    0.0020306200
  -0.0010994700   -0.0010280900   -0.0021277000
   0.0344826800   -0.0586341400   -0.0241397900
   0.0013131600    0.0041419300    0.0136299900
   0.0041308800    0.0013154000    0.0028866600
  -0.0012348100    0.0094962700    0.0026310500
   0.0094962700   -0.0012348100    0.0026310500
   0.0041419300    0.0013131600    0.0136299900
   0.0013154000    0.0041308800    0.0028866600
  -0.0586341400    0.0344826800   -0.0241397900
# File: 62   
# 9       0.0000000000000000   0.0212132034355964   0.0212132034355964
# 16     -0.0212132034355964   0.0000000000000000  -0.0212132034355964
   0.0011002400   -0.0011002400    0.0000000000
  -0.0004673700    0.0010822700    0.0001327500
  -0.0010822700    0.0004673700   -0.0001327500
  -0.0007308600    0.0007308600    0.0000000000
  -0.0010971500    0.0010971500    0.0000000000
  -0.0007756000    0.0029139500    0.0001139700
  -0.0029139500    0.0007756000   -0.0001139700
   0.0010323000   -0.0010323000    0.0000000000
  -0.0345038500   -0.0586025600   -0.0931201300
  -0.0013228200    0.0148622800    0.0053705200
   0.0066006400    0.0013198400    0.0053680700
  -0.0094956600   -0.0012359200    0.0000014700
   0.0012359200    0.0094956600   -0.0000014700
  -0.0148622800    0.0013228200   -0.0053705200
  -0.0013198400   -0.0066006400   -0.0053680700
   0.0586025600    0.0345038500    0.0931201300
