# Phonopy generated file for v_sim 3.6
    5.886124223   -0.000023006    5.853574898
    0.136929955   -0.000009053    6.005423531
    5.466623827    5.853234650    5.776990989  C
    0.816216988    5.853222784    0.322065576  N
    5.525254244    5.853212760    4.679761441  H
    4.807131043    0.902436908    0.118634389  H
    4.807120262    4.950493802    0.118650424  H
    1.351715758    0.846199942    0.020031646  H
    1.351707931    5.006663208    0.020038902  H
    0.839376844    5.853243765    1.363312504  H
    2.818655880    2.926441939    2.922404705 Pb
    2.691261560    2.926431982    5.896369607 Br
    2.555149304    5.853228664    3.180751334 Br
    5.715402006    2.926452347    2.580097966 Br
#metaData: qpt=[0.000000;0.000000;0.000000;0.000000 \
#; -0.000517; -0.007960; -0.044991; 0.000000; 0.000000; 0.000000 \
#; -0.000517; -0.007960; -0.044991; 0.000000; 0.000000; 0.000000 \
#; -0.000517; -0.007960; -0.044991; 0.000000; 0.000000; 0.000000 \
#; -0.000517; -0.007960; -0.044991; 0.000000; 0.000000; 0.000000 \
#; -0.000517; -0.007960; -0.044991; 0.000000; 0.000000; 0.000000 \
#; -0.000517; -0.007960; -0.044991; 0.000000; 0.000000; 0.000000 \
#; -0.000517; -0.007960; -0.044991; 0.000000; 0.000000; 0.000000 \
#; -0.000517; -0.007960; -0.044991; 0.000000; 0.000000; 0.000000 \
#; -0.000517; -0.007960; -0.044991; 0.000000; 0.000000; 0.000000 \
#; -0.000517; -0.007960; -0.044991; 0.000000; 0.000000; 0.000000 \
#; -0.000517; -0.007960; -0.044991; 0.000000; 0.000000; 0.000000 \
#; -0.000517; -0.007960; -0.044991; 0.000000; 0.000000; 0.000000 \
# ]
#metaData: qpt=[0.000000;0.000000;0.000000;0.000000 \
#; 0.045689; 0.000000; -0.000526; 0.000000; 0.000000; 0.000000 \
#; 0.045689; 0.000000; -0.000526; 0.000000; 0.000000; 0.000000 \
#; 0.045689; 0.000000; -0.000526; 0.000000; 0.000000; 0.000000 \
#; 0.045689; 0.000000; -0.000526; 0.000000; 0.000000; 0.000000 \
#; 0.045689; 0.000000; -0.000526; 0.000000; 0.000000; 0.000000 \
#; 0.045689; 0.000000; -0.000526; 0.000000; 0.000000; 0.000000 \
#; 0.045689; 0.000000; -0.000526; 0.000000; 0.000000; 0.000000 \
#; 0.045689; 0.000000; -0.000526; 0.000000; 0.000000; 0.000000 \
#; 0.045689; 0.000000; -0.000526; 0.000000; 0.000000; 0.000000 \
#; 0.045689; 0.000000; -0.000526; 0.000000; 0.000000; 0.000000 \
#; 0.045689; 0.000000; -0.000526; 0.000000; 0.000000; 0.000000 \
#; 0.045689; 0.000000; -0.000526; 0.000000; 0.000000; 0.000000 \
# ]
#metaData: qpt=[0.000000;0.000000;0.000000;0.000001 \
#; -0.000092; 0.044994; -0.007959; 0.000000; 0.000000; 0.000000 \
#; -0.000092; 0.044994; -0.007959; 0.000000; 0.000000; 0.000000 \
#; -0.000092; 0.044994; -0.007959; 0.000000; 0.000000; 0.000000 \
#; -0.000092; 0.044994; -0.007959; 0.000000; 0.000000; 0.000000 \
#; -0.000092; 0.044994; -0.007959; 0.000000; 0.000000; 0.000000 \
#; -0.000092; 0.044994; -0.007959; 0.000000; 0.000000; 0.000000 \
#; -0.000092; 0.044994; -0.007959; 0.000000; 0.000000; 0.000000 \
#; -0.000092; 0.044994; -0.007959; 0.000000; 0.000000; 0.000000 \
#; -0.000092; 0.044994; -0.007959; 0.000000; 0.000000; 0.000000 \
#; -0.000092; 0.044994; -0.007959; 0.000000; 0.000000; 0.000000 \
#; -0.000092; 0.044994; -0.007959; 0.000000; 0.000000; 0.000000 \
#; -0.000092; 0.044994; -0.007959; 0.000000; 0.000000; 0.000000 \
# ]
#metaData: qpt=[0.000000;0.000000;0.000000;0.736893 \
#; 0.000004; 0.037966; -0.000004; 0.000000; 0.000000; 0.000000 \
#; 0.000001; 0.053772; 0.000001; 0.000000; 0.000000; 0.000000 \
#; 0.000008; 0.050669; -0.000004; 0.000000; 0.000000; 0.000000 \
#; -0.012298; 0.027492; 0.008783; 0.000000; 0.000000; 0.000000 \
#; 0.012303; 0.027491; -0.008797; 0.000000; 0.000000; 0.000000 \
#; -0.008345; 0.057795; -0.003735; 0.000000; 0.000000; 0.000000 \
#; 0.008349; 0.057795; 0.003740; 0.000000; 0.000000; 0.000000 \
#; -0.000002; 0.062877; 0.000001; 0.000000; 0.000000; 0.000000 \
#; 0.000000; 0.006943; 0.000000; 0.000000; 0.000000; 0.000000 \
#; 0.000002; 0.051272; 0.000000; 0.000000; 0.000000; 0.000000 \
#; -0.000004; 0.005867; 0.000002; 0.000000; 0.000000; 0.000000 \
#; 0.000001; -0.093861; -0.000002; 0.000000; 0.000000; 0.000000 \
# ]
#metaData: qpt=[0.000000;0.000000;0.000000;1.072853 \
#; 0.026341; 0.000062; 0.011605; 0.000000; 0.000000; 0.000000 \
#; 0.021596; 0.000011; 0.023461; 0.000000; 0.000000; 0.000000 \
#; 0.036559; 0.000110; 0.012134; 0.000000; 0.000000; 0.000000 \
#; 0.024189; 0.000440; 0.007627; 0.000000; 0.000000; 0.000000 \
#; 0.024150; -0.000326; 0.007547; 0.000000; 0.000000; 0.000000 \
#; 0.024054; -0.000486; 0.026971; 0.000000; 0.000000; 0.000000 \
#; 0.024019; 0.000505; 0.026922; 0.000000; 0.000000; 0.000000 \
#; 0.011282; -0.000019; 0.023652; 0.000000; 0.000000; 0.000000 \
#; -0.007055; -0.000009; 0.007460; 0.000000; 0.000000; 0.000000 \
#; 0.037776; 0.000007; 0.008355; 0.000000; 0.000000; 0.000000 \
#; -0.018143; -0.000008; 0.050784; 0.000000; 0.000000; 0.000000 \
#; -0.010902; 0.000011; -0.085665; 0.000000; 0.000000; 0.000000 \
# ]
#metaData: qpt=[0.000000;0.000000;0.000000;1.231113 \
#; -0.036204; -0.000065; -0.002884; 0.000000; 0.000000; 0.000000 \
#; -0.031011; -0.000021; -0.016738; 0.000000; 0.000000; 0.000000 \
#; -0.046459; -0.000111; -0.003515; 0.000000; 0.000000; 0.000000 \
#; -0.033017; -0.000041; 0.001892; 0.000000; 0.000000; 0.000000 \
#; -0.032986; -0.000078; 0.001967; 0.000000; 0.000000; 0.000000 \
#; -0.033719; -0.000713; -0.022303; 0.000000; 0.000000; 0.000000 \
#; -0.033692; 0.000671; -0.022254; 0.000000; 0.000000; 0.000000 \
#; -0.018793; 0.000010; -0.016052; 0.000000; 0.000000; 0.000000 \
#; 0.037434; 0.000013; 0.002951; 0.000000; 0.000000; 0.000000 \
#; -0.012771; -0.000017; -0.000716; 0.000000; 0.000000; 0.000000 \
#; -0.088638; 0.000011; -0.000880; 0.000000; 0.000000; 0.000000 \
#; 0.017724; -0.000011; -0.001930; 0.000000; 0.000000; 0.000000 \
# ]
#metaData: qpt=[0.000000;0.000000;0.000000;1.341134 \
#; -0.037854; 0.000118; 0.016896; 0.000000; 0.000000; 0.000000 \
#; -0.045788; 0.000081; 0.036836; 0.000000; 0.000000; 0.000000 \
#; -0.022214; 0.000179; 0.017795; 0.000000; 0.000000; 0.000000 \
#; -0.043121; 0.000000; 0.009238; 0.000000; 0.000000; 0.000000 \
#; -0.043134; 0.000204; 0.009136; 0.000000; 0.000000; 0.000000 \
#; -0.042695; 0.001592; 0.044553; 0.000000; 0.000000; 0.000000 \
#; -0.042700; -0.001399; 0.044464; 0.000000; 0.000000; 0.000000 \
#; -0.062052; 0.000023; 0.035852; 0.000000; 0.000000; 0.000000 \
#; 0.020595; -0.000049; 0.008731; 0.000000; 0.000000; 0.000000 \
#; -0.080508; 0.000078; 0.000047; 0.000000; 0.000000; 0.000000 \
#; 0.040961; -0.000038; 0.009569; 0.000000; 0.000000; 0.000000 \
#; 0.003088; 0.000048; -0.043283; 0.000000; 0.000000; 0.000000 \
# ]
#metaData: qpt=[0.000000;0.000000;0.000000;1.362288 \
#; -0.000079; -0.079518; 0.000277; 0.000000; 0.000000; 0.000000 \
#; -0.000018; -0.062921; 0.000129; 0.000000; 0.000000; 0.000000 \
#; -0.000202; -0.096901; 0.000270; 0.000000; 0.000000; 0.000000 \
#; -0.005933; -0.077245; -0.014509; 0.000000; 0.000000; 0.000000 \
#; 0.005855; -0.077247; 0.015180; 0.000000; 0.000000; 0.000000 \
#; -0.000701; -0.070378; -0.020997; 0.000000; 0.000000; 0.000000 \
#; 0.000597; -0.070378; 0.021135; 0.000000; 0.000000; 0.000000 \
#; 0.000090; -0.034909; 0.000126; 0.000000; 0.000000; 0.000000 \
#; 0.000012; 0.039672; -0.000052; 0.000000; 0.000000; 0.000000 \
#; -0.000101; -0.063556; -0.000049; 0.000000; 0.000000; 0.000000 \
#; 0.000077; 0.028164; 0.000135; 0.000000; 0.000000; 0.000000 \
#; 0.000010; -0.039113; -0.000031; 0.000000; 0.000000; 0.000000 \
# ]
#metaData: qpt=[0.000000;0.000000;0.000000;1.403981 \
#; -0.006271; 0.000082; 0.095481; 0.000000; 0.000000; 0.000000 \
#; 0.013401; 0.000118; 0.045673; 0.000000; 0.000000; 0.000000 \
#; -0.046582; 0.000036; 0.093314; 0.000000; 0.000000; 0.000000 \
#; 0.006822; 0.000452; 0.113867; 0.000000; 0.000000; 0.000000 \
#; 0.006844; -0.000271; 0.113942; 0.000000; 0.000000; 0.000000 \
#; 0.001732; -0.000144; 0.023878; 0.000000; 0.000000; 0.000000 \
#; 0.001772; 0.000408; 0.023871; 0.000000; 0.000000; 0.000000 \
#; 0.050865; 0.000110; 0.045746; 0.000000; 0.000000; 0.000000 \
#; 0.001271; -0.000074; -0.038234; 0.000000; 0.000000; 0.000000 \
#; -0.011455; 0.000126; -0.025757; 0.000000; 0.000000; 0.000000 \
#; -0.002188; -0.000048; 0.068631; 0.000000; 0.000000; 0.000000 \
#; 0.008671; 0.000072; 0.028682; 0.000000; 0.000000; 0.000000 \
# ]
#metaData: qpt=[0.000000;0.000000;0.000000;2.027849 \
#; -0.057343; -0.000700; 0.196933; 0.000000; 0.000000; 0.000000 \
#; 0.018573; 0.000019; 0.004049; 0.000000; 0.000000; 0.000000 \
#; -0.217550; -0.001254; 0.188111; 0.000000; 0.000000; 0.000000 \
#; -0.006775; -0.000835; 0.273184; 0.000000; 0.000000; 0.000000 \
#; -0.006150; -0.000563; 0.274113; 0.000000; 0.000000; 0.000000 \
#; -0.020937; -0.000344; -0.063715; 0.000000; 0.000000; 0.000000 \
#; -0.020379; 0.000534; -0.063211; 0.000000; 0.000000; 0.000000 \
#; 0.160933; 0.000327; 0.004815; 0.000000; 0.000000; 0.000000 \
#; -0.001931; -0.000042; 0.012980; 0.000000; 0.000000; 0.000000 \
#; 0.013934; 0.000176; -0.017816; 0.000000; 0.000000; 0.000000 \
#; 0.000341; 0.000024; -0.039946; 0.000000; 0.000000; 0.000000 \
#; -0.002505; 0.000038; -0.013944; 0.000000; 0.000000; 0.000000 \
# ]
#metaData: qpt=[0.000000;0.000000;0.000000;2.343827 \
#; -0.000061; 0.212188; 0.000701; 0.000000; 0.000000; 0.000000 \
#; 0.000170; 0.015638; 0.000081; 0.000000; 0.000000; 0.000000 \
#; -0.000575; 0.305834; 0.000674; 0.000000; 0.000000; 0.000000 \
#; 0.102050; 0.240248; 0.081579; 0.000000; 0.000000; 0.000000 \
#; -0.101854; 0.240253; -0.079695; 0.000000; 0.000000; 0.000000 \
#; 0.084634; -0.018258; 0.047452; 0.000000; 0.000000; 0.000000 \
#; -0.084551; -0.018266; -0.047733; 0.000000; 0.000000; 0.000000 \
#; 0.000631; -0.041449; 0.000089; 0.000000; 0.000000; 0.000000 \
#; -0.000010; 0.007786; 0.000059; 0.000000; 0.000000; 0.000000 \
#; 0.000012; -0.044996; -0.000150; 0.000000; 0.000000; 0.000000 \
#; -0.000035; -0.012228; -0.000136; 0.000000; 0.000000; 0.000000 \
#; 0.000023; -0.006538; -0.000017; 0.000000; 0.000000; 0.000000 \
# ]
#metaData: qpt=[0.000000;0.000000;0.000000;2.403608 \
#; -0.008936; 0.000155; 0.025314; 0.000000; 0.000000; 0.000000 \
#; -0.003651; 0.000014; 0.012054; 0.000000; 0.000000; 0.000000 \
#; -0.020566; 0.000215; 0.024684; 0.000000; 0.000000; 0.000000 \
#; -0.005274; 0.000115; 0.031126; 0.000000; 0.000000; 0.000000 \
#; -0.005424; 0.000243; 0.031023; 0.000000; 0.000000; 0.000000 \
#; -0.005215; 0.000019; 0.009627; 0.000000; 0.000000; 0.000000 \
#; -0.005339; -0.000043; 0.009566; 0.000000; 0.000000; 0.000000 \
#; 0.006078; -0.000022; 0.012132; 0.000000; 0.000000; 0.000000 \
#; 0.024156; 0.000006; -0.021909; 0.000000; 0.000000; 0.000000 \
#; 0.010919; -0.000033; 0.056113; 0.000000; 0.000000; 0.000000 \
#; 0.007274; -0.000010; -0.009984; 0.000000; 0.000000; 0.000000 \
#; -0.078399; -0.000005; 0.003275; 0.000000; 0.000000; 0.000000 \
# ]
#metaData: qpt=[0.000000;0.000000;0.000000;2.618623 \
#; -0.066084; 0.000134; 0.022006; 0.000000; 0.000000; 0.000000 \
#; -0.071717; 0.000026; 0.037580; 0.000000; 0.000000; 0.000000 \
#; -0.054631; 0.000220; 0.022677; 0.000000; 0.000000; 0.000000 \
#; -0.070113; 0.000190; 0.015834; 0.000000; 0.000000; 0.000000 \
#; -0.070203; 0.000074; 0.015689; 0.000000; 0.000000; 0.000000 \
#; -0.066563; -0.000425; 0.046790; 0.000000; 0.000000; 0.000000 \
#; -0.066640; 0.000469; 0.046696; 0.000000; 0.000000; 0.000000 \
#; -0.084187; -0.000032; 0.037299; 0.000000; 0.000000; 0.000000 \
#; -0.015555; 0.000009; -0.021059; 0.000000; 0.000000; 0.000000 \
#; 0.009656; -0.000028; 0.067624; 0.000000; 0.000000; 0.000000 \
#; -0.000108; -0.000024; -0.014090; 0.000000; 0.000000; 0.000000 \
#; 0.058493; -0.000002; -0.011154; 0.000000; 0.000000; 0.000000 \
# ]
#metaData: qpt=[0.000000;0.000000;0.000000;2.911315 \
#; -0.000033; -0.028651; -0.000017; 0.000000; 0.000000; 0.000000 \
#; -0.000037; 0.005308; -0.000001; 0.000000; 0.000000; 0.000000 \
#; -0.000018; 0.008697; -0.000017; 0.000000; 0.000000; 0.000000 \
#; -0.034485; -0.059796; 0.029021; 0.000000; 0.000000; 0.000000 \
#; 0.034412; -0.059799; -0.029071; 0.000000; 0.000000; 0.000000 \
#; -0.028603; 0.034459; 0.030152; 0.000000; 0.000000; 0.000000 \
#; 0.028536; 0.034461; -0.030143; 0.000000; 0.000000; 0.000000 \
#; -0.000050; -0.034714; -0.000001; 0.000000; 0.000000; 0.000000 \
#; 0.000004; 0.032351; 0.000006; 0.000000; 0.000000; 0.000000 \
#; 0.000014; 0.011475; -0.000024; 0.000000; 0.000000; 0.000000 \
#; 0.000005; -0.096341; 0.000008; 0.000000; 0.000000; 0.000000 \
#; -0.000016; 0.005319; 0.000004; 0.000000; 0.000000; 0.000000 \
# ]
#metaData: qpt=[0.000000;0.000000;0.000000;3.218914 \
#; 0.124813; -0.000088; 0.030548; 0.000000; 0.000000; 0.000000 \
#; 0.148633; -0.000047; -0.037357; 0.000000; 0.000000; 0.000000 \
#; 0.069480; -0.000182; 0.027388; 0.000000; 0.000000; 0.000000 \
#; 0.142622; -0.000348; 0.058174; 0.000000; 0.000000; 0.000000 \
#; 0.142621; 0.000232; 0.058328; 0.000000; 0.000000; 0.000000 \
#; 0.131343; 0.003327; -0.059974; 0.000000; 0.000000; 0.000000 \
#; 0.131353; -0.003457; -0.059883; 0.000000; 0.000000; 0.000000 \
#; 0.198660; 0.000009; -0.036066; 0.000000; 0.000000; 0.000000 \
#; -0.005686; 0.000010; -0.006636; 0.000000; 0.000000; 0.000000 \
#; -0.042608; 0.000027; 0.037871; 0.000000; 0.000000; 0.000000 \
#; -0.015873; -0.000029; -0.011064; 0.000000; 0.000000; 0.000000 \
#; 0.018116; 0.000003; -0.007491; 0.000000; 0.000000; 0.000000 \
# ]
#metaData: qpt=[0.000000;0.000000;0.000000;4.130285 \
#; -0.022837; 0.024942; -0.005563; 0.000000; 0.000000; 0.000000 \
#; -0.001821; -0.083535; -0.056413; 0.000000; 0.000000; 0.000000 \
#; -0.064754; -0.378941; -0.007785; 0.000000; 0.000000; 0.000000 \
#; 0.184953; 0.259389; -0.301988; 0.000000; 0.000000; 0.000000 \
#; -0.204184; 0.259512; 0.330989; 0.000000; 0.000000; 0.000000 \
#; 0.110787; -0.229860; -0.248183; 0.000000; 0.000000; 0.000000 \
#; -0.134377; -0.229274; 0.100213; 0.000000; 0.000000; 0.000000 \
#; 0.032784; 0.135567; -0.056790; 0.000000; 0.000000; 0.000000 \
#; -0.000098; 0.002892; 0.000054; 0.000000; 0.000000; 0.000000 \
#; -0.000379; 0.018265; 0.004238; 0.000000; 0.000000; 0.000000 \
#; 0.004558; -0.010952; 0.009179; 0.000000; 0.000000; 0.000000 \
#; 0.000770; -0.001601; -0.000516; 0.000000; 0.000000; 0.000000 \
# ]
#metaData: qpt=[0.000000;0.000000;0.000000;4.132435 \
#; -0.076496; -0.007325; -0.018399; 0.000000; 0.000000; 0.000000 \
#; -0.005932; 0.025393; -0.189152; 0.000000; 0.000000; 0.000000 \
#; -0.217204; 0.112484; -0.025865; 0.000000; 0.000000; 0.000000 \
#; -0.090160; -0.077260; 0.142787; 0.000000; 0.000000; 0.000000 \
#; 0.025986; -0.076912; -0.044935; 0.000000; 0.000000; 0.000000 \
#; -0.076092; 0.067974; -0.196417; 0.000000; 0.000000; 0.000000 \
#; -0.002781; 0.069907; -0.299885; 0.000000; 0.000000; 0.000000 \
#; 0.110278; -0.039666; -0.190402; 0.000000; 0.000000; 0.000000 \
#; -0.000330; -0.000863; 0.000182; 0.000000; 0.000000; 0.000000 \
#; -0.001288; -0.005557; 0.014199; 0.000000; 0.000000; 0.000000 \
#; 0.015254; 0.003249; 0.030732; 0.000000; 0.000000; 0.000000 \
#; 0.002582; 0.000482; -0.001726; 0.000000; 0.000000; 0.000000 \
# ]
#metaData: qpt=[0.000000;0.000000;0.000000;4.526648 \
#; -0.000226; 0.008479; 0.000039; 0.000000; 0.000000; 0.000000 \
#; -0.000029; -0.184581; -0.000465; 0.000000; 0.000000; 0.000000 \
#; -0.000636; 0.301788; 0.000017; 0.000000; 0.000000; 0.000000 \
#; 0.036296; -0.062933; 0.240800; 0.000000; 0.000000; 0.000000 \
#; -0.036493; -0.062937; -0.240349; 0.000000; 0.000000; 0.000000 \
#; 0.055826; -0.187914; 0.102883; 0.000000; 0.000000; 0.000000 \
#; -0.056077; -0.187918; -0.104158; 0.000000; 0.000000; 0.000000 \
#; 0.000314; -0.318970; -0.000463; 0.000000; 0.000000; 0.000000 \
#; 0.000000; -0.000031; 0.000001; 0.000000; 0.000000; 0.000000 \
#; 0.000006; 0.035169; 0.000025; 0.000000; 0.000000; 0.000000 \
#; 0.000035; 0.004856; 0.000064; 0.000000; 0.000000; 0.000000 \
#; 0.000006; -0.002318; -0.000002; 0.000000; 0.000000; 0.000000 \
# ]
#metaData: qpt=[0.000000;0.000000;0.000000;9.918319 \
#; -0.000000; 0.003563; -0.000001; 0.000000; 0.000000; 0.000000 \
#; 0.000004; -0.013748; -0.000003; 0.000000; 0.000000; 0.000000 \
#; -0.000013; -0.262167; -0.000000; 0.000000; 0.000000; 0.000000 \
#; 0.094196; 0.139451; -0.211670; 0.000000; 0.000000; 0.000000 \
#; -0.094193; 0.139461; 0.211692; 0.000000; 0.000000; 0.000000 \
#; -0.147128; 0.232824; 0.409943; 0.000000; 0.000000; 0.000000 \
#; 0.147136; 0.232815; -0.409921; 0.000000; 0.000000; 0.000000 \
#; -0.000007; -0.533563; 0.000001; 0.000000; 0.000000; 0.000000 \
#; -0.000000; 0.000203; -0.000000; 0.000000; 0.000000; 0.000000 \
#; -0.000000; 0.001065; 0.000000; 0.000000; 0.000000; 0.000000 \
#; -0.000000; 0.003775; 0.000000; 0.000000; 0.000000; 0.000000 \
#; -0.000000; -0.002847; -0.000000; 0.000000; 0.000000; 0.000000 \
# ]
#metaData: qpt=[0.000000;0.000000;0.000000;26.382779 \
#; 0.021107; 0.000007; -0.034828; 0.000000; 0.000000; 0.000000 \
#; 0.015853; 0.000007; -0.042074; 0.000000; 0.000000; 0.000000 \
#; -0.455112; -0.000018; -0.050591; 0.000000; 0.000000; 0.000000 \
#; 0.142562; -0.038854; 0.262014; 0.000000; 0.000000; 0.000000 \
#; 0.142707; 0.038792; 0.262036; 0.000000; 0.000000; 0.000000 \
#; 0.144462; 0.043904; 0.295710; 0.000000; 0.000000; 0.000000 \
#; 0.144309; -0.043978; 0.295683; 0.000000; 0.000000; 0.000000 \
#; -0.575529; -0.000029; -0.042953; 0.000000; 0.000000; 0.000000 \
#; 0.000087; 0.000000; -0.000064; 0.000000; 0.000000; 0.000000 \
#; -0.000032; -0.000000; -0.000607; 0.000000; 0.000000; 0.000000 \
#; -0.000404; 0.000000; 0.000160; 0.000000; 0.000000; 0.000000 \
#; 0.000020; -0.000000; 0.000331; 0.000000; 0.000000; 0.000000 \
# ]
#metaData: qpt=[0.000000;0.000000;0.000000;27.504247 \
#; -0.000019; 0.051093; -0.000000; 0.000000; 0.000000; 0.000000 \
#; 0.000009; 0.038226; 0.000012; 0.000000; 0.000000; 0.000000 \
#; 0.000071; -0.213245; 0.000004; 0.000000; 0.000000; 0.000000 \
#; -0.401053; -0.148478; -0.108886; 0.000000; 0.000000; 0.000000 \
#; 0.400992; -0.148501; 0.108787; 0.000000; 0.000000; 0.000000 \
#; 0.417293; -0.184947; 0.118106; 0.000000; 0.000000; 0.000000 \
#; -0.417310; -0.184926; -0.118190; 0.000000; 0.000000; 0.000000 \
#; 0.000110; -0.247358; 0.000012; 0.000000; 0.000000; 0.000000 \
#; -0.000000; -0.000012; 0.000000; 0.000000; 0.000000; 0.000000 \
#; -0.000000; 0.000136; 0.000000; 0.000000; 0.000000; 0.000000 \
#; 0.000000; 0.000204; -0.000000; 0.000000; 0.000000; 0.000000 \
#; 0.000000; -0.000469; -0.000000; 0.000000; 0.000000; 0.000000 \
# ]
#metaData: qpt=[0.000000;0.000000;0.000000;30.416613 \
#; -0.177460; 0.000007; -0.075409; 0.000000; 0.000000; 0.000000 \
#; 0.156393; -0.000011; 0.063283; 0.000000; 0.000000; 0.000000 \
#; -0.167321; 0.000029; -0.076401; 0.000000; 0.000000; 0.000000 \
#; -0.138851; 0.011250; -0.038944; 0.000000; 0.000000; 0.000000 \
#; -0.138880; -0.011228; -0.038970; 0.000000; 0.000000; 0.000000 \
#; 0.147222; 0.007010; 0.067204; 0.000000; 0.000000; 0.000000 \
#; 0.147319; -0.006986; 0.067234; 0.000000; 0.000000; 0.000000 \
#; 0.144704; 0.000023; 0.066316; 0.000000; 0.000000; 0.000000 \
#; -0.000005; -0.000000; -0.000007; 0.000000; 0.000000; 0.000000 \
#; -0.000411; -0.000000; -0.000020; 0.000000; 0.000000; 0.000000 \
#; -0.000304; -0.000000; -0.000203; 0.000000; 0.000000; 0.000000 \
#; 0.000061; -0.000000; -0.000101; 0.000000; 0.000000; 0.000000 \
# ]
#metaData: qpt=[0.000000;0.000000;0.000000;36.481753 \
#; 0.049402; -0.000003; -0.114836; 0.000000; 0.000000; 0.000000 \
#; -0.047275; 0.000002; 0.086324; 0.000000; 0.000000; 0.000000 \
#; -0.398063; 0.000024; -0.135275; 0.000000; 0.000000; 0.000000 \
#; 0.117331; -0.115053; 0.289994; 0.000000; 0.000000; 0.000000 \
#; 0.117328; 0.115051; 0.289987; 0.000000; 0.000000; 0.000000 \
#; -0.090843; -0.080167; -0.197579; 0.000000; 0.000000; 0.000000 \
#; -0.090860; 0.080166; -0.197590; 0.000000; 0.000000; 0.000000 \
#; 0.395133; -0.000013; 0.093601; 0.000000; 0.000000; 0.000000 \
#; -0.000013; -0.000000; -0.000005; 0.000000; 0.000000; 0.000000 \
#; 0.000024; 0.000000; 0.000247; 0.000000; 0.000000; 0.000000 \
#; 0.000186; 0.000000; 0.000146; 0.000000; 0.000000; 0.000000 \
#; 0.000055; -0.000000; -0.000055; 0.000000; 0.000000; 0.000000 \
# ]
#metaData: qpt=[0.000000;0.000000;0.000000;37.110464 \
#; -0.000008; -0.119896; 0.000001; 0.000000; 0.000000; 0.000000 \
#; 0.000009; 0.099942; -0.000000; 0.000000; 0.000000; 0.000000 \
#; -0.000006; 0.285995; -0.000001; 0.000000; 0.000000; 0.000000 \
#; 0.360584; 0.086019; 0.013544; 0.000000; 0.000000; 0.000000 \
#; -0.360630; 0.086030; -0.013571; 0.000000; 0.000000; 0.000000 \
#; 0.352029; -0.098528; 0.048110; 0.000000; 0.000000; 0.000000 \
#; -0.352013; -0.098540; -0.048094; 0.000000; 0.000000; 0.000000 \
#; 0.000004; -0.230442; 0.000004; 0.000000; 0.000000; 0.000000 \
#; 0.000000; 0.000010; 0.000000; 0.000000; 0.000000; 0.000000 \
#; 0.000000; 0.000101; -0.000000; 0.000000; 0.000000; 0.000000 \
#; 0.000000; 0.000074; 0.000000; 0.000000; 0.000000; 0.000000 \
#; 0.000000; -0.000085; 0.000000; 0.000000; 0.000000; 0.000000 \
# ]
#metaData: qpt=[0.000000;0.000000;0.000000;41.349830 \
#; -0.099567; -0.000004; -0.044275; 0.000000; 0.000000; 0.000000 \
#; -0.008174; -0.000000; -0.006400; 0.000000; 0.000000; 0.000000 \
#; 0.589528; 0.000042; -0.001858; 0.000000; 0.000000; 0.000000 \
#; 0.363295; 0.125205; 0.320219; 0.000000; 0.000000; 0.000000 \
#; 0.363289; -0.125185; 0.320258; 0.000000; 0.000000; 0.000000 \
#; -0.000600; -0.012651; -0.003857; 0.000000; 0.000000; 0.000000 \
#; -0.000603; 0.012648; -0.003849; 0.000000; 0.000000; 0.000000 \
#; -0.024542; -0.000009; -0.014799; 0.000000; 0.000000; 0.000000 \
#; 0.000014; -0.000000; -0.000026; 0.000000; 0.000000; 0.000000 \
#; -0.000033; -0.000000; 0.000007; 0.000000; 0.000000; 0.000000 \
#; 0.000068; 0.000000; -0.000049; 0.000000; 0.000000; 0.000000 \
#; 0.000051; -0.000000; 0.000116; 0.000000; 0.000000; 0.000000 \
# ]
#metaData: qpt=[0.000000;0.000000;0.000000;42.542435 \
#; 0.000013; -0.036734; -0.000004; 0.000000; 0.000000; 0.000000 \
#; 0.000008; -0.029095; -0.000004; 0.000000; 0.000000; 0.000000 \
#; 0.000076; 0.663673; -0.000002; 0.000000; 0.000000; 0.000000 \
#; -0.195818; 0.047306; -0.464295; 0.000000; 0.000000; 0.000000 \
#; 0.195571; 0.047515; 0.464415; 0.000000; 0.000000; 0.000000 \
#; -0.058183; 0.008380; 0.013136; 0.000000; 0.000000; 0.000000 \
#; 0.058125; 0.008334; -0.013145; 0.000000; 0.000000; 0.000000 \
#; -0.000040; 0.065021; -0.000008; 0.000000; 0.000000; 0.000000 \
#; 0.000000; -0.000013; -0.000000; 0.000000; 0.000000; 0.000000 \
#; 0.000000; 0.000051; 0.000000; 0.000000; 0.000000; 0.000000 \
#; -0.000000; -0.000075; -0.000000; 0.000000; 0.000000; 0.000000 \
#; 0.000000; 0.000081; 0.000000; 0.000000; 0.000000; 0.000000 \
# ]
#metaData: qpt=[0.000000;0.000000;0.000000;42.802296 \
#; 0.026923; 0.000011; -0.029979; 0.000000; 0.000000; 0.000000 \
#; 0.023750; 0.000007; -0.019448; 0.000000; 0.000000; 0.000000 \
#; 0.356707; -0.000173; 0.004049; 0.000000; 0.000000; 0.000000 \
#; -0.410586; -0.374768; 0.309672; 0.000000; 0.000000; 0.000000 \
#; -0.410665; 0.374735; 0.309413; 0.000000; 0.000000; 0.000000 \
#; -0.052277; 0.065056; 0.019025; 0.000000; 0.000000; 0.000000 \
#; -0.052303; -0.065062; 0.019029; 0.000000; 0.000000; 0.000000 \
#; -0.086246; -0.000013; -0.024302; 0.000000; 0.000000; 0.000000 \
#; -0.000012; -0.000000; -0.000033; 0.000000; 0.000000; 0.000000 \
#; 0.000111; -0.000000; -0.000065; 0.000000; 0.000000; 0.000000 \
#; -0.000030; 0.000000; 0.000026; 0.000000; 0.000000; 0.000000 \
#; 0.000006; -0.000000; 0.000006; 0.000000; 0.000000; 0.000000 \
# ]
#metaData: qpt=[0.000000;0.000000;0.000000;44.183209 \
#; -0.000024; -0.000001; -0.001151; 0.000000; 0.000000; 0.000000 \
#; -0.084893; -0.000002; -0.054884; 0.000000; 0.000000; 0.000000 \
#; 0.043816; 0.000024; 0.001857; 0.000000; 0.000000; 0.000000 \
#; -0.046521; -0.034926; 0.023573; 0.000000; 0.000000; 0.000000 \
#; -0.046509; 0.034929; 0.023597; 0.000000; 0.000000; 0.000000 \
#; 0.352428; -0.102396; 0.373543; 0.000000; 0.000000; 0.000000 \
#; 0.352436; 0.102404; 0.373547; 0.000000; 0.000000; 0.000000 \
#; 0.539500; 0.000006; -0.027176; 0.000000; 0.000000; 0.000000 \
#; -0.000022; -0.000000; -0.000020; 0.000000; 0.000000; 0.000000 \
#; -0.000261; -0.000000; -0.000330; 0.000000; 0.000000; 0.000000 \
#; 0.000095; 0.000000; 0.000517; 0.000000; 0.000000; 0.000000 \
#; 0.000031; -0.000000; -0.000043; 0.000000; 0.000000; 0.000000 \
# ]
#metaData: qpt=[0.000000;0.000000;0.000000;46.386262 \
#; 0.003271; 0.000002; -0.013298; 0.000000; 0.000000; 0.000000 \
#; 0.027885; 0.000002; -0.031438; 0.000000; 0.000000; 0.000000 \
#; -0.059493; -0.000005; -0.022309; 0.000000; 0.000000; 0.000000 \
#; 0.067545; 0.031047; -0.008371; 0.000000; 0.000000; 0.000000 \
#; 0.067552; -0.031050; -0.008368; 0.000000; 0.000000; 0.000000 \
#; -0.416521; 0.398434; 0.313308; 0.000000; 0.000000; 0.000000 \
#; -0.416509; -0.398444; 0.313361; 0.000000; 0.000000; 0.000000 \
#; 0.298671; -0.000025; -0.006815; 0.000000; 0.000000; 0.000000 \
#; -0.000002; 0.000000; -0.000003; 0.000000; 0.000000; 0.000000 \
#; 0.000458; -0.000000; -0.000249; 0.000000; 0.000000; 0.000000 \
#; 0.000022; -0.000000; 0.000374; 0.000000; 0.000000; 0.000000 \
#; -0.000068; -0.000000; 0.000065; 0.000000; 0.000000; 0.000000 \
# ]
#metaData: qpt=[0.000000;0.000000;0.000000;46.992855 \
#; -0.000003; -0.016304; -0.000001; 0.000000; 0.000000; 0.000000 \
#; 0.000002; -0.041500; -0.000001; 0.000000; 0.000000; 0.000000 \
#; 0.000001; -0.019863; 0.000001; 0.000000; 0.000000; 0.000000 \
#; 0.049690; -0.004450; 0.029355; 0.000000; 0.000000; 0.000000 \
#; -0.049675; -0.004455; -0.029352; 0.000000; 0.000000; 0.000000 \
#; 0.177101; 0.048890; 0.465750; 0.000000; 0.000000; 0.000000 \
#; -0.177135; 0.048848; -0.465727; 0.000000; 0.000000; 0.000000 \
#; 0.000018; 0.675703; -0.000003; 0.000000; 0.000000; 0.000000 \
#; 0.000000; -0.000031; 0.000000; 0.000000; 0.000000; 0.000000 \
#; 0.000000; 0.000230; -0.000000; 0.000000; 0.000000; 0.000000 \
#; 0.000000; -0.000112; 0.000000; 0.000000; 0.000000; 0.000000 \
#; 0.000000; 0.000294; 0.000000; 0.000000; 0.000000; 0.000000 \
# ]
#metaData: qpt=[0.000000;0.000000;0.000000;89.162412 \
#; 0.044489; -0.000050; 0.012724; 0.000000; 0.000000; 0.000000 \
#; -0.003310; 0.000006; -0.000289; 0.000000; 0.000000; 0.000000 \
#; 0.031595; -0.000010; -0.523007; 0.000000; 0.000000; 0.000000 \
#; -0.275905; 0.482940; 0.187582; 0.000000; 0.000000; 0.000000 \
#; -0.275554; -0.482329; 0.187340; 0.000000; 0.000000; 0.000000 \
#; 0.017939; 0.032227; -0.012688; 0.000000; 0.000000; 0.000000 \
#; 0.017981; -0.032313; -0.012729; 0.000000; 0.000000; 0.000000 \
#; -0.001837; 0.000003; 0.025610; 0.000000; 0.000000; 0.000000 \
#; -0.000002; -0.000000; -0.000003; 0.000000; 0.000000; 0.000000 \
#; 0.000005; -0.000000; -0.000010; 0.000000; 0.000000; 0.000000 \
#; 0.000013; 0.000000; 0.000009; 0.000000; 0.000000; 0.000000 \
#; 0.000006; -0.000000; 0.000012; 0.000000; 0.000000; 0.000000 \
# ]
#metaData: qpt=[0.000000;0.000000;0.000000;92.037579 \
#; -0.000095; 0.087755; 0.000341; 0.000000; 0.000000; 0.000000 \
#; 0.000054; -0.020957; -0.000039; 0.000000; 0.000000; 0.000000 \
#; 0.000197; 0.016581; -0.003469; 0.000000; 0.000000; 0.000000 \
#; 0.306386; -0.528077; -0.213273; 0.000000; 0.000000; 0.000000 \
#; -0.305461; -0.526317; 0.212714; 0.000000; 0.000000; 0.000000 \
#; 0.081442; 0.140101; -0.059568; 0.000000; 0.000000; 0.000000 \
#; -0.082153; 0.141335; 0.060027; 0.000000; 0.000000; 0.000000 \
#; -0.000028; -0.006404; 0.000052; 0.000000; 0.000000; 0.000000 \
#; 0.000000; -0.000000; -0.000000; 0.000000; 0.000000; 0.000000 \
#; -0.000000; 0.000108; -0.000000; 0.000000; 0.000000; 0.000000 \
#; 0.000000; -0.000003; 0.000000; 0.000000; 0.000000; 0.000000 \
#; -0.000000; 0.000001; 0.000000; 0.000000; 0.000000; 0.000000 \
# ]
#metaData: qpt=[0.000000;0.000000;0.000000;92.281440 \
#; 0.030861; 0.000352; -0.084047; 0.000000; 0.000000; 0.000000 \
#; -0.005389; -0.000084; 0.006314; 0.000000; 0.000000; 0.000000 \
#; -0.045303; 0.000071; 0.797860; 0.000000; 0.000000; 0.000000 \
#; -0.158892; 0.292525; 0.099110; 0.000000; 0.000000; 0.000000 \
#; -0.161356; -0.296768; 0.100831; 0.000000; 0.000000; 0.000000 \
#; 0.032529; 0.061685; -0.022870; 0.000000; 0.000000; 0.000000 \
#; 0.031870; -0.060552; -0.022387; 0.000000; 0.000000; 0.000000 \
#; 0.008300; -0.000026; -0.038156; 0.000000; 0.000000; 0.000000 \
#; -0.000001; 0.000000; 0.000003; 0.000000; 0.000000; 0.000000 \
#; 0.000014; 0.000000; -0.000000; 0.000000; 0.000000; 0.000000 \
#; -0.000016; -0.000000; -0.000015; 0.000000; 0.000000; 0.000000 \
#; 0.000004; 0.000000; -0.000000; 0.000000; 0.000000; 0.000000 \
# ]
#metaData: qpt=[0.000000;0.000000;0.000000;92.841658 \
#; -0.007002; 0.000269; 0.006922; 0.000000; 0.000000; 0.000000 \
#; -0.048136; 0.000699; 0.019359; 0.000000; 0.000000; 0.000000 \
#; 0.006014; 0.000037; -0.049119; 0.000000; 0.000000; 0.000000 \
#; 0.040170; -0.057162; -0.019186; 0.000000; 0.000000; 0.000000 \
#; 0.038112; 0.053804; -0.017879; 0.000000; 0.000000; 0.000000 \
#; 0.332114; 0.546324; -0.206418; 0.000000; 0.000000; 0.000000 \
#; 0.338111; -0.555831; -0.210224; 0.000000; 0.000000; 0.000000 \
#; -0.009481; 0.000188; 0.149187; 0.000000; 0.000000; 0.000000 \
#; -0.000005; 0.000000; 0.000009; 0.000000; 0.000000; 0.000000 \
#; 0.000118; -0.000004; 0.000038; 0.000000; 0.000000; 0.000000 \
#; -0.000023; 0.000000; -0.000022; 0.000000; 0.000000; 0.000000 \
#; 0.000011; 0.000000; -0.000013; 0.000000; 0.000000; 0.000000 \
# ]
#metaData: qpt=[0.000000;0.000000;0.000000;93.037204 \
#; 0.000068; 0.022341; -0.000064; 0.000000; 0.000000; 0.000000 \
#; 0.000447; 0.076441; -0.000176; 0.000000; 0.000000; 0.000000 \
#; -0.000052; 0.003293; 0.000418; 0.000000; 0.000000; 0.000000 \
#; 0.087108; -0.139549; -0.053424; 0.000000; 0.000000; 0.000000 \
#; -0.087872; -0.140651; 0.053796; 0.000000; 0.000000; 0.000000 \
#; -0.330777; -0.525703; 0.211013; 0.000000; 0.000000; 0.000000 \
#; 0.324538; -0.515440; -0.207128; 0.000000; 0.000000; 0.000000 \
#; 0.000092; 0.020579; -0.001446; 0.000000; 0.000000; 0.000000 \
#; 0.000000; -0.000002; -0.000000; 0.000000; 0.000000; 0.000000 \
#; -0.000001; -0.000392; -0.000000; 0.000000; 0.000000; 0.000000 \
#; 0.000000; 0.000003; 0.000000; 0.000000; 0.000000; 0.000000 \
#; -0.000000; 0.000004; 0.000000; 0.000000; 0.000000; 0.000000 \
# ]
#metaData: qpt=[0.000000;0.000000;0.000000;95.961107 \
#; -0.000279; -0.000002; 0.004204; 0.000000; 0.000000; 0.000000 \
#; -0.007276; -0.000004; 0.071001; 0.000000; 0.000000; 0.000000 \
#; -0.005973; 0.000002; -0.055707; 0.000000; 0.000000; 0.000000 \
#; 0.004843; -0.007833; -0.003677; 0.000000; 0.000000; 0.000000 \
#; 0.004857; 0.007861; -0.003692; 0.000000; 0.000000; 0.000000 \
#; 0.041371; 0.074305; -0.009523; 0.000000; 0.000000; 0.000000 \
#; 0.041332; -0.074245; -0.009501; 0.000000; 0.000000; 0.000000 \
#; 0.024885; -0.000008; -0.950016; 0.000000; 0.000000; 0.000000 \
#; 0.000000; -0.000000; -0.000002; 0.000000; 0.000000; 0.000000 \
#; 0.000049; 0.000000; -0.000007; 0.000000; 0.000000; 0.000000 \
#; -0.000141; 0.000000; -0.000056; 0.000000; 0.000000; 0.000000 \
#; 0.000004; -0.000000; 0.000009; 0.000000; 0.000000; 0.000000 \
# ]
