# Sigma = 0.500000
      -15.0000000000        0.0000000000
      -14.9000000000        0.0000000000
      -14.8000000000        0.0000000000
      -14.7000000000        0.0000000000
      -14.6000000000        0.0000000000
      -14.5000000000        0.0000000000
      -14.4000000000        0.0000000000
      -14.3000000000        0.0000000000
      -14.2000000000        0.0000000000
      -14.1000000000        0.0000000000
      -14.0000000000        0.0000000000
      -13.9000000000        0.0000000000
      -13.8000000000        0.0000000000
      -13.7000000000        0.0000000000
      -13.6000000000        0.0000000000
      -13.5000000000        0.0000000000
      -13.4000000000        0.0000000000
      -13.3000000000        0.0000000000
      -13.2000000000        0.0000000000
      -13.1000000000        0.0000000000
      -13.0000000000        0.0000000000
      -12.9000000000        0.0000000000
      -12.8000000000        0.0000000000
      -12.7000000000        0.0000000000
      -12.6000000000        0.0000000000
      -12.5000000000        0.0000000000
      -12.4000000000        0.0000000000
      -12.3000000000        0.0000000000
      -12.2000000000        0.0000000000
      -12.1000000000        0.0000000000
      -12.0000000000        0.0000000000
      -11.9000000000        0.0000000000
      -11.8000000000        0.0000000000
      -11.7000000000        0.0000000000
      -11.6000000000        0.0000000000
      -11.5000000000        0.0000000000
      -11.4000000000        0.0000000000
      -11.3000000000        0.0000000000
      -11.2000000000        0.0000000000
      -11.1000000000        0.0000000000
      -11.0000000000        0.0000000000
      -10.9000000000        0.0000000000
      -10.8000000000        0.0000000000
      -10.7000000000        0.0000000000
      -10.6000000000        0.0000000000
      -10.5000000000        0.0000000000
      -10.4000000000        0.0000000000
      -10.3000000000        0.0000000000
      -10.2000000000        0.0000000000
      -10.1000000000        0.0000000000
      -10.0000000000        0.0000000000
       -9.9000000000        0.0000000000
       -9.8000000000        0.0000000000
       -9.7000000000        0.0000000000
       -9.6000000000        0.0000000000
       -9.5000000000        0.0000000000
       -9.4000000000        0.0000000000
       -9.3000000000        0.0000000000
       -9.2000000000        0.0000000000
       -9.1000000000        0.0000000000
       -9.0000000000        0.0000000000
       -8.9000000000        0.0000000000
       -8.8000000000        0.0000000000
       -8.7000000000        0.0000000000
       -8.6000000000        0.0000000000
       -8.5000000000        0.0000000000
       -8.4000000000        0.0000000000
       -8.3000000000        0.0000000000
       -8.2000000000        0.0000000000
       -8.1000000000        0.0000000000
       -8.0000000000        0.0000000000
       -7.9000000000        0.0000000000
       -7.8000000000        0.0000000000
       -7.7000000000        0.0000000000
       -7.6000000000        0.0000000000
       -7.5000000000        0.0000000000
       -7.4000000000        0.0000000000
       -7.3000000000        0.0000000000
       -7.2000000000        0.0000000000
       -7.1000000000        0.0000000000
       -7.0000000000        0.0000000000
       -6.9000000000        0.0000000000
       -6.8000000000        0.0000000000
       -6.7000000000        0.0000000000
       -6.6000000000        0.0000000000
       -6.5000000000        0.0000000000
       -6.4000000000        0.0000000000
       -6.3000000000        0.0000000000
       -6.2000000000        0.0000000000
       -6.1000000000        0.0000000000
       -6.0000000000        0.0000000000
       -5.9000000000        0.0000000000
       -5.8000000000        0.0000000000
       -5.7000000000        0.0000000000
       -5.6000000000        0.0000000000
       -5.5000000000        0.0000000000
       -5.4000000000        0.0000000000
       -5.3000000000        0.0000000000
       -5.2000000000        0.0000000000
       -5.1000000000        0.0000000000
       -5.0000000000        0.0000000000
       -4.9000000000        0.0000000000
       -4.8000000000        0.0000000000
       -4.7000000000        0.0000000000
       -4.6000000000        0.0000000000
       -4.5000000000        0.0000000000
       -4.4000000000        0.0000000000
       -4.3000000000        0.0000000000
       -4.2000000000        0.0000000000
       -4.1000000000        0.0000000000
       -4.0000000000        0.0000000000
       -3.9000000000        0.0000000000
       -3.8000000000        0.0000000000
       -3.7000000000        0.0000000000
       -3.6000000000        0.0000000001
       -3.5000000000        0.0000000003
       -3.4000000000        0.0000000009
       -3.3000000000        0.0000000030
       -3.2000000000        0.0000000094
       -3.1000000000        0.0000000283
       -3.0000000000        0.0000000818
       -2.9000000000        0.0000002277
       -2.8000000000        0.0000006093
       -2.7000000000        0.0000015689
       -2.6000000000        0.0000038867
       -2.5000000000        0.0000092652
       -2.4000000000        0.0000212554
       -2.3000000000        0.0000469350
       -2.2000000000        0.0000997744
       -2.1000000000        0.0002042412
       -2.0000000000        0.0004027205
       -1.9000000000        0.0007651954
       -1.8000000000        0.0014017482
       -1.7000000000        0.0024773177
       -1.6000000000        0.0042274233
       -1.5000000000        0.0069731136
       -1.4000000000        0.0111337808
       -1.3000000000        0.0172382512
       -1.2000000000        0.0259379344
       -1.1000000000        0.0380301592
       -1.0000000000        0.0545034188
       -0.9000000000        0.0766163539
       -0.8000000000        0.1060160739
       -0.7000000000        0.1448873196
       -0.6000000000        0.1961034800
       -0.5000000000        0.2633289406
       -0.4000000000        0.3510082462
       -0.3000000000        0.4641801978
       -0.2000000000        0.6080798597
       -0.1000000000        0.7875367594
       -0.0000000000        1.0062328291
        0.1000000000        1.2659319895
        0.2000000000        1.5658176050
        0.3000000000        1.9020644095
        0.4000000000        2.2677303412
        0.5000000000        2.6529956825
        0.6000000000        3.0457223248
        0.7000000000        3.4322710542
        0.8000000000        3.7985031155
        0.9000000000        4.1308934243
        1.0000000000        4.4176788769
        1.1000000000        4.6499435081
        1.2000000000        4.8225059082
        1.3000000000        4.9344446215
        1.4000000000        4.9891045170
        1.5000000000        4.9934938277
        1.6000000000        4.9571063558
        1.7000000000        4.8903553077
        1.8000000000        4.8029326000
        1.9000000000        4.7024582002
        2.0000000000        4.5937286611
        2.1000000000        4.4787204566
        2.2000000000        4.3572971234
        2.3000000000        4.2283761997
        2.4000000000        4.0911963568
        2.5000000000        3.9463243194
        2.6000000000        3.7961522870
        2.7000000000        3.6448173696
        2.8000000000        3.4976588713
        2.9000000000        3.3604514273
        3.0000000000        3.2386717967
        3.1000000000        3.1369754384
        3.2000000000        3.0589179443
        3.3000000000        3.0068221334
        3.4000000000        2.9816265192
        3.5000000000        2.9825859296
        3.6000000000        3.0068150669
        3.7000000000        3.0488147764
        3.8000000000        3.1002262177
        3.9000000000        3.1500637231
        4.0000000000        3.1855688885
        4.1000000000        3.1936420062
        4.2000000000        3.1626122456
        4.3000000000        3.0839789941
        4.4000000000        2.9537403689
        4.5000000000        2.7730234217
        4.6000000000        2.5479046663
        4.7000000000        2.2884982113
        4.8000000000        2.0075351375
        4.9000000000        1.7187288124
        5.0000000000        1.4352136125
        5.1000000000        1.1682793282
        5.2000000000        0.9265304933
        5.3000000000        0.7155064197
        5.4000000000        0.5377216822
        5.5000000000        0.3930358269
        5.6000000000        0.2792355878
        5.7000000000        0.1927096529
        5.8000000000        0.1291102829
        5.9000000000        0.0839223760
        6.0000000000        0.0528928208
        6.1000000000        0.0323050293
        6.2000000000        0.0191100630
        6.3000000000        0.0109433297
        6.4000000000        0.0060634832
        6.5000000000        0.0032492514
        6.6000000000        0.0016832510
        6.7000000000        0.0008426503
        6.8000000000        0.0004074930
        6.9000000000        0.0001902951
        7.0000000000        0.0000858025
        7.1000000000        0.0000373860
        7.2000000000        0.0000158686
        7.3000000000        0.0000069427
        7.4000000000        0.0000041728
        7.5000000000        0.0000055366
        7.6000000000        0.0000123468
        7.7000000000        0.0000302165
        7.8000000000        0.0000725408
        7.9000000000        0.0001678554
        8.0000000000        0.0003734404
        8.1000000000        0.0007985279
        8.2000000000        0.0016410488
        8.3000000000        0.0032412583
        8.4000000000        0.0061527203
        8.5000000000        0.0112249164
        8.6000000000        0.0196816954
        8.7000000000        0.0331670135
        8.8000000000        0.0537174897
        8.9000000000        0.0836164089
        9.0000000000        0.1250934962
        9.1000000000        0.1798648483
        9.2000000000        0.2485576353
        9.3000000000        0.3301247167
        9.4000000000        0.4214052449
        9.5000000000        0.5170036440
        9.6000000000        0.6096208627
        9.7000000000        0.6908747668
        9.8000000000        0.7525109803
        9.9000000000        0.7877728765
       10.0000000000        0.7926190611
       10.1000000000        0.7664854268
       10.2000000000        0.7123931738
       10.3000000000        0.6363742086
       10.4000000000        0.5463649589
       10.5000000000        0.4508488707
       10.6000000000        0.3575669778
       10.7000000000        0.2725601986
       10.8000000000        0.1996854346
       10.9000000000        0.1406078326
       11.0000000000        0.0951594728
       11.1000000000        0.0618976406
       11.2000000000        0.0386968700
       11.3000000000        0.0232518403
       11.4000000000        0.0134282248
       11.5000000000        0.0074534894
       11.6000000000        0.0039763113
       11.7000000000        0.0020388285
       11.8000000000        0.0010047556
       11.9000000000        0.0004759041
       12.0000000000        0.0002166494
       12.1000000000        0.0000947925
       12.2000000000        0.0000398629
       12.3000000000        0.0000161117
       12.4000000000        0.0000062588
       12.5000000000        0.0000023368
       12.6000000000        0.0000008385
       12.7000000000        0.0000002892
       12.8000000000        0.0000000959
       12.9000000000        0.0000000305
       13.0000000000        0.0000000094
       13.1000000000        0.0000000028
       13.2000000000        0.0000000008
       13.3000000000        0.0000000002
       13.4000000000        0.0000000001
       13.5000000000        0.0000000000
       13.6000000000        0.0000000000
       13.7000000000        0.0000000000
       13.8000000000        0.0000000000
       13.9000000000        0.0000000000
       14.0000000000        0.0000000000
       14.1000000000        0.0000000000
       14.2000000000        0.0000000000
       14.3000000000        0.0000000000
       14.4000000000        0.0000000000
       14.5000000000        0.0000000000
       14.6000000000        0.0000000000
       14.7000000000        0.0000000000
       14.8000000000        0.0000000000
       14.9000000000        0.0000000000
       15.0000000000        0.0000000000
       15.1000000000        0.0000000000
       15.2000000000        0.0000000000
       15.3000000000        0.0000000000
       15.4000000000        0.0000000000
       15.5000000000        0.0000000000
       15.6000000000        0.0000000000
       15.7000000000        0.0000000000
       15.8000000000        0.0000000000
       15.9000000000        0.0000000000
       16.0000000000        0.0000000000
       16.1000000000        0.0000000000
       16.2000000000        0.0000000000
       16.3000000000        0.0000000000
       16.4000000000        0.0000000000
       16.5000000000        0.0000000000
       16.6000000000        0.0000000000
       16.7000000000        0.0000000000
       16.8000000000        0.0000000000
       16.9000000000        0.0000000000
       17.0000000000        0.0000000000
       17.1000000000        0.0000000000
       17.2000000000        0.0000000000
       17.3000000000        0.0000000000
       17.4000000000        0.0000000000
       17.5000000000        0.0000000000
       17.6000000000        0.0000000000
       17.7000000000        0.0000000000
       17.8000000000        0.0000000000
       17.9000000000        0.0000000000
       18.0000000000        0.0000000000
       18.1000000000        0.0000000000
       18.2000000000        0.0000000000
       18.3000000000        0.0000000000
       18.4000000000        0.0000000000
       18.5000000000        0.0000000000
       18.6000000000        0.0000000000
       18.7000000000        0.0000000000
       18.8000000000        0.0000000000
       18.9000000000        0.0000000000
       19.0000000000        0.0000000000
       19.1000000000        0.0000000000
       19.2000000000        0.0000000000
       19.3000000000        0.0000000000
       19.4000000000        0.0000000000
       19.5000000000        0.0000000000
       19.6000000000        0.0000000000
       19.7000000000        0.0000000000
       19.8000000000        0.0000000000
       19.9000000000        0.0000000000
       20.0000000000        0.0000000000
       20.1000000000        0.0000000000
       20.2000000000        0.0000000000
       20.3000000000        0.0000000000
       20.4000000000        0.0000000000
       20.5000000000        0.0000000000
       20.6000000000        0.0000000000
       20.7000000000        0.0000000000
       20.8000000000        0.0000000000
       20.9000000000        0.0000000000
       21.0000000000        0.0000000000
       21.1000000000        0.0000000000
       21.2000000000        0.0000000000
       21.3000000000        0.0000000000
       21.4000000000        0.0000000000
       21.5000000000        0.0000000000
       21.6000000000        0.0000000000
       21.7000000000        0.0000000000
       21.8000000000        0.0000000000
       21.9000000000        0.0000000000
       22.0000000000        0.0000000000
       22.1000000000        0.0000000000
       22.2000000000        0.0000000000
       22.3000000000        0.0000000000
       22.4000000000        0.0000000000
       22.5000000000        0.0000000000
       22.6000000000        0.0000000000
       22.7000000000        0.0000000000
       22.8000000000        0.0000000000
       22.9000000000        0.0000000000
       23.0000000000        0.0000000001
       23.1000000000        0.0000000004
       23.2000000000        0.0000000015
       23.3000000000        0.0000000053
       23.4000000000        0.0000000176
       23.5000000000        0.0000000562
       23.6000000000        0.0000001725
       23.7000000000        0.0000005092
       23.8000000000        0.0000014444
       23.9000000000        0.0000039383
       24.0000000000        0.0000103212
       24.1000000000        0.0000259982
       24.2000000000        0.0000629446
       24.3000000000        0.0001464787
       24.4000000000        0.0003276372
       24.5000000000        0.0007043964
       24.6000000000        0.0014556217
       24.7000000000        0.0028912791
       24.8000000000        0.0055200704
       24.9000000000        0.0101301547
       25.0000000000        0.0178693686
       25.1000000000        0.0302991560
       25.2000000000        0.0493843397
       25.3000000000        0.0773746656
       25.4000000000        0.1165411128
       25.5000000000        0.1687566098
       25.6000000000        0.2349580751
       25.7000000000        0.3145865141
       25.8000000000        0.4051557131
       25.9000000000        0.5021227319
       26.0000000000        0.5992022391
       26.1000000000        0.6891734654
       26.2000000000        0.7650883857
       26.3000000000        0.8216421024
       26.4000000000        0.8563641847
       26.5000000000        0.8702797852
       26.6000000000        0.8677918754
       26.7000000000        0.8557321743
       26.8000000000        0.8417633009
       26.9000000000        0.8325146326
       27.0000000000        0.8319324853
       27.1000000000        0.8402853938
       27.2000000000        0.8540950225
       27.3000000000        0.8670118386
       27.4000000000        0.8713974344
       27.5000000000        0.8601894846
       27.6000000000        0.8285652037
       27.7000000000        0.7749989759
       27.8000000000        0.7014992126
       27.9000000000        0.6130445884
       28.0000000000        0.5164460131
       28.1000000000        0.4189788861
       28.2000000000        0.3271359356
       28.3000000000        0.2457595626
       28.4000000000        0.1776685364
       28.5000000000        0.1237505644
       28.6000000000        0.0833916816
       28.7000000000        0.0550737808
       28.8000000000        0.0369864686
       28.9000000000        0.0275461457
       29.0000000000        0.0257673084
       29.1000000000        0.0314688701
       29.2000000000        0.0453144729
       29.3000000000        0.0686853443
       29.4000000000        0.1033805058
       29.5000000000        0.1511470410
       29.6000000000        0.2130724043
       29.7000000000        0.2889201586
       29.8000000000        0.3765455219
       29.9000000000        0.4715628200
       30.0000000000        0.5674271034
       30.1000000000        0.6560217114
       30.2000000000        0.7287196947
       30.3000000000        0.7777425355
       30.4000000000        0.7975242345
       30.5000000000        0.7857502013
       30.6000000000        0.7438025209
       30.7000000000        0.6764929994
       30.8000000000        0.5911551449
       30.9000000000        0.4963318440
       31.0000000000        0.4003826956
       31.1000000000        0.3103208423
       31.2000000000        0.2310888935
       31.3000000000        0.1653406635
       31.4000000000        0.1136613340
       31.5000000000        0.0750720517
       31.6000000000        0.0476404966
       31.7000000000        0.0290473640
       31.8000000000        0.0170164758
       31.9000000000        0.0095777821
       32.0000000000        0.0051795583
       32.1000000000        0.0026912430
       32.2000000000        0.0013435243
       32.3000000000        0.0006444223
       32.4000000000        0.0002969806
       32.5000000000        0.0001314976
       32.6000000000        0.0000559423
       32.7000000000        0.0000228662
       32.8000000000        0.0000089801
       32.9000000000        0.0000033885
       33.0000000000        0.0000012285
       33.1000000000        0.0000004283
       33.2000000000        0.0000001446
       33.3000000000        0.0000000510
       33.4000000000        0.0000000309
       33.5000000000        0.0000000577
       33.6000000000        0.0000001662
       33.7000000000        0.0000004897
       33.8000000000        0.0000013951
       33.9000000000        0.0000038213
       34.0000000000        0.0000100586
       34.1000000000        0.0000254431
       34.2000000000        0.0000618449
       34.3000000000        0.0001444597
       34.4000000000        0.0003242675
       34.5000000000        0.0006994882
       34.6000000000        0.0014500621
       34.7000000000        0.0028889104
       34.8000000000        0.0055314497
       34.9000000000        0.0101794238
       35.0000000000        0.0180059704
       35.1000000000        0.0306167805
       35.2000000000        0.0500503865
       35.3000000000        0.0786747962
       35.4000000000        0.1189451445
       35.5000000000        0.1730135770
       35.6000000000        0.2422283325
       35.7000000000        0.3266145523
       35.8000000000        0.4244752932
       35.9000000000        0.5322629526
       36.0000000000        0.6448295676
       36.1000000000        0.7560675593
       36.2000000000        0.8598242271
       36.3000000000        0.9508595847
       36.4000000000        1.0255698196
       36.5000000000        1.0822513180
       36.6000000000        1.1208273973
       36.7000000000        1.1421522788
       36.8000000000        1.1471678883
       36.9000000000        1.1362480846
       37.0000000000        1.1089911018
       37.1000000000        1.0645406507
       37.2000000000        1.0023031136
       37.3000000000        0.9227709581
       37.4000000000        0.8281238128
       37.5000000000        0.7223687380
       37.6000000000        0.6109559230
       37.7000000000        0.4999903285
       37.8000000000        0.3952828952
       37.9000000000        0.3015094994
       38.0000000000        0.2216782434
       38.1000000000        0.1569859448
       38.2000000000        0.1070240079
       38.3000000000        0.0702122305
       38.4000000000        0.0443128708
       38.5000000000        0.0268993533
       38.6000000000        0.0157031576
       38.7000000000        0.0088154121
       38.8000000000        0.0047599793
       38.9000000000        0.0024758405
       39.0000000000        0.0012502713
       39.1000000000        0.0006370144
       39.2000000000        0.0003822941
       39.3000000000        0.0003711159
       39.4000000000        0.0005992184
       39.5000000000        0.0011724056
       39.6000000000        0.0023334082
       39.7000000000        0.0045148250
       39.8000000000        0.0084129417
       39.9000000000        0.0150697912
       40.0000000000        0.0259396039
       40.1000000000        0.0429030812
       40.2000000000        0.0681838812
       40.3000000000        0.1041238783
       40.4000000000        0.1527946969
       40.5000000000        0.2154662581
       40.6000000000        0.2920136376
       40.7000000000        0.3804054295
       40.8000000000        0.4764552121
       40.9000000000        0.5740068803
       41.0000000000        0.6656497839
       41.1000000000        0.7439277386
       41.2000000000        0.8028492326
       41.3000000000        0.8393741382
       41.4000000000        0.8544946202
       41.5000000000        0.8535743621
       41.6000000000        0.8457572363
       41.7000000000        0.8424678108
       41.8000000000        0.8552457772
       41.9000000000        0.8933284970
       42.0000000000        0.9614802182
       42.1000000000        1.0585456974
       42.2000000000        1.1770838412
       42.3000000000        1.3042341122
       42.4000000000        1.4237192225
       42.5000000000        1.5186391076
       42.6000000000        1.5745191662
       42.7000000000        1.5819935129
       42.8000000000        1.5385641700
       42.9000000000        1.4490747295
       43.0000000000        1.3248239014
       43.1000000000        1.1815419373
       43.2000000000        1.0366795713
       43.3000000000        0.9065604688
       43.4000000000        0.8039149387
       43.5000000000        0.7361779948
       43.6000000000        0.7047536189
       43.7000000000        0.7052696233
       43.8000000000        0.7287021631
       43.9000000000        0.7631410705
       44.0000000000        0.7958918139
       44.1000000000        0.8155669687
       44.2000000000        0.8138209144
       44.3000000000        0.7864416024
       44.4000000000        0.7336374059
       44.5000000000        0.6595267298
       44.6000000000        0.5710114607
       44.7000000000        0.4763416009
       44.8000000000        0.3837187198
       44.9000000000        0.3002302401
       45.0000000000        0.2312778606
       45.1000000000        0.1805067417
       45.2000000000        0.1501065808
       45.3000000000        0.1412773583
       45.4000000000        0.1546451757
       45.5000000000        0.1904693414
       45.6000000000        0.2485776809
       45.7000000000        0.3280729504
       45.8000000000        0.4269391272
       45.9000000000        0.5417177880
       46.0000000000        0.6674087055
       46.1000000000        0.7976788576
       46.2000000000        0.9253628186
       46.3000000000        1.0431416557
       46.4000000000        1.1442348010
       46.5000000000        1.2229519104
       46.6000000000        1.2750230874
       46.7000000000        1.2977216403
       46.8000000000        1.2898667815
       46.9000000000        1.2518087387
       47.0000000000        1.1854508334
       47.1000000000        1.0942815107
       47.2000000000        0.9833219204
       47.3000000000        0.8588816606
       47.4000000000        0.7280674616
       47.5000000000        0.5980830899
       47.6000000000        0.4754487438
       47.7000000000        0.3653127969
       47.8000000000        0.2710092694
       47.9000000000        0.1939421014
       48.0000000000        0.1337844510
       48.1000000000        0.0889038202
       48.2000000000        0.0568856223
       48.3000000000        0.0350332357
       48.4000000000        0.0207594952
       48.5000000000        0.0118332370
       48.6000000000        0.0064871624
       48.7000000000        0.0034198160
       48.8000000000        0.0017333818
       48.9000000000        0.0008446705
       49.0000000000        0.0003956846
       49.1000000000        0.0001781778
       49.2000000000        0.0000771224
       49.3000000000        0.0000320858
       49.4000000000        0.0000128304
       49.5000000000        0.0000049311
       49.6000000000        0.0000018215
       49.7000000000        0.0000006467
       49.8000000000        0.0000002206
       49.9000000000        0.0000000724
       50.0000000000        0.0000000228
       50.1000000000        0.0000000069
       50.2000000000        0.0000000020
       50.3000000000        0.0000000006
       50.4000000000        0.0000000002
       50.5000000000        0.0000000000
       50.6000000000        0.0000000000
       50.7000000000        0.0000000000
       50.8000000000        0.0000000000
       50.9000000000        0.0000000000
       51.0000000000        0.0000000000
       51.1000000000        0.0000000000
       51.2000000000        0.0000000000
       51.3000000000        0.0000000000
       51.4000000000        0.0000000000
       51.5000000000        0.0000000000
       51.6000000000        0.0000000000
       51.7000000000        0.0000000000
       51.8000000000        0.0000000000
       51.9000000000        0.0000000000
       52.0000000000        0.0000000000
       52.1000000000        0.0000000000
       52.2000000000        0.0000000000
       52.3000000000        0.0000000000
       52.4000000000        0.0000000000
       52.5000000000        0.0000000000
       52.6000000000        0.0000000000
       52.7000000000        0.0000000000
       52.8000000000        0.0000000000
       52.9000000000        0.0000000000
       53.0000000000        0.0000000000
       53.1000000000        0.0000000000
       53.2000000000        0.0000000000
       53.3000000000        0.0000000000
       53.4000000000        0.0000000000
       53.5000000000        0.0000000000
       53.6000000000        0.0000000000
       53.7000000000        0.0000000000
       53.8000000000        0.0000000000
       53.9000000000        0.0000000000
       54.0000000000        0.0000000000
       54.1000000000        0.0000000000
       54.2000000000        0.0000000000
       54.3000000000        0.0000000000
       54.4000000000        0.0000000000
       54.5000000000        0.0000000000
       54.6000000000        0.0000000000
       54.7000000000        0.0000000000
       54.8000000000        0.0000000000
       54.9000000000        0.0000000000
       55.0000000000        0.0000000000
       55.1000000000        0.0000000000
       55.2000000000        0.0000000000
       55.3000000000        0.0000000000
       55.4000000000        0.0000000000
       55.5000000000        0.0000000000
       55.6000000000        0.0000000000
       55.7000000000        0.0000000000
       55.8000000000        0.0000000000
       55.9000000000        0.0000000000
       56.0000000000        0.0000000000
       56.1000000000        0.0000000000
       56.2000000000        0.0000000000
       56.3000000000        0.0000000000
       56.4000000000        0.0000000000
       56.5000000000        0.0000000000
       56.6000000000        0.0000000000
       56.7000000000        0.0000000000
       56.8000000000        0.0000000000
       56.9000000000        0.0000000000
       57.0000000000        0.0000000000
       57.1000000000        0.0000000000
       57.2000000000        0.0000000000
       57.3000000000        0.0000000000
       57.4000000000        0.0000000000
       57.5000000000        0.0000000000
       57.6000000000        0.0000000000
       57.7000000000        0.0000000000
       57.8000000000        0.0000000000
       57.9000000000        0.0000000000
       58.0000000000        0.0000000000
       58.1000000000        0.0000000000
       58.2000000000        0.0000000000
       58.3000000000        0.0000000000
       58.4000000000        0.0000000000
       58.5000000000        0.0000000000
       58.6000000000        0.0000000000
       58.7000000000        0.0000000000
       58.8000000000        0.0000000000
       58.9000000000        0.0000000000
       59.0000000000        0.0000000000
       59.1000000000        0.0000000000
       59.2000000000        0.0000000000
       59.3000000000        0.0000000000
       59.4000000000        0.0000000000
       59.5000000000        0.0000000000
       59.6000000000        0.0000000000
       59.7000000000        0.0000000000
       59.8000000000        0.0000000000
       59.9000000000        0.0000000000
       60.0000000000        0.0000000000
       60.1000000000        0.0000000000
       60.2000000000        0.0000000000
       60.3000000000        0.0000000000
       60.4000000000        0.0000000000
       60.5000000000        0.0000000000
       60.6000000000        0.0000000000
       60.7000000000        0.0000000000
       60.8000000000        0.0000000000
       60.9000000000        0.0000000000
       61.0000000000        0.0000000000
       61.1000000000        0.0000000000
       61.2000000000        0.0000000000
       61.3000000000        0.0000000000
       61.4000000000        0.0000000000
       61.5000000000        0.0000000000
       61.6000000000        0.0000000000
       61.7000000000        0.0000000000
       61.8000000000        0.0000000000
       61.9000000000        0.0000000000
       62.0000000000        0.0000000000
       62.1000000000        0.0000000000
       62.2000000000        0.0000000000
       62.3000000000        0.0000000000
       62.4000000000        0.0000000000
       62.5000000000        0.0000000000
       62.6000000000        0.0000000000
       62.7000000000        0.0000000000
       62.8000000000        0.0000000000
       62.9000000000        0.0000000000
       63.0000000000        0.0000000000
       63.1000000000        0.0000000000
       63.2000000000        0.0000000000
       63.3000000000        0.0000000000
       63.4000000000        0.0000000000
       63.5000000000        0.0000000000
       63.6000000000        0.0000000000
       63.7000000000        0.0000000000
       63.8000000000        0.0000000000
       63.9000000000        0.0000000000
       64.0000000000        0.0000000000
       64.1000000000        0.0000000000
       64.2000000000        0.0000000000
       64.3000000000        0.0000000000
       64.4000000000        0.0000000000
       64.5000000000        0.0000000000
       64.6000000000        0.0000000000
       64.7000000000        0.0000000000
       64.8000000000        0.0000000000
       64.9000000000        0.0000000000
       65.0000000000        0.0000000000
       65.1000000000        0.0000000000
       65.2000000000        0.0000000000
       65.3000000000        0.0000000000
       65.4000000000        0.0000000000
       65.5000000000        0.0000000000
       65.6000000000        0.0000000000
       65.7000000000        0.0000000000
       65.8000000000        0.0000000000
       65.9000000000        0.0000000000
       66.0000000000        0.0000000000
       66.1000000000        0.0000000000
       66.2000000000        0.0000000000
       66.3000000000        0.0000000000
       66.4000000000        0.0000000000
       66.5000000000        0.0000000000
       66.6000000000        0.0000000000
       66.7000000000        0.0000000000
       66.8000000000        0.0000000000
       66.9000000000        0.0000000000
       67.0000000000        0.0000000000
       67.1000000000        0.0000000000
       67.2000000000        0.0000000000
       67.3000000000        0.0000000000
       67.4000000000        0.0000000000
       67.5000000000        0.0000000000
       67.6000000000        0.0000000000
       67.7000000000        0.0000000000
       67.8000000000        0.0000000000
       67.9000000000        0.0000000000
       68.0000000000        0.0000000000
       68.1000000000        0.0000000000
       68.2000000000        0.0000000000
       68.3000000000        0.0000000000
       68.4000000000        0.0000000000
       68.5000000000        0.0000000000
       68.6000000000        0.0000000000
       68.7000000000        0.0000000000
       68.8000000000        0.0000000000
       68.9000000000        0.0000000000
       69.0000000000        0.0000000000
       69.1000000000        0.0000000000
       69.2000000000        0.0000000000
       69.3000000000        0.0000000000
       69.4000000000        0.0000000000
       69.5000000000        0.0000000000
       69.6000000000        0.0000000000
       69.7000000000        0.0000000000
       69.8000000000        0.0000000000
       69.9000000000        0.0000000000
       70.0000000000        0.0000000000
       70.1000000000        0.0000000000
       70.2000000000        0.0000000000
       70.3000000000        0.0000000000
       70.4000000000        0.0000000000
       70.5000000000        0.0000000000
       70.6000000000        0.0000000000
       70.7000000000        0.0000000000
       70.8000000000        0.0000000000
       70.9000000000        0.0000000000
       71.0000000000        0.0000000000
       71.1000000000        0.0000000000
       71.2000000000        0.0000000000
       71.3000000000        0.0000000000
       71.4000000000        0.0000000000
       71.5000000000        0.0000000000
       71.6000000000        0.0000000000
       71.7000000000        0.0000000000
       71.8000000000        0.0000000000
       71.9000000000        0.0000000000
       72.0000000000        0.0000000000
       72.1000000000        0.0000000000
       72.2000000000        0.0000000000
       72.3000000000        0.0000000000
       72.4000000000        0.0000000000
       72.5000000000        0.0000000000
       72.6000000000        0.0000000000
       72.7000000000        0.0000000000
       72.8000000000        0.0000000000
       72.9000000000        0.0000000000
       73.0000000000        0.0000000000
       73.1000000000        0.0000000000
       73.2000000000        0.0000000000
       73.3000000000        0.0000000000
       73.4000000000        0.0000000000
       73.5000000000        0.0000000000
       73.6000000000        0.0000000000
       73.7000000000        0.0000000000
       73.8000000000        0.0000000000
       73.9000000000        0.0000000000
       74.0000000000        0.0000000000
       74.1000000000        0.0000000000
       74.2000000000        0.0000000000
       74.3000000000        0.0000000000
       74.4000000000        0.0000000000
       74.5000000000        0.0000000000
       74.6000000000        0.0000000000
       74.7000000000        0.0000000000
       74.8000000000        0.0000000000
       74.9000000000        0.0000000000
       75.0000000000        0.0000000000
       75.1000000000        0.0000000000
       75.2000000000        0.0000000000
       75.3000000000        0.0000000000
       75.4000000000        0.0000000000
       75.5000000000        0.0000000000
       75.6000000000        0.0000000000
       75.7000000000        0.0000000000
       75.8000000000        0.0000000000
       75.9000000000        0.0000000000
       76.0000000000        0.0000000000
       76.1000000000        0.0000000000
       76.2000000000        0.0000000000
       76.3000000000        0.0000000000
       76.4000000000        0.0000000000
       76.5000000000        0.0000000000
       76.6000000000        0.0000000000
       76.7000000000        0.0000000000
       76.8000000000        0.0000000000
       76.9000000000        0.0000000000
       77.0000000000        0.0000000000
       77.1000000000        0.0000000000
       77.2000000000        0.0000000000
       77.3000000000        0.0000000000
       77.4000000000        0.0000000000
       77.5000000000        0.0000000000
       77.6000000000        0.0000000000
       77.7000000000        0.0000000000
       77.8000000000        0.0000000000
       77.9000000000        0.0000000000
       78.0000000000        0.0000000000
       78.1000000000        0.0000000000
       78.2000000000        0.0000000000
       78.3000000000        0.0000000000
       78.4000000000        0.0000000000
       78.5000000000        0.0000000000
       78.6000000000        0.0000000000
       78.7000000000        0.0000000000
       78.8000000000        0.0000000000
       78.9000000000        0.0000000000
       79.0000000000        0.0000000000
       79.1000000000        0.0000000000
       79.2000000000        0.0000000000
       79.3000000000        0.0000000000
       79.4000000000        0.0000000000
       79.5000000000        0.0000000000
       79.6000000000        0.0000000000
       79.7000000000        0.0000000000
       79.8000000000        0.0000000000
       79.9000000000        0.0000000000
       80.0000000000        0.0000000000
       80.1000000000        0.0000000000
       80.2000000000        0.0000000000
       80.3000000000        0.0000000000
       80.4000000000        0.0000000000
       80.5000000000        0.0000000000
       80.6000000000        0.0000000000
       80.7000000000        0.0000000000
       80.8000000000        0.0000000000
       80.9000000000        0.0000000000
       81.0000000000        0.0000000000
       81.1000000000        0.0000000000
       81.2000000000        0.0000000000
       81.3000000000        0.0000000000
       81.4000000000        0.0000000000
       81.5000000000        0.0000000000
       81.6000000000        0.0000000000
       81.7000000000        0.0000000000
       81.8000000000        0.0000000000
       81.9000000000        0.0000000000
       82.0000000000        0.0000000000
       82.1000000000        0.0000000000
       82.2000000000        0.0000000000
       82.3000000000        0.0000000000
       82.4000000000        0.0000000000
       82.5000000000        0.0000000000
       82.6000000000        0.0000000000
       82.7000000000        0.0000000000
       82.8000000000        0.0000000000
       82.9000000000        0.0000000000
       83.0000000000        0.0000000000
       83.1000000000        0.0000000000
       83.2000000000        0.0000000000
       83.3000000000        0.0000000000
       83.4000000000        0.0000000000
       83.5000000000        0.0000000000
       83.6000000000        0.0000000000
       83.7000000000        0.0000000000
       83.8000000000        0.0000000000
       83.9000000000        0.0000000000
       84.0000000000        0.0000000000
       84.1000000000        0.0000000000
       84.2000000000        0.0000000000
       84.3000000000        0.0000000000
       84.4000000000        0.0000000000
       84.5000000000        0.0000000000
       84.6000000000        0.0000000000
       84.7000000000        0.0000000000
       84.8000000000        0.0000000000
       84.9000000000        0.0000000000
       85.0000000000        0.0000000000
       85.1000000000        0.0000000000
       85.2000000000        0.0000000000
       85.3000000000        0.0000000000
       85.4000000000        0.0000000000
       85.5000000000        0.0000000000
       85.6000000000        0.0000000000
       85.7000000000        0.0000000000
       85.8000000000        0.0000000001
       85.9000000000        0.0000000005
       86.0000000000        0.0000000018
       86.1000000000        0.0000000063
       86.2000000000        0.0000000211
       86.3000000000        0.0000000673
       86.4000000000        0.0000002066
       86.5000000000        0.0000006093
       86.6000000000        0.0000017263
       86.7000000000        0.0000046997
       86.8000000000        0.0000122926
       86.9000000000        0.0000308921
       87.0000000000        0.0000745896
       87.1000000000        0.0001730368
       87.2000000000        0.0003856803
       87.3000000000        0.0008259340
       87.4000000000        0.0016993868
       87.5000000000        0.0033594487
       87.6000000000        0.0063807644
       87.7000000000        0.0116441106
       87.8000000000        0.0204159151
       87.9000000000        0.0343922268
       88.0000000000        0.0556648008
       88.1000000000        0.0865625299
       88.2000000000        0.1293326392
       88.3000000000        0.1856586801
       88.4000000000        0.2560656340
       88.5000000000        0.3393253103
       88.6000000000        0.4320262484
       88.7000000000        0.5284853270
       88.8000000000        0.6211330753
       88.9000000000        0.7013992560
       89.0000000000        0.7609828519
       89.1000000000        0.7932560065
       89.2000000000        0.7944760529
       89.3000000000        0.7644995597
       89.4000000000        0.7068101744
       89.5000000000        0.6278529107
       89.6000000000        0.5358509689
       89.7000000000        0.4394057095
       89.8000000000        0.3462084729
       89.9000000000        0.2621244894
       90.0000000000        0.1907782964
       90.1000000000        0.1336278344
       90.2000000000        0.0904066547
       90.3000000000        0.0597651700
       90.4000000000        0.0399514144
       90.5000000000        0.0294186774
       90.6000000000        0.0273035566
       90.7000000000        0.0337598087
       90.8000000000        0.0501489301
       90.9000000000        0.0790792574
       91.0000000000        0.1242641005
       91.1000000000        0.1901545424
       91.2000000000        0.2813120530
       91.3000000000        0.4015305582
       91.4000000000        0.5527940534
       91.5000000000        0.7342447558
       91.6000000000        0.9414051700
       91.7000000000        1.1659091940
       91.8000000000        1.3959286717
       91.9000000000        1.6173354008
       92.0000000000        1.8154495922
       92.1000000000        1.9770529179
       92.2000000000        2.0922487771
       92.3000000000        2.1557722693
       92.4000000000        2.1674849746
       92.5000000000        2.1319915937
       92.6000000000        2.0575207146
       92.7000000000        1.9543589630
       92.8000000000        1.8331828696
       92.9000000000        1.7035982440
       93.0000000000        1.5731024460
       93.1000000000        1.4465696057
       93.2000000000        1.3262534850
       93.3000000000        1.2122224784
       93.4000000000        1.1030883579
       93.5000000000        0.9968621771
       93.6000000000        0.8917665126
       93.7000000000        0.7868550718
       93.8000000000        0.6823392559
       93.9000000000        0.5795905103
       94.0000000000        0.4808626932
       94.1000000000        0.3888408264
       94.2000000000        0.3061542924
       94.3000000000        0.2349857227
       94.4000000000        0.1768655270
       94.5000000000        0.1326801770
       94.6000000000        0.1028581618
       94.7000000000        0.0876471495
       94.8000000000        0.0873697303
       94.9000000000        0.1025473193
       95.0000000000        0.1338117974
       95.1000000000        0.1815784086
       95.2000000000        0.2455237050
       95.3000000000        0.3239858390
       95.4000000000        0.4134617968
       95.5000000000        0.5083945715
       95.6000000000        0.6014047546
       95.7000000000        0.6840226089
       95.8000000000        0.7478378768
       95.9000000000        0.7858460071
       96.0000000000        0.7936805744
       96.1000000000        0.7704209145
       96.2000000000        0.7187606799
       96.3000000000        0.6444899261
       96.4000000000        0.5554255912
       96.5000000000        0.4600618532
       96.6000000000        0.3662603775
       96.7000000000        0.2802527494
       96.8000000000        0.2061099414
       96.9000000000        0.1456934465
       97.0000000000        0.0989865133
       97.1000000000        0.0646412711
       97.2000000000        0.0405736909
       97.3000000000        0.0244783886
       97.4000000000        0.0141947488
       97.5000000000        0.0079119232
       97.6000000000        0.0042388568
       97.7000000000        0.0021828837
       97.8000000000        0.0010805141
       97.9000000000        0.0005141040
       98.0000000000        0.0002351230
       98.1000000000        0.0001033631
       98.2000000000        0.0000436782
       98.3000000000        0.0000177417
       98.4000000000        0.0000069272
       98.5000000000        0.0000025999
       98.6000000000        0.0000009380
       98.7000000000        0.0000003253
       98.8000000000        0.0000001084
       98.9000000000        0.0000000348
       99.0000000000        0.0000000107
       99.1000000000        0.0000000032
       99.2000000000        0.0000000009
       99.3000000000        0.0000000002
       99.4000000000        0.0000000001
       99.5000000000        0.0000000000
       99.6000000000        0.0000000000
       99.7000000000        0.0000000000
       99.8000000000        0.0000000000
       99.9000000000        0.0000000000
      100.0000000000        0.0000000000
      100.1000000000        0.0000000000
      100.2000000000        0.0000000000
      100.3000000000        0.0000000000
      100.4000000000        0.0000000000
      100.5000000000        0.0000000000
      100.6000000000        0.0000000000
      100.7000000000        0.0000000000
      100.8000000000        0.0000000000
      100.9000000000        0.0000000000
      101.0000000000        0.0000000000
      101.1000000000        0.0000000000
      101.2000000000        0.0000000000
      101.3000000000        0.0000000000
      101.4000000000        0.0000000000
      101.5000000000        0.0000000000
      101.6000000000        0.0000000000
      101.7000000000        0.0000000000
      101.8000000000        0.0000000000
      101.9000000000        0.0000000000
      102.0000000000        0.0000000000
      102.1000000000        0.0000000000
      102.2000000000        0.0000000000
      102.3000000000        0.0000000000
      102.4000000000        0.0000000000
      102.5000000000        0.0000000000
      102.6000000000        0.0000000000
      102.7000000000        0.0000000000
      102.8000000000        0.0000000000
      102.9000000000        0.0000000000
      103.0000000000        0.0000000000
      103.1000000000        0.0000000000
      103.2000000000        0.0000000000
      103.3000000000        0.0000000000
      103.4000000000        0.0000000000
      103.5000000000        0.0000000000
      103.6000000000        0.0000000000
      103.7000000000        0.0000000000
      103.8000000000        0.0000000000
      103.9000000000        0.0000000000
      104.0000000000        0.0000000000
      104.1000000000        0.0000000000
      104.2000000000        0.0000000000
      104.3000000000        0.0000000000
      104.4000000000        0.0000000000
      104.5000000000        0.0000000000
      104.6000000000        0.0000000000
      104.7000000000        0.0000000000
      104.8000000000        0.0000000000
      104.9000000000        0.0000000000
      105.0000000000        0.0000000000
      105.1000000000        0.0000000000
      105.2000000000        0.0000000000
      105.3000000000        0.0000000000
      105.4000000000        0.0000000000
      105.5000000000        0.0000000000
      105.6000000000        0.0000000000
      105.7000000000        0.0000000000
      105.8000000000        0.0000000000
      105.9000000000        0.0000000000
      106.0000000000        0.0000000000
      106.1000000000        0.0000000000
      106.2000000000        0.0000000000
      106.3000000000        0.0000000000
      106.4000000000        0.0000000000
      106.5000000000        0.0000000000
      106.6000000000        0.0000000000
      106.7000000000        0.0000000000
      106.8000000000        0.0000000000
      106.9000000000        0.0000000000
      107.0000000000        0.0000000000
      107.1000000000        0.0000000000
      107.2000000000        0.0000000000
      107.3000000000        0.0000000000
      107.4000000000        0.0000000000
      107.5000000000        0.0000000000
      107.6000000000        0.0000000000
      107.7000000000        0.0000000000
      107.8000000000        0.0000000000
      107.9000000000        0.0000000000
      108.0000000000        0.0000000000
      108.1000000000        0.0000000000
      108.2000000000        0.0000000000
      108.3000000000        0.0000000000
      108.4000000000        0.0000000000
      108.5000000000        0.0000000000
      108.6000000000        0.0000000000
      108.7000000000        0.0000000000
      108.8000000000        0.0000000000
      108.9000000000        0.0000000000
      109.0000000000        0.0000000000
      109.1000000000        0.0000000000
      109.2000000000        0.0000000000
      109.3000000000        0.0000000000
      109.4000000000        0.0000000000
      109.5000000000        0.0000000000
      109.6000000000        0.0000000000
      109.7000000000        0.0000000000
      109.8000000000        0.0000000000
      109.9000000000        0.0000000000
      110.0000000000        0.0000000000
      110.1000000000        0.0000000000
      110.2000000000        0.0000000000
      110.3000000000        0.0000000000
      110.4000000000        0.0000000000
      110.5000000000        0.0000000000
      110.6000000000        0.0000000000
      110.7000000000        0.0000000000
      110.8000000000        0.0000000000
      110.9000000000        0.0000000000
      111.0000000000        0.0000000000
      111.1000000000        0.0000000000
      111.2000000000        0.0000000000
      111.3000000000        0.0000000000
      111.4000000000        0.0000000000
      111.5000000000        0.0000000000
      111.6000000000        0.0000000000
      111.7000000000        0.0000000000
      111.8000000000        0.0000000000
      111.9000000000        0.0000000000
      112.0000000000        0.0000000000
      112.1000000000        0.0000000000
      112.2000000000        0.0000000000
      112.3000000000        0.0000000000
      112.4000000000        0.0000000000
      112.5000000000        0.0000000000
      112.6000000000        0.0000000000
      112.7000000000        0.0000000000
      112.8000000000        0.0000000000
      112.9000000000        0.0000000000
      113.0000000000        0.0000000000
      113.1000000000        0.0000000000
      113.2000000000        0.0000000000
      113.3000000000        0.0000000000
      113.4000000000        0.0000000000
      113.5000000000        0.0000000000
      113.6000000000        0.0000000000
      113.7000000000        0.0000000000
      113.8000000000        0.0000000000
      113.9000000000        0.0000000000
      114.0000000000        0.0000000000
      114.1000000000        0.0000000000
      114.2000000000        0.0000000000
      114.3000000000        0.0000000000
      114.4000000000        0.0000000000
      114.5000000000        0.0000000000
      114.6000000000        0.0000000000
      114.7000000000        0.0000000000
      114.8000000000        0.0000000000
      114.9000000000        0.0000000000
      115.0000000000        0.0000000000
      115.1000000000        0.0000000000
      115.2000000000        0.0000000000
      115.3000000000        0.0000000000
      115.4000000000        0.0000000000
      115.5000000000        0.0000000000
      115.6000000000        0.0000000000
      115.7000000000        0.0000000000
      115.8000000000        0.0000000000
      115.9000000000        0.0000000000
      116.0000000000        0.0000000000
      116.1000000000        0.0000000000
      116.2000000000        0.0000000000
      116.3000000000        0.0000000000
      116.4000000000        0.0000000000
      116.5000000000        0.0000000000
      116.6000000000        0.0000000000
      116.7000000000        0.0000000000
      116.8000000000        0.0000000000
      116.9000000000        0.0000000000
      117.0000000000        0.0000000000
      117.1000000000        0.0000000000
      117.2000000000        0.0000000000
      117.3000000000        0.0000000000
      117.4000000000        0.0000000000
      117.5000000000        0.0000000000
      117.6000000000        0.0000000000
      117.7000000000        0.0000000000
      117.8000000000        0.0000000000
      117.9000000000        0.0000000000
      118.0000000000        0.0000000000
      118.1000000000        0.0000000000
      118.2000000000        0.0000000000
      118.3000000000        0.0000000000
      118.4000000000        0.0000000000
      118.5000000000        0.0000000000
      118.6000000000        0.0000000000
      118.7000000000        0.0000000000
      118.8000000000        0.0000000000
      118.9000000000        0.0000000000
      119.0000000000        0.0000000000
      119.1000000000        0.0000000000
      119.2000000000        0.0000000000
      119.3000000000        0.0000000000
      119.4000000000        0.0000000000
      119.5000000000        0.0000000000
      119.6000000000        0.0000000000
      119.7000000000        0.0000000000
      119.8000000000        0.0000000000
      119.9000000000        0.0000000000
      120.0000000000        0.0000000000
