# File: 3    
# 1       0.0000000000000000   0.0212132034355964   0.0212132034355964
# 1       0.0212132034355964   0.0000000000000000   0.0212132034355964
  -0.0522470700   -0.0522470700   -0.1051854100
   0.0005389200    0.0294910000    0.0179346700
   0.0294910000    0.0005389200    0.0179346700
  -0.0115532600   -0.0115532600    0.0010879100
   0.0158005600    0.0158005600    0.0010820800
  -0.0252408000    0.0005448800   -0.0094335200
   0.0005448800   -0.0252408000   -0.0094335200
   0.0290735900    0.0290735900    0.0581429100
  -0.0012821700   -0.0012821700   -0.0025361700
   0.0117015400   -0.0013175600   -0.0026287000
  -0.0013175600    0.0117015400   -0.0026287000
  -0.0012987900   -0.0012987900    0.0159727100
  -0.0013503500   -0.0013503500    0.0273726700
  -0.0012939200    0.0096793700   -0.0025816800
   0.0096793700   -0.0012939200   -0.0025816800
  -0.0012459400   -0.0012459400   -0.0025182400
# File: 4    
# 1       0.0000000000000000   0.0212132034355964   0.0212132034355964
# 1      -0.0212132034355964   0.0000000000000000  -0.0212132034355964
   0.0523324100   -0.0523324100   -0.0000000000
  -0.0005439900    0.0021262900    0.0136841300
  -0.0021262900    0.0005439900   -0.0136841300
  -0.0158131400    0.0158131400   -0.0000000000
   0.0115598900   -0.0115598900   -0.0000000000
  -0.0021262900    0.0005439900    0.0136841300
  -0.0005439900    0.0021262900   -0.0136841300
  -0.0291066400    0.0291066400   -0.0000000000
   0.0012669700   -0.0012669700    0.0000091300
  -0.0093195500   -0.0012983500   -0.0000000000
   0.0013223000    0.0120757400   -0.0000000000
   0.0013043600   -0.0013043600    0.0001829800
   0.0013043600   -0.0013043600   -0.0001829800
   0.0012983500    0.0093195500   -0.0000000000
  -0.0120757400   -0.0013223000   -0.0000000000
   0.0012669700   -0.0012669700   -0.0000091300
# File: 5    
# 1       0.0000000000000000   0.0212132034355964   0.0212132034355964
# 2       0.0212132034355964   0.0000000000000000   0.0212132034355964
   0.0005427900   -0.0386534800   -0.0502034000
  -0.0523359200    0.0158028300   -0.0365264000
   0.0158105100   -0.0131405200    0.0026701800
   0.0021283700    0.0021253100    0.0163569400
   0.0021237800    0.0021260900   -0.0110166800
  -0.0115587900    0.0142273500    0.0026697800
   0.0291069500   -0.0115634000    0.0175436700
   0.0005442900    0.0154183000    0.0312346100
   0.0120907800   -0.0012765500   -0.0025983400
  -0.0014262300   -0.0013057300   -0.0025645400
  -0.0013135000    0.0119793600    0.0081499700
  -0.0012867800   -0.0014376600    0.0080211300
  -0.0013203900   -0.0011745600    0.0107632200
  -0.0013033600    0.0094286700    0.0106312100
  -0.0011076400   -0.0013007700   -0.0025775700
   0.0093051500   -0.0012552600   -0.0025537600
# File: 6    
# 1       0.0000000000000000   0.0212132034355964   0.0212132034355964
# 2      -0.0212132034355964   0.0000000000000000  -0.0212132034355964
  -0.0005401700   -0.0660183300   -0.0544539600
   0.0523233700    0.0158166100    0.0681431700
   0.0115593700    0.0142286400    0.0015826700
  -0.0295001500    0.0021264000   -0.0152702400
   0.0252465300    0.0021268100    0.0121034800
  -0.0158115200   -0.0131410500    0.0015822100
  -0.0291077700   -0.0115589200   -0.0406712300
  -0.0005429600    0.0427946200    0.0269825700
  -0.0093498100   -0.0012565900    0.0000428400
   0.0010595400   -0.0013206700   -0.0000442200
   0.0013398100    0.0121756400   -0.0135437300
   0.0012871600   -0.0015212600    0.0106137700
   0.0013206100   -0.0010997200    0.0133834000
   0.0012829300    0.0092138400   -0.0104656300
   0.0014732300   -0.0012893100   -0.0000309800
  -0.0120401900   -0.0012766900    0.0000458900
# File: 7    
# 1       0.0000000000000000   0.0212132034355964   0.0212132034355964
# 3       0.0000000000000000   0.0212132034355964   0.0212132034355964
   0.0136795900   -0.0517898400   -0.0502018900
  -0.0136839600    0.0179392200    0.0163562600
   0.0136795900   -0.0517898400   -0.0502018900
  -0.0136839600    0.0179392200    0.0163562600
   0.0136835900   -0.0094337000   -0.0110155400
  -0.0136843100    0.0296496200    0.0312341900
   0.0136835900   -0.0094337000   -0.0110155400
  -0.0136843100    0.0296496200    0.0312341900
  -0.0000177600    0.0108090100   -0.0025839000
  -0.0001485100   -0.0025856700    0.0080271100
  -0.0000177600    0.0108090100   -0.0025839000
  -0.0001485100   -0.0025856700    0.0080271100
   0.0001528100   -0.0026431100    0.0107545500
   0.0000185400    0.0080544600   -0.0025707800
   0.0001528100   -0.0026431100    0.0107545500
   0.0000185400    0.0080544600   -0.0025707800
# File: 8    
# 1       0.0000000000000000   0.0212132034355964   0.0212132034355964
# 3       0.0000000000000000  -0.0212132034355964  -0.0212132034355964
  -0.0136799500   -0.0528737900   -0.0544512800
   0.0136840300    0.0136882200    0.0152698100
   0.0136799500    0.0528737900    0.0544512800
  -0.0136840300   -0.0136882200   -0.0152698100
   0.0136848700    0.0136868700    0.0121037300
  -0.0136850800   -0.0285637200   -0.0269838000
  -0.0136848700   -0.0136868700   -0.0121037300
   0.0136850800    0.0285637200    0.0269838000
   0.0000010100   -0.0105853600    0.0000269200
  -0.0002162300    0.0000014400   -0.0133911200
  -0.0000009600    0.0133424400   -0.0000614400
  -0.0002143900   -0.0000116800    0.0106069900
   0.0002162300   -0.0000014400    0.0133911200
  -0.0000010100    0.0105853600   -0.0000269200
   0.0002143900    0.0000116800   -0.0106069900
   0.0000009600   -0.0133424400    0.0000614400
# File: 9    
# 1       0.0000000000000000   0.0212132034355964   0.0212132034355964
# 3       0.0212132034355964   0.0000000000000000   0.0212132034355964
   0.0158030700   -0.0523360700   -0.0365263900
   0.0021254800    0.0021283100    0.0163570300
  -0.0386534100    0.0005428600   -0.0502035500
  -0.0131407700    0.0158105900    0.0026702300
   0.0142275200   -0.0115588500    0.0026698200
   0.0154184400    0.0005442300    0.0312347600
   0.0021260000    0.0021236700   -0.0110169000
  -0.0115634200    0.0291070700    0.0175436700
  -0.0013055100   -0.0014264000   -0.0025645900
  -0.0014379400   -0.0012868900    0.0080211500
  -0.0012763700    0.0120907400   -0.0025983000
   0.0119791300   -0.0013132800    0.0081500000
   0.0094286000   -0.0013032900    0.0106311700
  -0.0012552600    0.0093051200   -0.0025537800
  -0.0011747600   -0.0013203300    0.0107633100
  -0.0013007800   -0.0011074800   -0.0025776300
# File: 10   
# 1       0.0000000000000000   0.0212132034355964   0.0212132034355964
# 3      -0.0212132034355964   0.0000000000000000  -0.0212132034355964
  -0.0158164700   -0.0523233400   -0.0681429300
  -0.0021264100    0.0294997800    0.0152701500
   0.0660180100    0.0005402700    0.0544537700
  -0.0142285100   -0.0115594100   -0.0015827400
   0.0131410100    0.0158115200   -0.0015823100
  -0.0427943500    0.0005431100   -0.0269826000
  -0.0021266800   -0.0252462600   -0.0121034400
   0.0115588800    0.0291076900    0.0406708800
   0.0012894000   -0.0014736500    0.0000310300
   0.0010996400   -0.0013208500   -0.0133832900
   0.0012767100    0.0120403400   -0.0000459200
  -0.0092138600   -0.0012826400    0.0104656800
  -0.0121753800   -0.0013396900    0.0135437900
   0.0012563600    0.0093498600   -0.0000427700
   0.0015211800   -0.0012871500   -0.0106135900
   0.0013204800   -0.0010595700    0.0000442900
# File: 11   
# 1       0.0000000000000000   0.0212132034355964   0.0212132034355964
# 3       0.0212132034355964   0.0212132034355964   0.0000000000000000
   0.0021250200   -0.0517960400   -0.0386563000
  -0.0115610400    0.0042525700    0.0158129300
  -0.0386563000   -0.0517960400    0.0021250200
  -0.0131400100    0.0042522700    0.0142273900
   0.0142273900    0.0042522700   -0.0131400100
   0.0154188800    0.0296499200    0.0021258700
   0.0158129300    0.0042525700   -0.0115610400
   0.0021258700    0.0296499200    0.0154188800
  -0.0013358800    0.0108326400   -0.0012645400
  -0.0014895400   -0.0026078600   -0.0011181900
  -0.0012645400    0.0108326400   -0.0013358800
   0.0119361700   -0.0026180400    0.0094701100
   0.0094701100   -0.0026180400    0.0119361700
  -0.0012686400    0.0080345600   -0.0012822300
  -0.0011181900   -0.0026078600   -0.0014895400
  -0.0012822300    0.0080345600   -0.0012686400
# File: 12   
# 1       0.0000000000000000   0.0212132034355964   0.0212132034355964
# 3      -0.0212132034355964  -0.0212132034355964   0.0000000000000000
  -0.0021223100   -0.0528715100   -0.0660154800
   0.0115593200    0.0273747800    0.0158140200
   0.0660154800    0.0528715100    0.0021223100
  -0.0142282000   -0.0000007600   -0.0131403900
   0.0131403900    0.0000007600    0.0142282000
  -0.0427931700   -0.0285631300    0.0021254500
  -0.0158140200   -0.0273747800   -0.0115593200
  -0.0021254500    0.0285631300    0.0427931700
   0.0012965200   -0.0106065900   -0.0012688300
   0.0011227700    0.0000000000   -0.0011227700
   0.0012641900    0.0133205400   -0.0013261900
  -0.0091738400    0.0000000000    0.0091738400
  -0.0122200500    0.0000000000    0.0122200500
   0.0012688300    0.0106065900   -0.0012965200
   0.0014833600    0.0000000000   -0.0014833600
   0.0013261900   -0.0133205400   -0.0012641900
# File: 13   
# 1       0.0000000000000000   0.0212132034355964   0.0212132034355964
# 7       0.0212132034355964   0.0000000000000000   0.0212132034355964
   0.0005460000   -0.0660192500   -0.0502033600
   0.0291067800    0.0158112400    0.0449227800
   0.0158102900    0.0142285500    0.0026705100
  -0.0252454200    0.0021257400   -0.0110160600
   0.0294990200    0.0021262500    0.0163575600
  -0.0115579900   -0.0131410300    0.0026695200
  -0.0523279800   -0.0115633400   -0.0638906200
   0.0005444500    0.0427924800    0.0312332000
   0.0093310300   -0.0012783300   -0.0025772000
  -0.0014719500   -0.0012920100   -0.0025680900
  -0.0013406300    0.0122542600    0.0108825200
  -0.0012879200   -0.0011485100    0.0080251100
  -0.0013218400   -0.0014679000    0.0107580500
  -0.0012827200    0.0091432800    0.0078886900
  -0.0010625800   -0.0013162900   -0.0025743100
   0.0120614600   -0.0012551400   -0.0025783000
# File: 14   
# 1       0.0000000000000000   0.0212132034355964   0.0212132034355964
# 7      -0.0212132034355964   0.0000000000000000  -0.0212132034355964
  -0.0005427900   -0.0386521000   -0.0544538500
  -0.0291080300    0.0158159500   -0.0132920300
   0.0115590900   -0.0131400200    0.0015823500
  -0.0021241600    0.0021259000    0.0121049500
  -0.0021287600    0.0021258400   -0.0152695300
  -0.0158114400    0.0142285500    0.0015822500
   0.0523346000   -0.0115538800    0.0407749400
  -0.0005438000    0.0154198500    0.0269847300
  -0.0121062200   -0.0012569200    0.0000656500
   0.0011046200   -0.0012974300   -0.0000407700
   0.0013147200    0.0119006900   -0.0107767000
   0.0012875500   -0.0010840200    0.0106105800
   0.0013212900   -0.0015436200    0.0133892700
   0.0013050300    0.0094993300   -0.0132468500
   0.0014274600   -0.0013092300   -0.0000343900
  -0.0092891600   -0.0012788900    0.0000194200
# File: 15   
# 1       0.0000000000000000   0.0212132034355964   0.0212132034355964
# 8       0.0212132034355964   0.0000000000000000   0.0212132034355964
   0.0290809000   -0.0523563500   -0.0232873100
   0.0005433900    0.0021275900    0.0179394300
   0.0021231400    0.0005439000   -0.0094373100
  -0.0115597000    0.0158103000    0.0010866200
   0.0158103000   -0.0115597000    0.0010866200
   0.0021275900    0.0005433900    0.0179394300
   0.0005439000    0.0021231400   -0.0094373100
  -0.0523563500    0.0290809000   -0.0232873100
  -0.0012756700   -0.0012573100   -0.0025312800
   0.0091519100   -0.0011659800   -0.0024581300
  -0.0014343700    0.0122737600   -0.0027504900
  -0.0011804300   -0.0014250800    0.0214384800
  -0.0014250800   -0.0011804300    0.0214384800
  -0.0011659800    0.0091519100   -0.0024581300
   0.0122737600   -0.0014343700   -0.0027504900
  -0.0012573100   -0.0012756700   -0.0025312800
# File: 16   
# 1       0.0000000000000000   0.0212132034355964   0.0212132034355964
# 8      -0.0212132034355964   0.0000000000000000  -0.0212132034355964
  -0.0290992000   -0.0523235500   -0.0814302400
  -0.0005438800    0.0295037700    0.0136871600
   0.0252494300    0.0005443200    0.0136859400
  -0.0158110600   -0.0115587500   -0.0000001600
   0.0115587500    0.0158110600    0.0000001600
  -0.0295037700    0.0005438800   -0.0136871600
  -0.0005443200   -0.0252494300   -0.0136859400
   0.0523235500    0.0290992000    0.0814302400
   0.0012580900   -0.0012580900    0.0000000000
  -0.0122583600   -0.0014369600   -0.0001147800
   0.0014369600    0.0122583600    0.0001147800
   0.0011667700   -0.0011667700    0.0000000000
   0.0014589300   -0.0014589300    0.0000000000
   0.0011684200    0.0091367400   -0.0001298800
  -0.0091367400   -0.0011684200    0.0001298800
   0.0012764300   -0.0012764300    0.0000000000
# File: 17   
# 1       0.0000000000000000   0.0212132034355964   0.0212132034355964
# 9       0.0212132034355964   0.0000000000000000   0.0212132034355964
  -0.0012794100   -0.0523139100   -0.0536132700
   0.0092651000    0.0158384100    0.0145997600
   0.0123853200    0.0005622900    0.0008252000
  -0.0150653900    0.0021268000    0.0126489100
   0.0124746300    0.0021279700    0.0098083400
  -0.0149960000    0.0005031400    0.0008158400
   0.0121018700   -0.0115390700   -0.0129369500
  -0.0012724500    0.0290838200    0.0278369000
  -0.0699415200   -0.0012412100   -0.0712015700
   0.0022439000    0.0018828300    0.0041419200
   0.0086061200    0.0120580400    0.0072840300
   0.0054725800   -0.0045045600    0.0117563100
   0.0054323800    0.0018387700    0.0145143400
   0.0022564900    0.0093270300    0.0009577200
   0.0026323700   -0.0044841400    0.0041555500
   0.0296839900   -0.0012662000    0.0284069800
# File: 18   
# 1       0.0000000000000000   0.0212132034355964   0.0212132034355964
# 9      -0.0212132034355964   0.0000000000000000  -0.0212132034355964
   0.0012813400   -0.0522988100   -0.0510565100
  -0.0121030200    0.0157901500    0.0171883300
   0.0149858300    0.0005833700    0.0034270300
  -0.0124652900    0.0021257700   -0.0087256400
   0.0150549700    0.0021233900   -0.0115591600
  -0.0123762200    0.0005258000    0.0034364000
  -0.0092654100   -0.0115836000   -0.0103445900
   0.0012729400    0.0290834200    0.0303799300
   0.0699247700   -0.0012913700    0.0686702300
  -0.0026109700   -0.0044912600   -0.0067500900
  -0.0086055500    0.0120894200   -0.0099285700
  -0.0054723800    0.0019077800    0.0068837600
  -0.0054316800   -0.0044834800    0.0096372800
  -0.0022566500    0.0093105800   -0.0035549300
  -0.0022675100    0.0018760500   -0.0067642200
  -0.0296651600   -0.0012671800   -0.0309392400
# File: 19   
# 1       0.0000000000000000   0.0212132034355964   0.0212132034355964
# 9       0.0000000000000000   0.0212132034355964   0.0212132034355964
   0.0000080600   -0.0536012300   -0.0536012300
   0.0000081600    0.0145065100    0.0145065100
   0.0137082400    0.0098202500    0.0008929300
  -0.0136593000    0.0007215700    0.0126590900
   0.0137082400    0.0008929300    0.0098202500
  -0.0136593000    0.0126590900    0.0007215700
  -0.0000519600   -0.0128664600   -0.0128664600
  -0.0000256900    0.0278350600    0.0278350600
   0.0000418700   -0.0712257400   -0.0712257400
  -0.0002105300    0.0073463400    0.0073463400
   0.0031714300    0.0145049900    0.0040989200
  -0.0032102900    0.0041784500    0.0117678300
   0.0031714300    0.0040989200    0.0145049900
  -0.0032102900    0.0117678300    0.0041784500
   0.0002007100    0.0009542100    0.0009542100
   0.0000092100    0.0284072600    0.0284072600
# File: 20   
# 1       0.0000000000000000   0.0212132034355964   0.0212132034355964
# 9       0.0000000000000000  -0.0212132034355964  -0.0212132034355964
   0.0000440800   -0.0510651800   -0.0510651800
   0.0000497700    0.0171194000    0.0171194000
   0.0136588500   -0.0115707300    0.0035182400
  -0.0137078300    0.0033705100   -0.0087369800
   0.0136588500    0.0035182400   -0.0115707300
  -0.0137078300   -0.0087369800    0.0033705100
  -0.0000067700   -0.0102539600   -0.0102539600
  -0.0000256800    0.0303773300    0.0303773300
  -0.0000592600    0.0686958400    0.0686958400
  -0.0001554500   -0.0099542200   -0.0099542200
  -0.0031723900    0.0096468200   -0.0067424100
   0.0032107300   -0.0067750700    0.0068717200
  -0.0031723900   -0.0067424100    0.0096468200
   0.0032107300    0.0068717200   -0.0067750700
   0.0001653400   -0.0035626000   -0.0035626000
   0.0000092500   -0.0309387300   -0.0309387300
# File: 21   
# 1       0.0000000000000000   0.0212132034355964   0.0212132034355964
# 10      0.0212132034355964   0.0000000000000000   0.0212132034355964
   0.0092769900   -0.0525058000   -0.0537395600
  -0.0012664300    0.0158646300    0.0145657800
   0.0122843900    0.0005431600    0.0142844700
  -0.0149944600    0.0021762500   -0.0007679800
   0.0123813800    0.0021495100   -0.0007688700
  -0.0149295800    0.0005343400    0.0114284300
  -0.0012693800   -0.0116090800   -0.0128554600
   0.0122511500    0.0291057300    0.0277092500
   0.0024260900    0.0019132200    0.0041722200
  -0.0700665300   -0.0012350900   -0.0711932100
   0.0053780400    0.0088481400    0.0011352600
   0.0086941400   -0.0012680400    0.0179284700
   0.0022059200   -0.0013319700    0.0142742400
   0.0054736500    0.0124524200    0.0011497000
   0.0297142500   -0.0011712700    0.0285036100
   0.0024403900   -0.0044661600    0.0041736600
# File: 22   
# 1       0.0000000000000000   0.0212132034355964   0.0212132034355964
# 10     -0.0212132034355964   0.0000000000000000  -0.0212132034355964
  -0.0120828600   -0.0521425600   -0.0507512800
   0.0012653600    0.0158131800    0.0170613400
   0.0149178400    0.0005433900   -0.0071985600
  -0.0123747400    0.0021377600    0.0018563300
   0.0149876800    0.0020387300    0.0018547900
  -0.0122836900    0.0005549100   -0.0100129100
   0.0012691700   -0.0115630600   -0.0102652200
  -0.0094238700    0.0291005600    0.0303338000
  -0.0024428000   -0.0044469300   -0.0067053300
   0.0696577800   -0.0013916300    0.0685692900
  -0.0053774600    0.0153062900   -0.0037787000
  -0.0086822600   -0.0013282100    0.0007143800
  -0.0021956500   -0.0013124000    0.0098831700
  -0.0054725500    0.0061917600   -0.0037460600
  -0.0293409300   -0.0014345700   -0.0311078200
  -0.0024210200    0.0019327700   -0.0067072300
# File: 23   
# 1       0.0000000000000000   0.0212132034355964   0.0212132034355964
# 10      0.0000000000000000   0.0212132034355964   0.0212132034355964
   0.0000063800   -0.0536303200   -0.0536303200
   0.0000385000    0.0145414000    0.0145414000
   0.0136808100   -0.0008493200    0.0142641100
  -0.0136853400    0.0113760500   -0.0006997300
   0.0136808100    0.0142641100   -0.0008493200
  -0.0136853400   -0.0006997300    0.0113760500
  -0.0000193300   -0.0128332500   -0.0128332500
   0.0002393200    0.0278023200    0.0278023200
  -0.0000220000    0.0073838800    0.0073838800
  -0.0000251200   -0.0712600700   -0.0712600700
  -0.0032207300    0.0175228900    0.0010987700
   0.0031632300    0.0011596300    0.0147625100
  -0.0032207300    0.0010987700    0.0175228900
   0.0031632300    0.0147625100    0.0011596300
  -0.0000820600    0.0283698100    0.0283698100
  -0.0000116100    0.0009913300    0.0009913300
# File: 24   
# 1       0.0000000000000000   0.0212132034355964   0.0212132034355964
# 10      0.0000000000000000  -0.0212132034355964  -0.0212132034355964
   0.0000526400   -0.0510362300   -0.0510362300
   0.0000120900    0.0170847200    0.0170847200
   0.0136855400    0.0017771600   -0.0071759400
  -0.0136808300   -0.0099599600    0.0019468200
   0.0136855400   -0.0071759400    0.0017771600
  -0.0136808300    0.0019468200   -0.0099599600
  -0.0000320800   -0.0102873600   -0.0102873600
  -0.0002976100    0.0304050200    0.0304050200
   0.0000045400   -0.0099167700   -0.0099167700
  -0.0003400400    0.0686615500    0.0686615500
   0.0032199000    0.0066258500   -0.0037423400
  -0.0031632300   -0.0037564100    0.0038741600
   0.0032199000   -0.0037423400    0.0066258500
  -0.0031632300    0.0038741600   -0.0037564100
   0.0004476300   -0.0309747500   -0.0309747500
   0.0000300700   -0.0035255000   -0.0035255000
# File: 25   
# 1       0.0000000000000000   0.0212132034355964   0.0212132034355964
# 11      0.0212132034355964   0.0000000000000000   0.0212132034355964
  -0.0013227500   -0.0523101500   -0.0536518200
  -0.0014164500    0.0157765000    0.0280759000
   0.0124036300    0.0005762600    0.0008437600
  -0.0042829300    0.0021639100   -0.0007150900
   0.0259579200    0.0020877600   -0.0008673200
  -0.0149482600    0.0005214400    0.0008643400
  -0.0012536900   -0.0115238400   -0.0021508400
  -0.0014399600    0.0292091900    0.0276718400
   0.0085971100   -0.0012750600    0.0073395700
   0.0052294000   -0.0045261700    0.0011169700
  -0.0699207200    0.0121596400   -0.0712425100
   0.0024405600    0.0018907900    0.0147284300
   0.0024470800   -0.0045317300    0.0174609400
   0.0296699800    0.0091868400    0.0283725100
   0.0055708100    0.0018724900    0.0011604800
   0.0022682500   -0.0012778800    0.0009928400
# File: 26   
# 1       0.0000000000000000   0.0212132034355964   0.0212132034355964
# 11     -0.0212132034355964   0.0000000000000000  -0.0212132034355964
   0.0013228700   -0.0522635900   -0.0510159200
   0.0012524300    0.0158492600    0.0063841700
   0.0149657500    0.0005621500    0.0034085900
  -0.0259202600    0.0020884700    0.0019658000
   0.0042452800    0.0021621100    0.0017908300
  -0.0124222600    0.0005147700    0.0033875900
   0.0014172200   -0.0115977000   -0.0238046300
   0.0014374200    0.0289281500    0.0305399200
  -0.0086146700   -0.0012579000   -0.0098723000
  -0.0055965200    0.0019168500   -0.0037264100
   0.0699241600    0.0119735100    0.0686043400
  -0.0024390600   -0.0044884500    0.0039095100
  -0.0024475100    0.0018859800    0.0066877600
  -0.0296694000    0.0094636600   -0.0309650900
  -0.0052049200   -0.0044818700   -0.0037678900
  -0.0022505200   -0.0012554100   -0.0035262700
# File: 27   
# 1       0.0000000000000000   0.0212132034355964   0.0212132034355964
# 11      0.0000000000000000   0.0212132034355964   0.0212132034355964
   0.0000000000   -0.0401014400   -0.0537469000
   0.0000000000    0.0143686500    0.0279711500
   0.0137245600   -0.0007255100    0.0008551500
  -0.0135339000    0.0008101600   -0.0007848000
   0.0135339000    0.0008101600   -0.0007848000
  -0.0137245600   -0.0007255100    0.0008551500
   0.0000000000   -0.0127750100   -0.0019801700
   0.0000000000    0.0413583200    0.0275797100
   0.0031585800    0.0011673400    0.0041516000
  -0.0034122300    0.0041132200    0.0011514800
   0.0000000000   -0.0606759500   -0.0711678300
   0.0000000000    0.0073885100    0.0179253000
   0.0000000000    0.0008623200    0.0141669600
   0.0000000000    0.0388441800    0.0285049200
   0.0034122300    0.0041132200    0.0011514800
  -0.0031585800    0.0011673400    0.0041516000
# File: 28   
# 1       0.0000000000000000   0.0212132034355964   0.0212132034355964
# 11      0.0000000000000000  -0.0212132034355964  -0.0212132034355964
  -0.0000000000   -0.0676060600   -0.0507128300
  -0.0000000000    0.0170912500    0.0064775800
   0.0136964800    0.0018113300    0.0033964800
  -0.0137715200    0.0034416600    0.0018725300
   0.0137715200    0.0034416600    0.0018725300
  -0.0136964800    0.0018113300    0.0033964800
  -0.0000000000   -0.0101909100   -0.0239882900
  -0.0000000000    0.0196450600    0.0304569100
  -0.0031755900   -0.0036973900   -0.0066832500
   0.0030442000   -0.0067164300   -0.0037583800
  -0.0000000000    0.0850187900    0.0684879100
  -0.0000000000   -0.0099757500    0.0007179700
  -0.0000000000   -0.0034936100    0.0099925200
  -0.0000000000   -0.0201671200   -0.0310865300
  -0.0030442000   -0.0067164300   -0.0037583800
   0.0031755900   -0.0036973900   -0.0066832500
# File: 29   
# 1       0.0000000000000000   0.0212132034355964   0.0212132034355964
# 12      0.0212132034355964   0.0000000000000000   0.0212132034355964
  -0.0013750900   -0.0521449500   -0.0431358600
  -0.0012903500    0.0159495600    0.0145149700
   0.0229607600    0.0005440200    0.0009334900
  -0.0149370300    0.0021402000   -0.0007253600
   0.0123905600    0.0021102700   -0.0007286400
  -0.0018585200    0.0005538900    0.0007004400
  -0.0012898300   -0.0117681400   -0.0128570000
  -0.0011058500    0.0291120800    0.0383872600
   0.0054599000   -0.0044703900    0.0011751100
   0.0084632700   -0.0013417600    0.0073449500
   0.0024401600    0.0152648500    0.0040900200
  -0.0699902200   -0.0013744000   -0.0577751000
   0.0296758100   -0.0014595300    0.0417346900
   0.0024362200    0.0062202000    0.0042037400
   0.0025365600   -0.0012945300    0.0009685800
   0.0054836500    0.0019586400    0.0011687100
# File: 30   
# 1       0.0000000000000000   0.0212132034355964   0.0212132034355964
# 12     -0.0212132034355964   0.0000000000000000  -0.0212132034355964
   0.0012433200   -0.0525060200   -0.0589210100
   0.0012892600    0.0157350700    0.0171133200
   0.0015600700    0.0005425000    0.0034762400
  -0.0124345400    0.0021643900    0.0018118300
   0.0149798300    0.0020890500    0.0018146400
  -0.0226871400    0.0005353000    0.0033922700
   0.0012914300   -0.0114122500   -0.0102659000
   0.0012567800    0.0290968400    0.0169528600
  -0.0054763400    0.0019358300   -0.0037063100
  -0.0088283900   -0.0012660600   -0.0099549500
  -0.0024395300    0.0088910800   -0.0067295500
   0.0699759200   -0.0012395600    0.0766394700
  -0.0296640900   -0.0011828100   -0.0175531900
  -0.0024353100    0.0124217600   -0.0067960600
  -0.0021679200   -0.0013139600   -0.0035736200
  -0.0054633500   -0.0044911500   -0.0037000400
# File: 31   
# 1       0.0000000000000000   0.0212132034355964   0.0212132034355964
# 12      0.0000000000000000   0.0212132034355964   0.0212132034355964
  -0.0000000000   -0.0535148000   -0.0431187300
  -0.0000000000    0.0250412300    0.0146199500
   0.0138376300   -0.0007410100    0.0008286200
  -0.0136478300    0.0008520100   -0.0007317900
   0.0136478300    0.0008520100   -0.0007317900
  -0.0138376300   -0.0007410100    0.0008286200
  -0.0000000000    0.0002413400   -0.0129801400
  -0.0000000000    0.0280055800    0.0382518400
  -0.0032254400    0.0042146600    0.0011796300
   0.0029715700    0.0011212300    0.0041762200
  -0.0000000000    0.0207567800    0.0072890900
  -0.0000000000   -0.0713620300   -0.0578599600
  -0.0000000000    0.0282154300    0.0418647200
  -0.0000000000    0.0117227000    0.0010278700
  -0.0029715700    0.0011212300    0.0041762200
   0.0032254400    0.0042146600    0.0011796300
# File: 32   
# 1       0.0000000000000000   0.0212132034355964   0.0212132034355964
# 12      0.0000000000000000  -0.0212132034355964  -0.0212132034355964
   0.0000000000   -0.0512688300   -0.0589119600
   0.0000000000    0.0037346500    0.0171583300
   0.0135846200    0.0018289900    0.0034230800
  -0.0136692100    0.0033995100    0.0018175800
   0.0136692100    0.0033995100    0.0018175800
  -0.0135846200    0.0018289900    0.0034230800
   0.0000000000   -0.0205363500   -0.0103040800
   0.0000000000    0.0303487400    0.0170775000
   0.0032064300   -0.0067466700   -0.0037096600
  -0.0033356300   -0.0037280300   -0.0067791400
   0.0000000000    0.0033981100   -0.0099238600
   0.0000000000    0.0687368600    0.0766881300
   0.0000000000   -0.0308458200   -0.0176761200
   0.0000000000    0.0069250300   -0.0036116500
   0.0033356300   -0.0037280300   -0.0067791400
  -0.0032064300   -0.0067466700   -0.0037096600
# File: 33   
# 9       0.0000000000000000   0.0212132034355964   0.0212132034355964
# 1       0.0212132034355964   0.0000000000000000   0.0212132034355964
  -0.0523140700   -0.0012795000   -0.0536135400
   0.0005622400    0.0123856000    0.0008252800
   0.0158386700    0.0092651000    0.0145998900
   0.0021266900   -0.0150655300    0.0126489300
   0.0021280400    0.0124748100    0.0098083200
  -0.0115393700    0.0121019000   -0.0129371200
   0.0005031300   -0.0149962700    0.0008157600
   0.0290839500   -0.0012723400    0.0278371600
  -0.0012412500   -0.0699414800   -0.0712016100
   0.0120581400    0.0086060600    0.0072840200
   0.0018828400    0.0022438600    0.0041419000
  -0.0045045200    0.0054725500    0.0117563300
   0.0018388500    0.0054322900    0.0145143600
  -0.0044841500    0.0026324100    0.0041555600
   0.0093270000    0.0022565600    0.0009577500
  -0.0012662000    0.0296839900    0.0284070100
# File: 34   
# 9       0.0000000000000000   0.0212132034355964   0.0212132034355964
# 1      -0.0212132034355964   0.0000000000000000  -0.0212132034355964
   0.0523683700   -0.0012630700    0.0510743700
  -0.0005038200   -0.0149988000   -0.0034404100
  -0.0158375900    0.0092876300   -0.0170765200
  -0.0021268100    0.0122700800    0.0115800600
  -0.0021292000   -0.0149507900    0.0087480600
   0.0115400600    0.0121241200    0.0101418400
  -0.0005619600    0.0123823100   -0.0034298400
  -0.0291349100   -0.0012731700   -0.0303797400
   0.0012400300   -0.0699941000   -0.0687214600
  -0.0093086800    0.0086930200    0.0099922600
   0.0045020200    0.0022699800    0.0067608900
  -0.0018546100    0.0054252100   -0.0096324100
   0.0045208100    0.0054687800   -0.0068813700
  -0.0018969200    0.0026158200    0.0067433600
  -0.0120839900    0.0022597500    0.0035816900
   0.0012671800    0.0296832500    0.0309392300
# File: 35   
# 9       0.0000000000000000   0.0212132034355964   0.0212132034355964
# 1       0.0000000000000000   0.0212132034355964   0.0212132034355964
   0.0000080600   -0.0536012300   -0.0536012300
   0.0000081600    0.0145065100    0.0145065100
   0.0137082400    0.0098202500    0.0008929300
  -0.0136593000    0.0007215700    0.0126590900
   0.0137082400    0.0008929300    0.0098202500
  -0.0136593000    0.0126590900    0.0007215700
  -0.0000519600   -0.0128664600   -0.0128664600
  -0.0000256900    0.0278350600    0.0278350600
   0.0000418700   -0.0712257400   -0.0712257400
  -0.0002105300    0.0073463400    0.0073463400
   0.0031714300    0.0145049900    0.0040989200
  -0.0032102900    0.0041784500    0.0117678300
   0.0031714300    0.0040989200    0.0145049900
  -0.0032102900    0.0117678300    0.0041784500
   0.0002007100    0.0009542100    0.0009542100
   0.0000092100    0.0284072600    0.0284072600
# File: 36   
# 9       0.0000000000000000   0.0212132034355964   0.0212132034355964
# 1       0.0000000000000000  -0.0212132034355964  -0.0212132034355964
   0.0000432300    0.0510657300    0.0510657300
   0.0000502100   -0.0171197600   -0.0171197600
  -0.0137081300    0.0087371500   -0.0033705700
   0.0136594400   -0.0035182300    0.0115707700
  -0.0137081300   -0.0033705700    0.0087371500
   0.0136594400    0.0115707700   -0.0035182300
  -0.0000068100    0.0102542900    0.0102542900
  -0.0000258400   -0.0303778200   -0.0303778200
  -0.0000612100   -0.0686958700   -0.0686958700
  -0.0001603500    0.0099540400    0.0099540400
   0.0032121600   -0.0068729200    0.0067769500
  -0.0031704600    0.0067406200   -0.0096455000
   0.0032121600    0.0067769500   -0.0068729200
  -0.0031704600   -0.0096455000    0.0067406200
   0.0001654900    0.0035623900    0.0035623900
   0.0000092500    0.0309387300    0.0309387300
# File: 37   
# 9       0.0000000000000000   0.0212132034355964   0.0212132034355964
# 2       0.0212132034355964   0.0000000000000000   0.0212132034355964
   0.0005761800    0.0124019700    0.0008440200
  -0.0523091400   -0.0013228800   -0.0536505100
   0.0021636800   -0.0042808600   -0.0007149300
   0.0157747200   -0.0014164100    0.0280748900
  -0.0115221400   -0.0012533900   -0.0021488000
   0.0020879600    0.0259569400   -0.0008672900
   0.0292069300   -0.0014396400    0.0276694800
   0.0005215600   -0.0149465800    0.0008642300
   0.0121601800   -0.0699208700   -0.0712422800
  -0.0012752400    0.0085967100    0.0073392400
   0.0018908000    0.0024407200    0.0147284300
  -0.0045258900    0.0052291800    0.0011170000
   0.0018724800    0.0055706600    0.0011605300
  -0.0045313700    0.0024470300    0.0174611800
  -0.0012777900    0.0022679900    0.0009928400
   0.0091870900    0.0296694500    0.0283719800
# File: 38   
# 9       0.0000000000000000   0.0212132034355964   0.0212132034355964
# 2      -0.0212132034355964   0.0000000000000000  -0.0212132034355964
  -0.0005239300   -0.0149449900   -0.0033879000
   0.0523495500   -0.0012992700    0.0510393400
  -0.0021630800    0.0228380400   -0.0017626600
  -0.0157703100   -0.0013784600   -0.0038462800
   0.0115279000   -0.0012237700    0.0207070400
  -0.0020872300   -0.0017225300   -0.0019268400
  -0.0292550400   -0.0011690800   -0.0302717200
  -0.0005723100    0.0123996900   -0.0034102900
  -0.0093794700   -0.0699837200   -0.0686868800
   0.0012680900    0.0086841200    0.0099596700
   0.0045121600    0.0024391200   -0.0065894700
  -0.0018581900    0.0053001000    0.0037650100
   0.0045117500    0.0056902600    0.0037178600
  -0.0018807900    0.0024357700   -0.0038189600
   0.0012763400    0.0022653000    0.0035231000
  -0.0119554400    0.0296694300    0.0309889800
# File: 39   
# 9       0.0000000000000000   0.0212132034355964   0.0212132034355964
# 2       0.0000000000000000   0.0212132034355964   0.0212132034355964
   0.0000386500    0.0145417200    0.0145417200
   0.0000063400   -0.0536306400   -0.0536306400
  -0.0136856900    0.0113760700   -0.0006998400
   0.0136811200   -0.0008492900    0.0142641700
  -0.0136856900   -0.0006998400    0.0113760700
   0.0136811200    0.0142641700   -0.0008492900
   0.0002393500    0.0278026300    0.0278026300
  -0.0000194400   -0.0128334200   -0.0128334200
  -0.0000249800   -0.0712599300   -0.0712599300
  -0.0000222700    0.0073836700    0.0073836700
   0.0031630300    0.0011598400    0.0147626800
  -0.0032204500    0.0175226300    0.0010985100
   0.0031630300    0.0147626800    0.0011598400
  -0.0032204500    0.0010985100    0.0175226300
  -0.0000116600    0.0009912800    0.0009912800
  -0.0000820200    0.0283699300    0.0283699300
# File: 40   
# 9       0.0000000000000000   0.0212132034355964   0.0212132034355964
# 2       0.0000000000000000  -0.0212132034355964  -0.0212132034355964
   0.0000127500   -0.0170845200   -0.0170845200
   0.0000516000    0.0510361500    0.0510361500
   0.0136855100    0.0071758600   -0.0017772000
  -0.0136805700   -0.0019466600    0.0099601200
   0.0136855100   -0.0017772000    0.0071758600
  -0.0136805700    0.0099601200   -0.0019466600
  -0.0002975900   -0.0304049200   -0.0304049200
  -0.0000320700    0.0102871900    0.0102871900
  -0.0003415700   -0.0686615800   -0.0686615800
  -0.0000008800    0.0099166700    0.0099166700
   0.0032216100    0.0037414400   -0.0066237500
  -0.0031615500   -0.0038761800    0.0037574500
   0.0032216100   -0.0066237500    0.0037414400
  -0.0031615500    0.0037574500   -0.0038761800
   0.0000300100    0.0035253600    0.0035253600
   0.0004477700    0.0309745800    0.0309745800
# File: 41   
# 9       0.0000000000000000   0.0212132034355964   0.0212132034355964
# 3       0.0212132034355964   0.0000000000000000   0.0212132034355964
   0.0158647300   -0.0012663300    0.0145657700
   0.0021761000   -0.0149944500   -0.0007680400
  -0.0525058000    0.0092768300   -0.0537396500
   0.0005432000    0.0122845000    0.0142846100
   0.0005342400   -0.0149296300    0.0114283200
   0.0291056900    0.0122513000    0.0277093000
   0.0021496500    0.0123813600   -0.0007687900
  -0.0116091700   -0.0012694500   -0.0128554600
  -0.0012351200   -0.0700664700   -0.0711932200
  -0.0012679800    0.0086941200    0.0179284700
   0.0019131900    0.0024261000    0.0041722000
   0.0088482000    0.0053779600    0.0011352500
   0.0124524500    0.0054736400    0.0011497300
  -0.0044661700    0.0024404000    0.0041736600
  -0.0013319400    0.0022058400    0.0142742200
  -0.0011712800    0.0297142700    0.0285036300
# File: 42   
# 9       0.0000000000000000   0.0212132034355964   0.0212132034355964
# 3      -0.0212132034355964   0.0000000000000000  -0.0212132034355964
  -0.0158114000   -0.0012784300   -0.0171110900
  -0.0021200200    0.0123813900   -0.0018464900
   0.0525104300    0.0092727800    0.0512775600
  -0.0005432900   -0.0150793300    0.0099411000
  -0.0005350500    0.0124542200    0.0071200700
  -0.0291034500    0.0119913200   -0.0304961300
  -0.0022058300   -0.0149943400   -0.0018450400
   0.0115568000   -0.0012755400    0.0103106700
   0.0012327000   -0.0701864700   -0.0687280000
   0.0012831000    0.0086025900   -0.0033889100
   0.0044716500    0.0024355800    0.0067305900
  -0.0124754200    0.0055162500    0.0037245100
  -0.0088236500    0.0054228500    0.0037509900
  -0.0019148800    0.0024599400    0.0067252600
   0.0013086200    0.0023046900   -0.0070089100
   0.0011697100    0.0299725200    0.0308438200
# File: 43   
# 9       0.0000000000000000   0.0212132034355964   0.0212132034355964
# 3       0.0000000000000000   0.0212132034355964   0.0212132034355964
   0.0137246000   -0.0007255000    0.0008551700
  -0.0135335900    0.0008101500   -0.0007848100
  -0.0000000000   -0.0401011500   -0.0537469600
  -0.0000000000    0.0143687100    0.0279708700
  -0.0000000000   -0.0127750700   -0.0019798700
  -0.0000000000    0.0413580200    0.0275797300
   0.0135335900    0.0008101500   -0.0007848100
  -0.0137246000   -0.0007255000    0.0008551700
  -0.0000000000   -0.0606759100   -0.0711677600
  -0.0000000000    0.0073884700    0.0179251700
   0.0031586200    0.0011673300    0.0041515700
  -0.0034123000    0.0041132300    0.0011515000
   0.0034123000    0.0041132300    0.0011515000
  -0.0031586200    0.0011673300    0.0041515700
  -0.0000000000    0.0008623200    0.0141670500
  -0.0000000000    0.0388441800    0.0285049300
# File: 44   
# 9       0.0000000000000000   0.0212132034355964   0.0212132034355964
# 3       0.0000000000000000  -0.0212132034355964  -0.0212132034355964
  -0.0136676200   -0.0018176000   -0.0033995500
   0.0135830600   -0.0034230100   -0.0018288800
   0.0000000000    0.0589113800    0.0512679800
   0.0000000000   -0.0171565600   -0.0037328500
   0.0000000000    0.0103025400    0.0205355000
   0.0000000000   -0.0170747200   -0.0303462700
  -0.0135830600   -0.0034230100   -0.0018288800
   0.0136676200   -0.0018176000   -0.0033995500
   0.0000000000   -0.0766877300   -0.0687367500
   0.0000000000    0.0099234900   -0.0033982900
   0.0032063600    0.0037095200    0.0067464200
  -0.0033353900    0.0067787400    0.0037276900
   0.0033353900    0.0067787400    0.0037276900
  -0.0032063600    0.0037095200    0.0067464200
   0.0000000000    0.0036112000   -0.0069257600
   0.0000000000    0.0176751000    0.0308450700
# File: 45   
# 9       0.0000000000000000   0.0212132034355964   0.0212132034355964
# 4       0.0212132034355964   0.0000000000000000   0.0212132034355964
   0.0021399300   -0.0149351800   -0.0007253400
   0.0159475800   -0.0012904200    0.0145132000
   0.0005438800    0.0229592700    0.0009337500
  -0.0521437200   -0.0013753500   -0.0431339300
   0.0291094800   -0.0011054300    0.0383849100
   0.0005539800   -0.0018560100    0.0007001900
  -0.0117661000   -0.0012897300   -0.0128551500
   0.0021106600    0.0123887000   -0.0007287700
  -0.0013740900   -0.0699899000   -0.0577742500
  -0.0013418500    0.0084629100    0.0073448200
   0.0152651900    0.0024402300    0.0040898000
  -0.0044703300    0.0054596700    0.0011750600
   0.0019587200    0.0054835100    0.0011688000
   0.0062205600    0.0024360800    0.0042037000
  -0.0012944400    0.0025362100    0.0009685200
  -0.0014594500    0.0296754500    0.0417347000
# File: 46   
# 9       0.0000000000000000   0.0212132034355964   0.0212132034355964
# 4      -0.0212132034355964   0.0000000000000000  -0.0212132034355964
  -0.0020888900    0.0123899900   -0.0018188000
  -0.0158813100   -0.0013227000   -0.0171273200
  -0.0005424100   -0.0043960200   -0.0034100000
   0.0521363600   -0.0014302300    0.0676464200
  -0.0290966700   -0.0013657000   -0.0197886200
  -0.0005553400    0.0260829700   -0.0034956400
   0.0117078500   -0.0013253400    0.0102427700
  -0.0021602500   -0.0149335300   -0.0018145900
   0.0014263200   -0.0699126000   -0.0851367000
   0.0013352000    0.0084672500    0.0099510700
  -0.0061352200    0.0024395500    0.0067817900
  -0.0019117500    0.0054197200    0.0037047400
   0.0044245300    0.0054356000    0.0037085100
  -0.0153764100    0.0024468000    0.0067070800
   0.0012942600    0.0023402700    0.0035405900
   0.0014237300    0.0296639700    0.0203087000
# File: 47   
# 9       0.0000000000000000   0.0212132034355964   0.0212132034355964
# 4       0.0000000000000000   0.0212132034355964   0.0212132034355964
  -0.0136476300    0.0008520400   -0.0007318300
   0.0138375700   -0.0007411400    0.0008286800
   0.0000000000    0.0250412500    0.0146196100
   0.0000000000   -0.0535145100   -0.0431186400
   0.0000000000    0.0280053500    0.0382518800
   0.0000000000    0.0002414200   -0.0129799100
  -0.0138375700   -0.0007411400    0.0008286800
   0.0136476300    0.0008520400   -0.0007318300
   0.0000000000   -0.0713621600   -0.0578599700
   0.0000000000    0.0207569900    0.0072893600
   0.0029717500    0.0011211100    0.0041761500
  -0.0032253500    0.0042148100    0.0011796300
   0.0032253500    0.0042148100    0.0011796300
  -0.0029717500    0.0011211100    0.0041761500
   0.0000000000    0.0117227800    0.0010277000
   0.0000000000    0.0282152400    0.0418647200
# File: 48   
# 9       0.0000000000000000   0.0212132034355964   0.0212132034355964
# 4       0.0000000000000000  -0.0212132034355964  -0.0212132034355964
   0.0136964700   -0.0033964400   -0.0018113000
  -0.0137712400   -0.0018725500   -0.0034416900
  -0.0000000000   -0.0064771800   -0.0170914400
  -0.0000000000    0.0507126800    0.0676060300
  -0.0000000000   -0.0304569100   -0.0196448600
  -0.0000000000    0.0239880700    0.0101909000
   0.0137712400   -0.0018725500   -0.0034416900
  -0.0136964700   -0.0033964400   -0.0018113000
  -0.0000000000   -0.0684876500   -0.0850188900
  -0.0000000000   -0.0007181900    0.0099758300
   0.0030441800    0.0037583900    0.0067164500
  -0.0031756100    0.0066832400    0.0036973600
   0.0031756100    0.0066832400    0.0036973600
  -0.0030441800    0.0037583900    0.0067164500
  -0.0000000000   -0.0099926100    0.0034936400
  -0.0000000000    0.0310865300    0.0201671600
# File: 49   
# 9       0.0000000000000000   0.0212132034355964   0.0212132034355964
# 9       0.0212132034355964   0.0000000000000000   0.0212132034355964
  -0.0012202300   -0.0012202300   -0.0025177000
   0.0093227200   -0.0012343800   -0.0024705200
  -0.0012343800    0.0093227200   -0.0024705200
  -0.0015094700   -0.0015094700    0.0273281400
  -0.0011859100   -0.0011859100    0.0159159500
  -0.0013944600    0.0120360600   -0.0027896000
   0.0120360600   -0.0013944600   -0.0027896000
  -0.0013224900   -0.0013224900   -0.0025684100
  -0.0698297200   -0.0698297200   -0.1403200000
   0.0024341200    0.0118473900    0.0141057100
   0.0118473900    0.0024341200    0.0141057100
   0.0022556500    0.0022556500    0.0048820300
   0.0086404800    0.0086404800    0.0048750300
  -0.0009308100    0.0024420700    0.0076983300
   0.0024420700   -0.0009308100    0.0076983300
   0.0296489700    0.0296489700    0.0593171200
# File: 50   
# 9       0.0000000000000000   0.0212132034355964   0.0212132034355964
# 9      -0.0212132034355964   0.0000000000000000  -0.0212132034355964
   0.0012727300   -0.0012727300   -0.0000258400
  -0.0121129900   -0.0013977300    0.0000000000
   0.0012385000    0.0092780900    0.0000000000
   0.0013070500   -0.0013070500   -0.0000300000
   0.0013070500   -0.0013070500    0.0000300000
   0.0013977300    0.0121129900    0.0000000000
  -0.0092780900   -0.0012385000    0.0000000000
   0.0012727300   -0.0012727300    0.0000258400
   0.0699594500   -0.0699594500    0.0000000000
  -0.0024425400    0.0054502400    0.0031917800
  -0.0054502400    0.0024425400   -0.0031917800
  -0.0086465700    0.0086465700    0.0000000000
  -0.0022581700    0.0022581700    0.0000000000
  -0.0054502400    0.0024425400    0.0031917800
  -0.0024425400    0.0054502400   -0.0031917800
  -0.0296738800    0.0296738800    0.0000000000
# File: 51   
# 9       0.0000000000000000   0.0212132034355964   0.0212132034355964
# 10      0.0212132034355964   0.0000000000000000   0.0212132034355964
   0.0092585500   -0.0012855200   -0.0025220900
  -0.0012857600   -0.0012876800   -0.0025838100
  -0.0013634100    0.0092831800    0.0108407200
  -0.0013425600   -0.0014039100    0.0108064000
  -0.0012716600   -0.0012211600    0.0079673800
  -0.0012705100    0.0121133400    0.0079237500
  -0.0012583000   -0.0013258200   -0.0025748300
   0.0121328000   -0.0012587600   -0.0026590900
   0.0024383600   -0.0667637100   -0.0645029100
  -0.0699630000    0.0086380600   -0.0613183000
   0.0086415300   -0.0007511900    0.0078926300
   0.0054589900    0.0054461900    0.0110919700
   0.0054501200    0.0054503600    0.0046969800
   0.0022599700    0.0056335400    0.0078896600
   0.0296742100    0.0022519200    0.0319269100
   0.0024406800    0.0264811500    0.0351246600
# File: 52   
# 9       0.0000000000000000   0.0212132034355964   0.0212132034355964
# 10     -0.0212132034355964   0.0000000000000000  -0.0212132034355964
  -0.0120426800   -0.0012608800    0.0001383700
   0.0013450400   -0.0012763100   -0.0000285700
   0.0012035800    0.0092767100   -0.0104727300
   0.0013400000   -0.0013359100    0.0134188400
   0.0012724200   -0.0013122700    0.0105862400
   0.0014334000    0.0121181200   -0.0135520000
   0.0011992800   -0.0013373100   -0.0000409200
  -0.0093425900   -0.0012842900   -0.0000473000
  -0.0024390300   -0.0731600700   -0.0754161100
   0.0699492500    0.0086659300    0.0786124000
  -0.0022563800    0.0056325200    0.0030097800
  -0.0118405200    0.0054510800   -0.0062085100
   0.0009346300    0.0054505100    0.0001819900
  -0.0086407400   -0.0007501600    0.0030087800
  -0.0296751500    0.0022620200   -0.0274177800
  -0.0024405200    0.0328603000    0.0242275300
# File: 53   
# 9       0.0000000000000000   0.0212132034355964   0.0212132034355964
# 11      0.0000000000000000   0.0212132034355964   0.0212132034355964
   0.0000264500    0.0079888500   -0.0025291200
  -0.0000142200   -0.0026948900    0.0108150200
   0.0000264500    0.0079888500   -0.0025291200
  -0.0000142200   -0.0026948900    0.0108150200
   0.0000154900   -0.0025547500    0.0079663600
  -0.0000260100    0.0108633400   -0.0026518900
   0.0000154900   -0.0025547500    0.0079663600
  -0.0000260100    0.0108633400   -0.0026518900
   0.0031918000   -0.0675239000   -0.0645114400
  -0.0031936400    0.0140991500    0.0110917100
   0.0031918000   -0.0675239000   -0.0645114400
  -0.0031936400    0.0140991500    0.0110917100
   0.0031928000    0.0077093100    0.0046979500
  -0.0031926700    0.0321128900    0.0351214000
   0.0031928000    0.0077093100    0.0046979500
  -0.0031926700    0.0321128900    0.0351214000
# File: 54   
# 9       0.0000000000000000   0.0212132034355964   0.0212132034355964
# 11      0.0000000000000000  -0.0212132034355964  -0.0212132034355964
   0.0000235700   -0.0133657200    0.0001463900
   0.0000727700   -0.0000788500   -0.0105871400
   0.0000235200    0.0105678700    0.0000531500
   0.0000743000   -0.0001032700    0.0134108600
  -0.0000727700    0.0000788500    0.0105871400
  -0.0000235700    0.0133657200   -0.0001463900
  -0.0000743000    0.0001032700   -0.0134108600
  -0.0000235200   -0.0105678700   -0.0000531500
  -0.0031939700   -0.0723956700   -0.0754055800
   0.0031884700    0.0032017000    0.0062103800
   0.0031939700    0.0723956700    0.0754055800
  -0.0031884700   -0.0032017000   -0.0062103800
   0.0031924400    0.0031927300    0.0001810600
  -0.0031920400   -0.0272342800   -0.0242304700
  -0.0031924400   -0.0031927300   -0.0001810600
   0.0031920400    0.0272342800    0.0242304700
# File: 55   
# 9       0.0000000000000000   0.0212132034355964   0.0212132034355964
# 11      0.0212132034355964   0.0000000000000000   0.0212132034355964
  -0.0012880400   -0.0012871600   -0.0025838700
  -0.0014027600   -0.0013425000    0.0108078000
  -0.0012854700    0.0092597700   -0.0025217500
   0.0092818000   -0.0013638000    0.0108396200
   0.0121147500   -0.0012701400    0.0079249300
  -0.0012588000    0.0121316400   -0.0026595000
  -0.0012223400   -0.0012717200    0.0079660500
  -0.0013254200   -0.0012569200   -0.0025748000
   0.0086380100   -0.0699633300   -0.0613186400
   0.0054461900    0.0054590300    0.0110919100
  -0.0667636100    0.0024384300   -0.0645029900
  -0.0007511700    0.0086415000    0.0078926200
   0.0056335000    0.0022600400    0.0078896600
   0.0264811900    0.0024406500    0.0351248100
   0.0054502200    0.0054501000    0.0046970900
   0.0022519600    0.0296743900    0.0319270700
# File: 56   
# 9       0.0000000000000000   0.0212132034355964   0.0212132034355964
# 11     -0.0212132034355964   0.0000000000000000  -0.0212132034355964
   0.0013363300   -0.0011995000    0.0000407800
   0.0013132000   -0.0012722900   -0.0105860000
   0.0012844600    0.0093434800    0.0000482400
  -0.0121183300   -0.0014343600    0.0135511300
  -0.0092764600   -0.0012026100    0.0104735900
   0.0012607500    0.0120417700   -0.0001392900
   0.0013350400   -0.0013401500   -0.0134190200
   0.0012772800   -0.0013448400    0.0000287000
  -0.0086659600   -0.0699493500   -0.0786124000
  -0.0054510900    0.0118406400    0.0062085400
   0.0731598200    0.0024391300    0.0754158900
  -0.0056325000    0.0022562900   -0.0030098000
   0.0007501700    0.0086408500   -0.0030087400
  -0.0328602200    0.0024404400   -0.0242274400
  -0.0054504800   -0.0009346400   -0.0001819500
  -0.0022620100    0.0296751300    0.0274177700
# File: 57   
# 9       0.0000000000000000   0.0212132034355964   0.0212132034355964
# 11      0.0212132034355964   0.0212132034355964   0.0000000000000000
  -0.0012214600    0.0079862700   -0.0012811600
  -0.0012672600   -0.0026141900   -0.0013460000
  -0.0012811600    0.0079862700   -0.0012214600
   0.0093329100   -0.0026342800    0.0120643400
   0.0120643400   -0.0026342800    0.0093329100
  -0.0012648900    0.0108644600   -0.0014129900
  -0.0013460000   -0.0026141900   -0.0012672600
  -0.0014129900    0.0108644600   -0.0012648900
   0.0054486000   -0.0675229100   -0.0667709900
   0.0022542100    0.0109072400    0.0086492600
  -0.0667709900   -0.0675229100    0.0054486000
  -0.0007496800    0.0109001900    0.0056346000
   0.0056346000    0.0109001900   -0.0007496800
   0.0264803500    0.0321132100    0.0054501700
   0.0086492600    0.0109072400    0.0022542100
   0.0054501700    0.0321132100    0.0264803500
# File: 58   
# 9       0.0000000000000000   0.0212132034355964   0.0212132034355964
# 11     -0.0212132034355964  -0.0212132034355964   0.0000000000000000
   0.0014337900   -0.0133643800   -0.0012637700
   0.0013263500    0.0000000000   -0.0013263500
   0.0012800700    0.0105695700   -0.0012034500
  -0.0121674900    0.0000000000    0.0121674900
  -0.0092258500    0.0000000000    0.0092258500
   0.0012637700    0.0133643800   -0.0014337900
   0.0012883400    0.0000000000   -0.0012883400
   0.0012034500   -0.0105695700   -0.0012800700
  -0.0054509000   -0.0723966200   -0.0731513200
  -0.0022607400    0.0063923600    0.0086512100
   0.0731513200    0.0723966200    0.0054509000
  -0.0056309700   -0.0000014900   -0.0007517500
   0.0007517500    0.0000014900    0.0056309700
  -0.0328630200   -0.0272331100    0.0054486600
  -0.0086512100   -0.0063923600    0.0022607400
  -0.0054486600    0.0272331100    0.0328630200
# File: 59   
# 9       0.0000000000000000   0.0212132034355964   0.0212132034355964
# 15      0.0212132034355964   0.0000000000000000   0.0212132034355964
   0.0121359600   -0.0012641600   -0.0026611500
  -0.0012411500   -0.0013437500   -0.0025895100
  -0.0012487000    0.0091842600    0.0079869500
  -0.0012978400   -0.0013700200    0.0108237400
  -0.0013167700   -0.0012574600    0.0079547000
  -0.0013878000    0.0122139300    0.0107780500
  -0.0013031600   -0.0012707300   -0.0025693300
   0.0092548300   -0.0012811200   -0.0025200700
   0.0024407600   -0.0731505700   -0.0645136900
   0.0296714700    0.0086468000    0.0383196800
   0.0086426900    0.0056328200    0.0078907600
  -0.0009317500    0.0054494100    0.0046993100
   0.0118418200    0.0054483100    0.0110905900
   0.0022587900   -0.0007500300    0.0078903600
  -0.0699597200    0.0022478800   -0.0677039500
   0.0024405800    0.0328644500    0.0351235600
# File: 60   
# 9       0.0000000000000000   0.0212132034355964   0.0212132034355964
# 15     -0.0212132034355964   0.0000000000000000  -0.0212132034355964
  -0.0092474800   -0.0012807100   -0.0000437200
   0.0013002900   -0.0013214400   -0.0000245400
   0.0014080300    0.0093747600   -0.0132957900
   0.0012974900   -0.0014857600    0.0134014200
   0.0013158400   -0.0011617400    0.0105978900
   0.0012277200    0.0120178600   -0.0107339100
   0.0012452700   -0.0012920100   -0.0000439600
  -0.0121412800   -0.0012644800    0.0001345500
  -0.0024431400   -0.0667703900   -0.0754023100
  -0.0296776700    0.0086566500   -0.0210249900
  -0.0022574200   -0.0007514700    0.0030109100
  -0.0054480800    0.0054483400    0.0001841300
  -0.0054567900    0.0054531400   -0.0062100100
  -0.0086395400    0.0056329700    0.0030074800
   0.0699565000    0.0022653100    0.0722162200
  -0.0024397300    0.0264789500    0.0242266200
# File: 61   
# 9       0.0000000000000000   0.0212132034355964   0.0212132034355964
# 16      0.0212132034355964   0.0000000000000000   0.0212132034355964
  -0.0012467000   -0.0012973700   -0.0025437900
   0.0121548800   -0.0014381900   -0.0028342400
  -0.0011731700    0.0092597300   -0.0024089300
  -0.0013658300   -0.0012610600    0.0214225700
  -0.0012610600   -0.0013658300    0.0214225700
  -0.0014381900    0.0121548800   -0.0028342400
   0.0092597300   -0.0011731700   -0.0024089300
  -0.0012973700   -0.0012467000   -0.0025437900
   0.0296538500   -0.0699762400   -0.0403126900
   0.0024378700    0.0054610900    0.0140972300
   0.0054510000    0.0024392600    0.0077014000
   0.0022580000    0.0086429000    0.0048784600
   0.0086429000    0.0022580000    0.0048784600
   0.0054610900    0.0024378700    0.0140972300
   0.0024392600    0.0054510000    0.0077014000
  -0.0699762400    0.0296538500   -0.0403126900
# File: 62   
# 9       0.0000000000000000   0.0212132034355964   0.0212132034355964
# 16     -0.0212132034355964   0.0000000000000000  -0.0212132034355964
   0.0012980800   -0.0012980800    0.0000000000
  -0.0092482200   -0.0011731300    0.0000632600
   0.0011731300    0.0092482200   -0.0000632600
   0.0015331100   -0.0015331100    0.0000000000
   0.0011073800   -0.0011073800    0.0000000000
   0.0014382000    0.0121429700    0.0000413400
  -0.0121429700   -0.0014382000   -0.0000413400
   0.0012475100   -0.0012475100    0.0000000000
  -0.0296685200   -0.0699522200   -0.0996300800
  -0.0024434700    0.0118403500    0.0031999000
   0.0009345900    0.0024408300    0.0031949700
  -0.0086437500    0.0022561000    0.0000008300
  -0.0022561000    0.0086437500   -0.0000008300
  -0.0118403500    0.0024434700   -0.0031999000
  -0.0024408300   -0.0009345900   -0.0031949700
   0.0699522200    0.0296685200    0.0996300800
