# File: 1    
# 1       0.0000000000000000   0.0212132034355964   0.0212132034355964
   0.0000000000   -0.0523321400   -0.0523321400
  -0.0000000000    0.0158130700    0.0158130700
   0.0136839800    0.0005438200    0.0021261400
  -0.0136839800    0.0021261400    0.0005438200
   0.0136839800    0.0021261400    0.0005438200
  -0.0136839800    0.0005438200    0.0021261400
   0.0000000000   -0.0115598200   -0.0115598200
  -0.0000000000    0.0291064500    0.0291064500
  -0.0000087900   -0.0012670200   -0.0012670200
  -0.0001828600   -0.0013041800   -0.0013041800
   0.0000000000    0.0120756300   -0.0013221600
   0.0000000000   -0.0012983400    0.0093197700
   0.0000000000   -0.0013221600    0.0120756300
   0.0000000000    0.0093197700   -0.0012983400
   0.0001828600   -0.0013041800   -0.0013041800
   0.0000087900   -0.0012670200   -0.0012670200
# File: 2    
# 9       0.0000000000000000   0.0212132034355964   0.0212132034355964
   0.0000241300   -0.0012727400   -0.0012727400
   0.0000306400   -0.0013070500   -0.0013070500
   0.0000000000    0.0092787300   -0.0012367900
   0.0000000000   -0.0013994700    0.0121123500
   0.0000000000   -0.0012367900    0.0092787300
   0.0000000000    0.0121123500   -0.0013994700
  -0.0000306400   -0.0013070500   -0.0013070500
  -0.0000241300   -0.0012727400   -0.0012727400
   0.0000000000   -0.0699599400   -0.0699599400
  -0.0000000000    0.0086502800    0.0086502800
   0.0031915900    0.0024412200    0.0054500700
  -0.0031915900    0.0054500700    0.0024412200
   0.0031915900    0.0054500700    0.0024412200
  -0.0031915900    0.0024412200    0.0054500700
   0.0000000000    0.0022581300    0.0022581300
   0.0000000000    0.0296736900    0.0296736900
