# File: 3    
# 1       0.0000000000000000   0.0212132034355964   0.0212132034355964
# 1       0.0212132034355964   0.0000000000000000   0.0212132034355964
  -0.0546244300   -0.0546244300   -0.1099649600
   0.0002052000    0.0409288000    0.0255569800
   0.0409288000    0.0002052000    0.0255569800
  -0.0153604900   -0.0153604900    0.0004252200
   0.0221461600    0.0221461600    0.0004186200
  -0.0341298300    0.0002121900   -0.0119731800
   0.0002121900   -0.0341298300   -0.0119731800
   0.0303363900    0.0303363900    0.0606832200
  -0.0012240700   -0.0012240700   -0.0024098500
   0.0063957100    0.0005823700    0.0011713100
   0.0005823700    0.0063957100    0.0011713100
   0.0004699600    0.0004699600    0.0051032800
   0.0005946000    0.0005946000    0.0165353700
   0.0005179000    0.0041224300    0.0010415400
   0.0041224300    0.0005179000    0.0010415400
  -0.0011728800   -0.0011728800   -0.0023842200
# File: 4    
# 1       0.0000000000000000   0.0212132034355964   0.0212132034355964
# 1      -0.0212132034355964   0.0000000000000000  -0.0212132034355964
   0.0546959100   -0.0546959100    0.0000000000
  -0.0002129300    0.0033940100    0.0187672400
  -0.0033940100    0.0002129300   -0.0187672400
  -0.0221667900    0.0221667900    0.0000000000
   0.0153748300   -0.0153748300    0.0000000000
  -0.0033940100    0.0002129300    0.0187672400
  -0.0002129300    0.0033940100   -0.0187672400
  -0.0303794500    0.0303794500    0.0000000000
   0.0012008000   -0.0012008000    0.0000127200
  -0.0038597100    0.0005152900    0.0000000000
  -0.0005802100    0.0066501500    0.0000000000
  -0.0005534300    0.0005534300    0.0001288000
  -0.0005534300    0.0005534300   -0.0001288000
  -0.0005152900    0.0038597100    0.0000000000
  -0.0066501500    0.0005802100    0.0000000000
   0.0012008000   -0.0012008000   -0.0000127200
# File: 5    
# 1       0.0000000000000000   0.0212132034355964   0.0212132034355964
# 2       0.0212132034355964   0.0000000000000000   0.0212132034355964
   0.0002088400   -0.0359329300   -0.0512974100
  -0.0547034100    0.0221520000   -0.0325397500
   0.0221614800   -0.0185566600    0.0036068900
   0.0033992800    0.0033913700    0.0223808200
   0.0033905300    0.0033942400   -0.0151652800
  -0.0153754800    0.0189799600    0.0036042400
   0.0303801500   -0.0153801500    0.0150007800
   0.0002126100    0.0116066700    0.0337754300
   0.0066775900   -0.0012113900   -0.0006316400
  -0.0012936200    0.0005464900   -0.0006417200
   0.0004944600    0.0065052900    0.0046461700
   0.0005789300    0.0004463500    0.0044088300
   0.0005301800    0.0006593300    0.0072075300
   0.0006070100    0.0040239200    0.0069689600
  -0.0011064800    0.0005631300   -0.0006517100
   0.0038379300   -0.0011876100   -0.0006721400
# File: 6    
# 1       0.0000000000000000   0.0212132034355964   0.0212132034355964
# 2      -0.0212132034355964   0.0000000000000000  -0.0212132034355964
  -0.0002084200   -0.0734691400   -0.0580852700
   0.0546789600    0.0221742700    0.0768626400
   0.0153719500    0.0189766600    0.0031829900
  -0.0409339200    0.0033927500   -0.0219514800
   0.0341413800    0.0033957500    0.0155838200
  -0.0221591200   -0.0185519100    0.0031794600
  -0.0303767700   -0.0153712000   -0.0457549500
  -0.0002103200    0.0491459800    0.0269845100
  -0.0039062900   -0.0011881500   -0.0017030900
   0.0010351100    0.0005341200    0.0017489500
  -0.0005543400    0.0068015400   -0.0062709900
  -0.0005775600    0.0003332800    0.0033091900
  -0.0005300400    0.0007616100    0.0060882100
  -0.0005375700    0.0037063400   -0.0031413000
   0.0013660000    0.0005708100    0.0017597200
  -0.0065990500   -0.0012127100   -0.0017924100
# File: 7    
# 1       0.0000000000000000   0.0212132034355964   0.0212132034355964
# 3       0.0000000000000000   0.0212132034355964   0.0212132034355964
   0.0187580000   -0.0544857500   -0.0512955600
  -0.0187655300    0.0255583100    0.0223766400
   0.0187580000   -0.0544857500   -0.0512955600
  -0.0187655300    0.0255583100    0.0223766400
   0.0187653600   -0.0119808900   -0.0151615500
  -0.0187654800    0.0305864600    0.0337708200
   0.0187653600   -0.0119808900   -0.0151615500
  -0.0187654800    0.0305864600    0.0337708200
  -0.0000190200    0.0054472600   -0.0006195300
  -0.0001054900    0.0011051500    0.0044405900
  -0.0000190200    0.0054472600   -0.0006195300
  -0.0001054900    0.0011051500    0.0044405900
   0.0001117900    0.0010993100    0.0071730200
   0.0000203600    0.0026701600   -0.0006844300
   0.0001117900    0.0010993100    0.0071730200
   0.0000203600    0.0026701600   -0.0006844300
# File: 8    
# 1       0.0000000000000000   0.0212132034355964   0.0212132034355964
# 3       0.0000000000000000  -0.0212132034355964  -0.0212132034355964
  -0.0187602500   -0.0549038200   -0.0580797800
   0.0187639200    0.0187729200    0.0219523200
   0.0187602500    0.0549038200    0.0580797800
  -0.0187639200   -0.0187729200   -0.0219523200
   0.0187656600    0.0187678500    0.0155852300
  -0.0187659300   -0.0301646800   -0.0269869900
  -0.0187656600   -0.0187678500   -0.0155852300
   0.0187659300    0.0301646800    0.0269869900
  -0.0000046900   -0.0050541300   -0.0017156600
  -0.0001491900   -0.0000618500   -0.0061218800
  -0.0000068100    0.0078561600    0.0017804600
  -0.0001482000   -0.0000738200    0.0032754400
   0.0001491900    0.0000618500    0.0061218800
   0.0000046900    0.0050541300    0.0017156600
   0.0001482000    0.0000738200   -0.0032754400
   0.0000068100   -0.0078561600   -0.0017804600
# File: 9    
# 1       0.0000000000000000   0.0212132034355964   0.0212132034355964
# 3       0.0212132034355964   0.0000000000000000   0.0212132034355964
   0.0221507600   -0.0547023900   -0.0325396500
   0.0033917900    0.0033991400    0.0223795800
  -0.0359330200    0.0002094100   -0.0512967700
  -0.0185553100    0.0221603600    0.0036064100
   0.0189785200   -0.0153743000    0.0036047400
   0.0116068700    0.0002121900    0.0337740900
   0.0033936200    0.0033907600   -0.0151643200
  -0.0153790200    0.0303783600    0.0150004100
   0.0005482600   -0.0012928500   -0.0006421300
   0.0004443200    0.0005773800    0.0044087200
  -0.0012112600    0.0066766200   -0.0006329700
   0.0065068900    0.0004955900    0.0046477800
   0.0040224400    0.0006058700    0.0069680600
  -0.0011873500    0.0038410600   -0.0006712700
   0.0006615100    0.0005311200    0.0072096400
   0.0005609900   -0.0011083200   -0.0006523100
# File: 10   
# 1       0.0000000000000000   0.0212132034355964   0.0212132034355964
# 3      -0.0212132034355964   0.0000000000000000  -0.0212132034355964
  -0.0221754300   -0.0546793800   -0.0768623000
  -0.0033937700    0.0409337900    0.0219519000
   0.0734685300    0.0002075000    0.0580865600
  -0.0189766200   -0.0153733000   -0.0031819500
   0.0185521200    0.0221604500   -0.0031806100
  -0.0491459900    0.0002115000   -0.0269858800
  -0.0033946800   -0.0341412300   -0.0155840800
   0.0153722900    0.0303769200    0.0457547300
  -0.0005703200   -0.0013655700   -0.0017594900
  -0.0007625700    0.0005295800   -0.0060886100
   0.0012125100    0.0065980700    0.0017922600
  -0.0037049500    0.0005379900    0.0031420000
  -0.0068020400    0.0005540700    0.0062699100
   0.0011879700    0.0039073200    0.0017032200
  -0.0003321500    0.0005781500   -0.0033086800
  -0.0005349200   -0.0010358700   -0.0017489700
# File: 11   
# 1       0.0000000000000000   0.0212132034355964   0.0212132034355964
# 3       0.0212132034355964   0.0212132034355964   0.0000000000000000
   0.0033918000   -0.0544963100   -0.0359394800
  -0.0153784200    0.0067903000    0.0221678800
  -0.0359394800   -0.0544963100    0.0033918000
  -0.0185561600    0.0067869600    0.0189796700
   0.0189796700    0.0067869600   -0.0185561600
   0.0116074500    0.0305903300    0.0033928100
   0.0221678800    0.0067903000   -0.0153784200
   0.0033928100    0.0305903300    0.0116074500
   0.0005631400    0.0054906800   -0.0012018200
   0.0004413200    0.0011069100    0.0006674900
  -0.0012018200    0.0054906800    0.0005631400
   0.0064679500    0.0010995300    0.0040596600
   0.0040596600    0.0010995300    0.0064679500
  -0.0011990300    0.0026316000    0.0005357300
   0.0006674900    0.0011069100    0.0004413200
   0.0005357300    0.0026316000   -0.0011990300
# File: 12   
# 1       0.0000000000000000   0.0212132034355964   0.0212132034355964
# 3      -0.0212132034355964  -0.0212132034355964   0.0000000000000000
  -0.0033935900   -0.0548995800   -0.0734585800
   0.0153727100    0.0375403600    0.0221666400
   0.0734585800    0.0548995800    0.0033935900
  -0.0189783400   -0.0000023100   -0.0185533500
   0.0185533500    0.0000023100    0.0189783400
  -0.0491450300   -0.0301654100    0.0033918400
  -0.0221666400   -0.0375403600   -0.0153727100
  -0.0033918400    0.0301654100    0.0491450300
  -0.0005211300   -0.0050940600   -0.0011993000
  -0.0006973500    0.0000000000    0.0006973500
   0.0012020300    0.0078164400    0.0005715900
  -0.0036673100    0.0000000000    0.0036673100
  -0.0068420700    0.0000000000    0.0068420700
   0.0011993000    0.0050940600    0.0005211300
  -0.0004110600    0.0000000000    0.0004110600
  -0.0005715900   -0.0078164400   -0.0012020300
# File: 13   
# 1       0.0000000000000000   0.0212132034355964   0.0212132034355964
# 7       0.0212132034355964   0.0000000000000000   0.0212132034355964
   0.0002120000   -0.0734611000   -0.0512914600
   0.0303752600    0.0221622300    0.0525463000
   0.0221582500    0.0189769100    0.0036080000
  -0.0341408100    0.0033910000   -0.0151598200
   0.0409329100    0.0033944500    0.0223763700
  -0.0153716500   -0.0185524500    0.0036036200
  -0.0546855800   -0.0153731900   -0.0700629100
   0.0002134300    0.0491442800    0.0337701300
   0.0038864500   -0.0012065500   -0.0006917200
  -0.0013696000    0.0005681000   -0.0006453800
   0.0005430900    0.0068633200    0.0073901600
   0.0005894500    0.0006402100    0.0044544900
   0.0005181400    0.0004578000    0.0071572600
   0.0005489600    0.0036497900    0.0042085000
  -0.0010314000    0.0005403300   -0.0006481300
   0.0066211000   -0.0011951300   -0.0006154000
# File: 14   
# 1       0.0000000000000000   0.0212132034355964   0.0212132034355964
# 7      -0.0212132034355964   0.0000000000000000  -0.0212132034355964
  -0.0002129600   -0.0359347900   -0.0580848800
  -0.0303819700    0.0221701500   -0.0082107900
   0.0153742700   -0.0185553600    0.0031820900
  -0.0033919600    0.0033932900    0.0155894600
  -0.0033993800    0.0033946900   -0.0219556700
  -0.0221616700    0.0189805900    0.0031805900
   0.0547008800   -0.0153659400    0.0393230800
  -0.0002117600    0.0116097900    0.0269897200
  -0.0067032700   -0.0011955000   -0.0017757300
   0.0011108400    0.0005651800    0.0017519300
  -0.0004813500    0.0064396100   -0.0034466300
  -0.0005884800    0.0006459100    0.0032610000
  -0.0005177400    0.0004427200    0.0061374000
  -0.0006165900    0.0040743400   -0.0059737300
   0.0012881900    0.0005424300    0.0017551000
  -0.0038070500   -0.0012070900   -0.0017229300
# File: 15   
# 1       0.0000000000000000   0.0212132034355964   0.0212132034355964
# 8       0.0212132034355964   0.0000000000000000   0.0212132034355964
   0.0303510000   -0.0547270200   -0.0243826100
   0.0002108000    0.0033979100    0.0255627400
   0.0033903800    0.0002114300   -0.0119867100
  -0.0153769200    0.0221619100    0.0004226400
   0.0221619100   -0.0153769200    0.0004226400
   0.0033979100    0.0002108000    0.0255627400
   0.0002114300    0.0033903800   -0.0119867100
  -0.0547270200    0.0303510000   -0.0243826100
  -0.0012121200   -0.0011865100   -0.0023992200
   0.0037510000    0.0006924200    0.0012132800
   0.0004236200    0.0067992900    0.0010081400
   0.0007236600    0.0003891400    0.0105617400
   0.0003891400    0.0007236600    0.0105617400
   0.0006924200    0.0037510000    0.0012132800
   0.0067992900    0.0004236200    0.0010081400
  -0.0011865100   -0.0012121200   -0.0023992200
# File: 16   
# 1       0.0000000000000000   0.0212132034355964   0.0212132034355964
# 8      -0.0212132034355964   0.0000000000000000  -0.0212132034355964
  -0.0303652000   -0.0546817700   -0.0850634600
  -0.0002119500    0.0409340300    0.0187704900
   0.0341411900    0.0002137200    0.0187649600
  -0.0221582300   -0.0153713200   -0.0000008800
   0.0153713200    0.0221582300    0.0000008800
  -0.0409340300    0.0002119500   -0.0187704900
  -0.0002137200   -0.0341411900   -0.0187649600
   0.0546817700    0.0303652000    0.0850634600
   0.0011881000   -0.0011881000    0.0000000000
  -0.0067794600    0.0004207800   -0.0001598000
  -0.0004207800    0.0067794600    0.0001598000
  -0.0006475700    0.0006475700    0.0000000000
  -0.0004429500    0.0004429500    0.0000000000
  -0.0006901900    0.0037319200   -0.0001743600
  -0.0037319200    0.0006901900    0.0001743600
   0.0012136000   -0.0012136000    0.0000000000
# File: 17   
# 1       0.0000000000000000   0.0212132034355964   0.0212132034355964
# 9       0.0212132034355964   0.0000000000000000   0.0212132034355964
  -0.0012119300   -0.0546682400   -0.0559094500
   0.0038201200    0.0222022200    0.0228008100
   0.0193277600    0.0001490700    0.0039543100
  -0.0182420800    0.0033965100    0.0068603400
   0.0194067700    0.0033936900    0.0040329400
  -0.0182127500    0.0002565300    0.0039462200
   0.0066457700   -0.0153340700   -0.0148447900
  -0.0011989300    0.0303395300    0.0291774700
  -0.0655734900   -0.0011608000   -0.0667648000
   0.0013908600    0.0058448200    0.0047126200
   0.0093884400    0.0066338400    0.0099678200
   0.0041813300   -0.0048119400    0.0053850700
   0.0041331900    0.0058288300    0.0081864800
  -0.0011505700    0.0038617900   -0.0006346300
   0.0016635700   -0.0047316500    0.0047111100
   0.0356319600   -0.0012001300    0.0344184800
# File: 18   
# 1       0.0000000000000000   0.0212132034355964   0.0212132034355964
# 9      -0.0212132034355964   0.0000000000000000  -0.0212132034355964
   0.0012110500   -0.0546456300   -0.0534889400
  -0.0066412600    0.0221288700    0.0216398700
   0.0182057100    0.0001729900    0.0028331900
  -0.0194001300    0.0033887400   -0.0036216500
   0.0182348900    0.0033939400   -0.0064317900
  -0.0193214300    0.0002673400    0.0028377800
  -0.0038289400   -0.0154149300   -0.0160139000
   0.0011989700    0.0303380600    0.0315735400
   0.0655537700   -0.0012379000    0.0643707800
  -0.0016494000   -0.0047400500   -0.0036058400
  -0.0093891500    0.0066680000   -0.0088108600
  -0.0041813500    0.0058449600    0.0023479400
  -0.0041350100   -0.0046712200    0.0051226700
   0.0011483900    0.0038673500    0.0016648100
  -0.0014014800    0.0058401200   -0.0036035500
  -0.0356046300   -0.0012006400   -0.0368140400
# File: 19   
# 1       0.0000000000000000   0.0212132034355964   0.0212132034355964
# 9       0.0000000000000000   0.0212132034355964   0.0212132034355964
   0.0000127000   -0.0558959100   -0.0558959100
  -0.0000749300    0.0227228800    0.0227228800
   0.0188068800    0.0040394300    0.0039932800
  -0.0187264300    0.0038806300    0.0068708400
   0.0188068800    0.0039932800    0.0040394300
  -0.0187264300    0.0068708400    0.0038806300
   0.0000375200   -0.0148199000   -0.0148199000
  -0.0000386000    0.0291781900    0.0291781900
   0.0000660300   -0.0668005400   -0.0668005400
  -0.0001570900    0.0100059900    0.0100059900
   0.0052516900    0.0081893000    0.0047097500
  -0.0053245700    0.0046922900    0.0053968000
   0.0052516900    0.0047097500    0.0081893000
  -0.0053245700    0.0053968000    0.0046922900
   0.0001258600   -0.0005825200   -0.0005825200
   0.0000134000    0.0344194900    0.0344194900
# File: 20   
# 1       0.0000000000000000   0.0212132034355964   0.0212132034355964
# 9       0.0000000000000000  -0.0212132034355964  -0.0212132034355964
   0.0000643800   -0.0534995200   -0.0534995200
  -0.0000259300    0.0216079900    0.0216079900
   0.0187240200   -0.0064364500    0.0029018900
  -0.0188036700    0.0027956500   -0.0036344200
   0.0187240200    0.0029018900   -0.0064364500
  -0.0188036700   -0.0036344200    0.0027956500
   0.0000612200   -0.0159306000   -0.0159306000
  -0.0000386200    0.0315717000    0.0315717000
  -0.0000903500    0.0644068800    0.0644068800
  -0.0000998400   -0.0089003600   -0.0089003600
  -0.0052529600    0.0051209200   -0.0035504800
   0.0053250600   -0.0036628400    0.0023325300
  -0.0052529600   -0.0035504800    0.0051209200
   0.0053250600    0.0023325300   -0.0036628400
   0.0001317000    0.0016878100    0.0016878100
   0.0000125400   -0.0368107200   -0.0368107200
# File: 21   
# 1       0.0000000000000000   0.0212132034355964   0.0212132034355964
# 10      0.0212132034355964   0.0000000000000000   0.0212132034355964
   0.0038822400   -0.0548173800   -0.0542126300
  -0.0011954500    0.0222417800    0.0210027000
   0.0192525300    0.0002104900    0.0100929500
  -0.0182404000    0.0033432600    0.0007534800
   0.0193411900    0.0035026300    0.0007627500
  -0.0182168900    0.0001943300    0.0072346800
  -0.0011975400   -0.0154530700   -0.0166142000
   0.0067926300    0.0303726500    0.0308639000
   0.0015235200    0.0040768800    0.0029426400
  -0.0656847800    0.0005961500   -0.0650031900
   0.0040771500    0.0013107000    0.0021544000
   0.0095294000    0.0005503100    0.0132556000
  -0.0011849900    0.0005923600    0.0054158300
   0.0042014900    0.0090518200    0.0020616600
   0.0355756400    0.0007141900    0.0363338900
   0.0015442700   -0.0064870900    0.0029555600
# File: 22   
# 1       0.0000000000000000   0.0212132034355964   0.0212132034355964
# 10     -0.0212132034355964   0.0000000000000000  -0.0212132034355964
  -0.0066725900   -0.0545615100   -0.0550536400
   0.0011922900    0.0221669100    0.0233290800
   0.0181628100    0.0002097600   -0.0004900200
  -0.0192932000    0.0033464800   -0.0003272800
   0.0181919300    0.0033798700   -0.0003414900
  -0.0192103400    0.0002319200   -0.0032650200
   0.0011980200   -0.0153736400   -0.0141356300
  -0.0039835100    0.0303701000    0.0297677400
  -0.0015469700   -0.0064764000   -0.0053439500
   0.0653804100    0.0004892100    0.0660939200
  -0.0040758900    0.0119996500   -0.0009943400
  -0.0095133700    0.0004829000   -0.0055258300
   0.0011960100    0.0005654100    0.0078936800
  -0.0041995200   -0.0013134400   -0.0010280400
  -0.0353060600    0.0003960900   -0.0352222700
  -0.0015200100    0.0040866900   -0.0053569000
# File: 23   
# 1       0.0000000000000000   0.0212132034355964   0.0212132034355964
# 10      0.0000000000000000   0.0212132034355964   0.0212132034355964
   0.0000156000   -0.0541312700   -0.0541312700
   0.0000487000    0.0209652600    0.0209652600
   0.0187338700    0.0007169200    0.0100913500
  -0.0187930300    0.0071766900    0.0007956700
   0.0187338700    0.0100913500    0.0007169200
  -0.0187930300    0.0007956700    0.0071766900
  -0.0000357700   -0.0165732100   -0.0165732100
   0.0003195000    0.0309334700    0.0309334700
  -0.0000107800    0.0082544400    0.0082544400
  -0.0000208800   -0.0650400300   -0.0650400300
  -0.0052923200    0.0108049600    0.0021139200
   0.0052863000    0.0020499800    0.0080053400
  -0.0052923200    0.0021139200    0.0108049600
   0.0052863000    0.0080053400    0.0020499800
  -0.0001931300    0.0361710700    0.0361710700
   0.0000071100   -0.0023345500   -0.0023345500
# File: 24   
# 1       0.0000000000000000   0.0212132034355964   0.0212132034355964
# 10      0.0000000000000000  -0.0212132034355964  -0.0212132034355964
  -0.0001152900   -0.0552585400   -0.0552585400
   0.0000278400    0.0233661700    0.0233661700
   0.0187966700   -0.0004018500   -0.0004869300
  -0.0187369400   -0.0032064300   -0.0002629900
   0.0187966700   -0.0004869300   -0.0004018500
  -0.0187369400   -0.0002629900   -0.0032064300
  -0.0000416100   -0.0141767900   -0.0141767900
  -0.0002189900    0.0298158500    0.0298158500
  -0.0000155000   -0.0106519000   -0.0106519000
  -0.0002356300    0.0661556200    0.0661556200
   0.0052927700    0.0024903800   -0.0009518300
  -0.0052863500   -0.0010175800   -0.0002906900
   0.0052927700   -0.0009518300    0.0024903800
  -0.0052863500   -0.0002906900   -0.0010175800
   0.0004491900   -0.0350598900   -0.0350598900
   0.0000176900   -0.0000626100   -0.0000626100
# File: 25   
# 1       0.0000000000000000   0.0212132034355964   0.0212132034355964
# 11      0.0212132034355964   0.0000000000000000   0.0212132034355964
   0.0005820400   -0.0547053600   -0.0541074200
   0.0004629800    0.0221144800    0.0290167500
   0.0175550900    0.0002558200    0.0021823900
  -0.0147754000    0.0034172200    0.0007733200
   0.0256316700    0.0033589100    0.0006797300
  -0.0199619300    0.0001754400    0.0021976100
   0.0005650100   -0.0153662700   -0.0113735700
   0.0004222300    0.0305564700    0.0308028500
   0.0093775400   -0.0011997300    0.0081897900
   0.0039871500   -0.0047419300    0.0020879000
  -0.0656378100    0.0067113500   -0.0650543500
   0.0015339500    0.0058025200    0.0079693100
   0.0015599700   -0.0046940400    0.0107131100
   0.0356137400    0.0036988900    0.0361309700
   0.0041921600    0.0058189800    0.0021131100
  -0.0011083900   -0.0012027500   -0.0023214800
# File: 26   
# 1       0.0000000000000000   0.0212132034355964   0.0212132034355964
# 11     -0.0212132034355964   0.0000000000000000  -0.0212132034355964
  -0.0005844400   -0.0547486300   -0.0552833700
  -0.0005789600    0.0222164600    0.0181253000
   0.0199774700    0.0002434000    0.0046046700
  -0.0255691600    0.0033691500   -0.0002349400
   0.0147123900    0.0034274000   -0.0003702200
  -0.0175727900    0.0001717700    0.0045864100
  -0.0004514800   -0.0153828800   -0.0221880300
  -0.0004254300    0.0302750200    0.0299498000
  -0.0094002800   -0.0011982200   -0.0105890500
  -0.0042478300    0.0058444600   -0.0009796800
   0.0656472100    0.0065777900    0.0662257800
  -0.0015316600   -0.0047721200   -0.0002501100
  -0.0015605000    0.0058485100    0.0025815200
  -0.0356147500    0.0040391700   -0.0350951400
  -0.0039321600   -0.0047137800   -0.0010023300
   0.0011323700   -0.0011975000   -0.0000806100
# File: 27   
# 1       0.0000000000000000   0.0212132034355964   0.0212132034355964
# 11      0.0000000000000000   0.0212132034355964   0.0212132034355964
   0.0000000000   -0.0478830300   -0.0541708000
   0.0000000000    0.0226055700    0.0288617800
   0.0188362100   -0.0009892900    0.0021878800
  -0.0186643600    0.0039238300    0.0007292600
   0.0186643600    0.0039238300    0.0007292600
  -0.0188362100   -0.0009892900    0.0021878800
   0.0000000000   -0.0148131300   -0.0111714700
   0.0000000000    0.0371657900    0.0307364600
   0.0052317100    0.0003431900    0.0029235000
  -0.0054748500    0.0046735700    0.0021278400
   0.0000000000   -0.0616677200   -0.0650039500
   0.0000000000    0.0100102600    0.0132634000
   0.0000000000   -0.0006209100    0.0052542000
   0.0000000000    0.0393005500    0.0362934300
   0.0054748500    0.0046735700    0.0021278400
  -0.0052317100    0.0003431900    0.0029235000
# File: 28   
# 1       0.0000000000000000   0.0212132034355964   0.0212132034355964
# 11      0.0000000000000000  -0.0212132034355964  -0.0212132034355964
  -0.0000000000   -0.0645637000   -0.0550651400
  -0.0000000000    0.0216070000    0.0182667800
   0.0187727700    0.0014082200    0.0045962900
  -0.0189601100    0.0028622300   -0.0003047500
   0.0189601100    0.0028622300   -0.0003047500
  -0.0187727700    0.0014082200    0.0045962900
  -0.0000000000   -0.0158292800   -0.0224080800
  -0.0000000000    0.0263485600    0.0298868000
  -0.0052536700   -0.0027369600   -0.0053243700
   0.0052139100   -0.0035628400   -0.0010148300
  -0.0000000000    0.0752001100    0.0661379900
  -0.0000000000   -0.0089681000   -0.0055395200
  -0.0000000000    0.0017914600    0.0080566400
  -0.0000000000   -0.0315273400   -0.0352401400
  -0.0052139100   -0.0035628400   -0.0010148300
   0.0052536700   -0.0027369600   -0.0053243700
# File: 29   
# 1       0.0000000000000000   0.0212132034355964   0.0212132034355964
# 12      0.0212132034355964   0.0000000000000000   0.0212132034355964
   0.0004649600   -0.0545586900   -0.0509373200
   0.0005787500    0.0222718900    0.0227173900
   0.0225980900    0.0002113000    0.0040403500
  -0.0199267000    0.0034241200   -0.0009814500
   0.0175332900    0.0033668800   -0.0009865800
  -0.0124876700    0.0002317000    0.0038711700
   0.0005920800   -0.0155365000   -0.0147771200
   0.0007323200    0.0303803700    0.0342122800
   0.0041599200   -0.0065236400    0.0003308300
   0.0093001100    0.0005097700    0.0100328600
   0.0015343800    0.0119390400    0.0046925100
  -0.0655506000    0.0004654500   -0.0589711700
   0.0356225700    0.0004121500    0.0422557600
   0.0015126100   -0.0012698000    0.0047481200
  -0.0008633300    0.0005418700   -0.0005713000
   0.0041992300    0.0041341000    0.0003236600
# File: 30   
# 1       0.0000000000000000   0.0212132034355964   0.0212132034355964
# 12     -0.0212132034355964   0.0000000000000000  -0.0212132034355964
  -0.0005513100   -0.0548215800   -0.0558893400
  -0.0005814700    0.0219552000    0.0216147300
   0.0120994200    0.0002091300    0.0028549900
  -0.0176073100    0.0034390800    0.0014029400
   0.0199984000    0.0033428700    0.0014052400
  -0.0222408200    0.0001945100    0.0028060000
  -0.0005895900   -0.0151090700   -0.0159728200
  -0.0006310400    0.0303623500    0.0236762600
  -0.0041833800    0.0041219900   -0.0027264700
  -0.0095602100    0.0005956100   -0.0089300400
  -0.0015314200    0.0013740700   -0.0035313100
   0.0655435300    0.0005493700    0.0669533900
  -0.0356054400    0.0007473800   -0.0289105900
  -0.0015105500    0.0090050900   -0.0037138700
   0.0011265300    0.0005665300    0.0016804300
  -0.0041753400   -0.0065325400   -0.0027195500
# File: 31   
# 1       0.0000000000000000   0.0212132034355964   0.0212132034355964
# 12      0.0000000000000000   0.0212132034355964   0.0212132034355964
   0.0000000000   -0.0540882500   -0.0509683700
   0.0000000000    0.0259489100    0.0228129100
   0.0188711700    0.0008073700    0.0039729600
  -0.0187020000    0.0021982100   -0.0009872400
   0.0187020000    0.0021982100   -0.0009872400
  -0.0188711700    0.0008073700    0.0039729600
   0.0000000000   -0.0091069200   -0.0148483400
   0.0000000000    0.0311147500    0.0340792800
  -0.0053486400    0.0029834900    0.0003269100
   0.0051059100    0.0020515900    0.0047425000
   0.0000000000    0.0161389200    0.0099906700
   0.0000000000   -0.0650838000   -0.0590362300
   0.0000000000    0.0360356300    0.0424169100
   0.0000000000    0.0029594400   -0.0005570900
  -0.0051059100    0.0020515900    0.0047425000
   0.0053486400    0.0029834900    0.0003269100
# File: 32   
# 1       0.0000000000000000   0.0212132034355964   0.0212132034355964
# 12      0.0000000000000000  -0.0212132034355964  -0.0212132034355964
  -0.0000000000   -0.0553736400   -0.0558353800
  -0.0000000000    0.0155478500    0.0216199900
   0.0185534200   -0.0003826000    0.0028130700
  -0.0187543000    0.0045873500    0.0014074000
   0.0187543000    0.0045873500    0.0014074000
  -0.0185534200   -0.0003826000    0.0028130700
  -0.0000000000   -0.0188361300   -0.0160140300
  -0.0000000000    0.0297293100    0.0238029200
   0.0053228700   -0.0053832300   -0.0027214300
  -0.0053602800   -0.0009402800   -0.0036297500
  -0.0000000000   -0.0028327600   -0.0088215600
  -0.0000000000    0.0660850600    0.0669673700
  -0.0000000000   -0.0348548500   -0.0290605800
  -0.0000000000    0.0047726700    0.0016026900
   0.0053602800   -0.0009402800   -0.0036297500
  -0.0053228700   -0.0053832300   -0.0027214300
# File: 33   
# 9       0.0000000000000000   0.0212132034355964   0.0212132034355964
# 1       0.0212132034355964   0.0000000000000000   0.0212132034355964
  -0.0546686200   -0.0012118400   -0.0559098000
   0.0001493500    0.0193281200    0.0039539700
   0.0222030800    0.0038189900    0.0228025800
   0.0033974400   -0.0182434200    0.0068593100
   0.0033932000    0.0194080300    0.0040322500
  -0.0153341100    0.0066444400   -0.0148456700
   0.0002567700   -0.0182132300    0.0039473100
   0.0303424300   -0.0012000700    0.0291785200
  -0.0011598500   -0.0655681100   -0.0667574200
   0.0066321500    0.0093886800    0.0099686000
   0.0058468500    0.0013926100    0.0047118700
  -0.0048140300    0.0041799600    0.0053813100
   0.0058306000    0.0041327500    0.0081853000
  -0.0047324800    0.0016620600    0.0047100200
   0.0038562000   -0.0011522700   -0.0006369500
  -0.0011989700    0.0356333100    0.0344188000
# File: 34   
# 9       0.0000000000000000   0.0212132034355964   0.0212132034355964
# 1      -0.0212132034355964   0.0000000000000000  -0.0212132034355964
   0.0547464300   -0.0011865300    0.0535133500
  -0.0002489400   -0.0182162500   -0.0028435700
  -0.0222016300    0.0038473300   -0.0216025600
  -0.0033969300    0.0192207600    0.0064471100
  -0.0033937000   -0.0182076800    0.0036395300
   0.0153349300    0.0066566000    0.0158238100
  -0.0001558200    0.0193244400   -0.0028357100
  -0.0304156000   -0.0011990900   -0.0315754300
   0.0011599300   -0.0656501100   -0.0644427900
  -0.0038497700    0.0095177100    0.0090022200
   0.0047341000    0.0014167400    0.0035995800
  -0.0058309400    0.0041267700   -0.0051047000
   0.0048138300    0.0041774300   -0.0023308000
  -0.0058455400    0.0016638700    0.0035981400
  -0.0066494800   -0.0011209300   -0.0017013500
   0.0011991500    0.0356289600    0.0368131700
# File: 35   
# 9       0.0000000000000000   0.0212132034355964   0.0212132034355964
# 1       0.0000000000000000   0.0212132034355964   0.0212132034355964
   0.0000127000   -0.0558959100   -0.0558959100
  -0.0000749300    0.0227228800    0.0227228800
   0.0188068800    0.0040394300    0.0039932800
  -0.0187264300    0.0038806300    0.0068708400
   0.0188068800    0.0039932800    0.0040394300
  -0.0187264300    0.0068708400    0.0038806300
   0.0000375200   -0.0148199000   -0.0148199000
  -0.0000386000    0.0291781900    0.0291781900
   0.0000660300   -0.0668005400   -0.0668005400
  -0.0001571000    0.0100059900    0.0100059900
   0.0052516900    0.0081893000    0.0047097500
  -0.0053245700    0.0046922900    0.0053968000
   0.0052516900    0.0047097500    0.0081893000
  -0.0053245700    0.0053968000    0.0046922900
   0.0001258600   -0.0005825200   -0.0005825200
   0.0000134000    0.0344194900    0.0344194900
# File: 36   
# 9       0.0000000000000000   0.0212132034355964   0.0212132034355964
# 1       0.0000000000000000  -0.0212132034355964  -0.0212132034355964
   0.0000642000    0.0534984700    0.0534984700
  -0.0000245100   -0.0216067900   -0.0216067900
  -0.0188029100    0.0036348000   -0.0027958700
   0.0187228500   -0.0029014800    0.0064363700
  -0.0188029100   -0.0027958700    0.0036348000
   0.0187228500    0.0064363700   -0.0029014800
   0.0000612600    0.0159294100    0.0159294100
  -0.0000386800   -0.0315706900   -0.0315706900
  -0.0000901100   -0.0644069000   -0.0644069000
  -0.0001061000    0.0089003300    0.0089003300
   0.0053264500   -0.0023348000    0.0036643000
  -0.0052514800    0.0035490100   -0.0051194600
   0.0053264500    0.0036643000   -0.0023348000
  -0.0052514800   -0.0051194600    0.0035490100
   0.0001316100   -0.0016877200   -0.0016877200
   0.0000125100    0.0368110200    0.0368110200
# File: 37   
# 9       0.0000000000000000   0.0212132034355964   0.0212132034355964
# 2       0.0212132034355964   0.0000000000000000   0.0212132034355964
   0.0002549300    0.0175565800    0.0021826600
  -0.0547075400    0.0005820900   -0.0541091500
   0.0034169100   -0.0147756300    0.0007736300
   0.0221154900    0.0004624000    0.0290192000
  -0.0153676200    0.0005657500   -0.0113742600
   0.0033587100    0.0256341600    0.0006787000
   0.0305566900    0.0004223400    0.0308028600
   0.0001757100   -0.0199623000    0.0021979100
   0.0067152100   -0.0656439600   -0.0650609600
  -0.0012015800    0.0093763900    0.0081893900
   0.0058016000    0.0015326500    0.0079721900
  -0.0047411800    0.0039888600    0.0020882800
   0.0058177600    0.0041921700    0.0021117700
  -0.0046940100    0.0015612200    0.0107168900
  -0.0012019600   -0.0011059400   -0.0023197000
   0.0037008800    0.0356132100    0.0361305900
# File: 38   
# 9       0.0000000000000000   0.0212132034355964   0.0212132034355964
# 2      -0.0212132034355964   0.0000000000000000  -0.0212132034355964
  -0.0001777000   -0.0199542600   -0.0045796600
   0.0545890400    0.0005190200    0.0552197300
  -0.0034177800    0.0224472000    0.0004232000
  -0.0221104000    0.0005170200   -0.0157133600
   0.0153730400    0.0006324700    0.0190446100
  -0.0033560500   -0.0123215500    0.0003006200
  -0.0304456000    0.0006952100   -0.0296820300
  -0.0002507800    0.0175621500   -0.0045989600
  -0.0038985800   -0.0655479800   -0.0660625800
   0.0011916800    0.0095025300    0.0107170400
   0.0047087600    0.0015312700   -0.0024578800
  -0.0058370100    0.0040611900    0.0009834600
   0.0047599900    0.0043655500    0.0009514700
  -0.0058231200    0.0015139400    0.0003720700
   0.0012028700   -0.0011371100    0.0000514400
  -0.0065083700    0.0356133300    0.0350308200
# File: 39   
# 9       0.0000000000000000   0.0212132034355964   0.0212132034355964
# 2       0.0000000000000000   0.0212132034355964   0.0212132034355964
   0.0000481500    0.0209672000    0.0209672000
   0.0000153500   -0.0541343800   -0.0541343800
  -0.0187949100    0.0071779400    0.0007955400
   0.0187361200    0.0007162500    0.0100920800
  -0.0187949100    0.0007955400    0.0071779400
   0.0187361200    0.0100920800    0.0007162500
   0.0003187700    0.0309343100    0.0309343100
  -0.0000357700   -0.0165746900   -0.0165746900
  -0.0000198800   -0.0650455600   -0.0650455600
  -0.0000101900    0.0082548700    0.0082548700
   0.0052853400    0.0020498200    0.0080090300
  -0.0052927900    0.0108078800    0.0021135100
   0.0052853400    0.0080090300    0.0020498200
  -0.0052927900    0.0021135100    0.0108078800
   0.0000079000   -0.0023342100   -0.0023342100
  -0.0001918400    0.0361704000    0.0361704000
# File: 40   
# 9       0.0000000000000000   0.0212132034355964   0.0212132034355964
# 2       0.0000000000000000  -0.0212132034355964  -0.0212132034355964
   0.0000289000   -0.0233634100   -0.0233634100
  -0.0001152300    0.0552560300    0.0552560300
   0.0187938300    0.0004875800    0.0004019200
  -0.0187344200    0.0002631700    0.0032062000
   0.0187938300    0.0004019200    0.0004875800
  -0.0187344200    0.0032062000    0.0002631700
  -0.0002195000   -0.0298129500   -0.0298129500
  -0.0000416500    0.0141746500    0.0141746500
  -0.0002359100   -0.0661560000   -0.0661560000
  -0.0000214400    0.0106514000    0.0106514000
   0.0052934300    0.0009498100   -0.0024895000
  -0.0052839000    0.0002882800    0.0010192800
   0.0052934300   -0.0024895000    0.0009498100
  -0.0052839000    0.0010192800    0.0002882800
   0.0000178400    0.0000637000    0.0000637000
   0.0004491200    0.0350598500    0.0350598500
# File: 41   
# 9       0.0000000000000000   0.0212132034355964   0.0212132034355964
# 3       0.0212132034355964   0.0000000000000000   0.0212132034355964
   0.0222410800   -0.0011954900    0.0210019700
   0.0033439300   -0.0182399900    0.0007532200
  -0.0548159600    0.0038815200   -0.0542107500
   0.0002111400    0.0192514000    0.0100919000
   0.0001940600   -0.0182158700    0.0072344600
   0.0303734900    0.0067911500    0.0308640100
   0.0035025200    0.0193406300    0.0007635500
  -0.0154515600   -0.0011985100   -0.0166140000
   0.0005971700   -0.0656776900   -0.0649975400
   0.0005496500    0.0095291700    0.0132514800
   0.0040785200    0.0015234800    0.0029430000
   0.0013080400    0.0040764300    0.0021555900
   0.0090474600    0.0042009000    0.0020621700
  -0.0064863700    0.0015451000    0.0029554400
   0.0005928800   -0.0011862600    0.0054122500
   0.0007139400    0.0355740200    0.0363332700
# File: 42   
# 9       0.0000000000000000   0.0212132034355964   0.0212132034355964
# 3      -0.0212132034355964   0.0000000000000000  -0.0212132034355964
  -0.0221636200   -0.0012036500   -0.0234026600
  -0.0034468100    0.0193529100    0.0003573200
   0.0548188000    0.0037922300    0.0554203400
  -0.0002104900   -0.0182729500    0.0032088200
  -0.0001942900    0.0194167800    0.0004252800
  -0.0303717600    0.0065309000   -0.0298791800
  -0.0033982500   -0.0182288500    0.0003480500
   0.0153771900   -0.0012011800    0.0142147500
  -0.0005985600   -0.0657444600   -0.0661955500
  -0.0006252900    0.0093721700    0.0028610400
   0.0065023900    0.0015174300    0.0053684300
  -0.0090969200    0.0042249300    0.0009820300
  -0.0012564400    0.0041023100    0.0009366100
  -0.0040916200    0.0015492100    0.0053527300
  -0.0005275100   -0.0010941400   -0.0048995600
  -0.0007168300    0.0358863500    0.0349015400
# File: 43   
# 9       0.0000000000000000   0.0212132034355964   0.0212132034355964
# 3       0.0000000000000000   0.0212132034355964   0.0212132034355964
   0.0188363400   -0.0009890200    0.0021881300
  -0.0186637800    0.0039235400    0.0007290000
   0.0000000000   -0.0478819900   -0.0541717900
   0.0000000000    0.0226053800    0.0288621500
   0.0000000000   -0.0148135000   -0.0111698700
   0.0000000000    0.0371653000    0.0307352100
   0.0186637800    0.0039235400    0.0007290000
  -0.0188363400   -0.0009890200    0.0021881300
   0.0000000000   -0.0616693400   -0.0650093400
   0.0000000000    0.0100095300    0.0132657700
   0.0052300700    0.0003422000    0.0029233900
  -0.0054736100    0.0046742200    0.0021274900
   0.0054736100    0.0046742200    0.0021274900
  -0.0052300700    0.0003422000    0.0029233900
   0.0000000000   -0.0006188000    0.0052602200
   0.0000000000    0.0393015500    0.0362916400
# File: 44   
# 9       0.0000000000000000   0.0212132034355964   0.0212132034355964
# 3       0.0000000000000000  -0.0212132034355964  -0.0212132034355964
  -0.0187543800   -0.0014074300   -0.0045873800
   0.0185544900   -0.0028130400    0.0003825200
   0.0000000000    0.0558362400    0.0553737900
   0.0000000000   -0.0216199200   -0.0155490600
   0.0000000000    0.0160141000    0.0188370800
   0.0000000000   -0.0238040200   -0.0297293400
  -0.0185544900   -0.0028130400    0.0003825200
   0.0187543800   -0.0014074300   -0.0045873800
   0.0000000000   -0.0669674700   -0.0660849500
   0.0000000000    0.0088218900    0.0028329900
   0.0053229600    0.0027214200    0.0053835100
  -0.0053599400    0.0036295000    0.0009402900
   0.0053599400    0.0036295000    0.0009402900
  -0.0053229600    0.0027214200    0.0053835100
   0.0000000000   -0.0016028100   -0.0047732800
   0.0000000000    0.0290611000    0.0348548700
# File: 45   
# 9       0.0000000000000000   0.0212132034355964   0.0212132034355964
# 4       0.0212132034355964   0.0000000000000000   0.0212132034355964
   0.0034240100   -0.0199272600   -0.0009819200
   0.0222721000    0.0005792400    0.0227177100
   0.0002115200    0.0225987500    0.0040403100
  -0.0545585600    0.0004650100   -0.0509373900
   0.0303808000    0.0007325100    0.0342125700
   0.0002311900   -0.0124878400    0.0038710000
  -0.0155367700    0.0005916600   -0.0147774400
   0.0033668500    0.0175334900   -0.0009861200
   0.0004648300   -0.0655519300   -0.0589729200
   0.0005096300    0.0093002900    0.0100331600
   0.0119405300    0.0015335700    0.0046929600
  -0.0065227500    0.0041602500    0.0003317000
   0.0041345100    0.0041999300    0.0003227100
  -0.0012724000    0.0015146700    0.0047476400
   0.0005422600   -0.0008642200   -0.0005713900
   0.0004122400    0.0356218800    0.0422574200
# File: 46   
# 9       0.0000000000000000   0.0212132034355964   0.0212132034355964
# 4      -0.0212132034355964   0.0000000000000000  -0.0212132034355964
  -0.0033483900    0.0175213200   -0.0014153000
  -0.0223588200    0.0005332400   -0.0216018700
  -0.0002096700   -0.0149141400   -0.0028424600
   0.0545561700    0.0005020300    0.0645533100
  -0.0303602800    0.0004719200   -0.0264916200
  -0.0002319000    0.0257855000   -0.0028951300
   0.0156307900    0.0005192300    0.0158835500
  -0.0034409400   -0.0199261600   -0.0014109500
  -0.0005013200   -0.0656328400   -0.0752836100
  -0.0005179000    0.0093413700    0.0088695400
   0.0014176500    0.0015322900    0.0036767400
  -0.0040553300    0.0041229200    0.0027355200
   0.0064418500    0.0041357600    0.0027400600
  -0.0121179900    0.0015586400    0.0034845900
  -0.0005413300   -0.0011551500   -0.0017031500
  -0.0003626100    0.0356040700    0.0317008000
# File: 47   
# 9       0.0000000000000000   0.0212132034355964   0.0212132034355964
# 4       0.0000000000000000   0.0212132034355964   0.0212132034355964
  -0.0187008900    0.0021979900   -0.0009875100
   0.0188710100    0.0008075700    0.0039732700
   0.0000000000    0.0259477600    0.0228119700
   0.0000000000   -0.0540860800   -0.0509685600
   0.0000000000    0.0311148600    0.0340792000
   0.0000000000   -0.0091076100   -0.0148466700
  -0.0188710100    0.0008075700    0.0039732700
   0.0187008900    0.0021979900   -0.0009875100
   0.0000000000   -0.0650782700   -0.0590321200
   0.0000000000    0.0161359200    0.0099922700
   0.0051060600    0.0020519000    0.0047416000
  -0.0053500400    0.0029837700    0.0003279500
   0.0053500400    0.0029837700    0.0003279500
  -0.0051060600    0.0020519000    0.0047416000
   0.0000000000    0.0029547300   -0.0005596500
   0.0000000000    0.0360362100    0.0424129400
# File: 48   
# 9       0.0000000000000000   0.0212132034355964   0.0212132034355964
# 4       0.0000000000000000  -0.0212132034355964  -0.0212132034355964
   0.0187741500   -0.0045966200   -0.0014082100
  -0.0189602600    0.0003047000   -0.0028622900
   0.0000000000   -0.0182667900   -0.0216086400
   0.0000000000    0.0550664000    0.0645638700
   0.0000000000   -0.0298884700   -0.0263486600
   0.0000000000    0.0224083400    0.0158304000
   0.0189602600    0.0003047000   -0.0028622900
  -0.0187741500   -0.0045966200   -0.0014082100
   0.0000000000   -0.0661374300   -0.0751988200
   0.0000000000    0.0055388400    0.0089681400
   0.0052126800    0.0010158600    0.0035624200
  -0.0052539300    0.0053239800    0.0027366400
   0.0052539300    0.0053239800    0.0027366400
  -0.0052126800    0.0010158600    0.0035624200
   0.0000000000   -0.0080552300   -0.0017900600
   0.0000000000    0.0352384900    0.0315266400
# File: 49   
# 9       0.0000000000000000   0.0212132034355964   0.0212132034355964
# 9       0.0212132034355964   0.0000000000000000   0.0212132034355964
  -0.0011196600   -0.0011196600   -0.0023538100
   0.0037254800    0.0005991200    0.0012008200
   0.0005991200    0.0037254800    0.0012008200
   0.0004011400    0.0004011400    0.0163379700
   0.0006229500    0.0006229500    0.0051560800
   0.0004933800    0.0067387100    0.0009841500
   0.0067387100    0.0004933800    0.0009841500
  -0.0012746200   -0.0012746200   -0.0024336500
  -0.0654574000   -0.0654574000   -0.1316190900
   0.0015221900    0.0147483600    0.0136127700
   0.0147483600    0.0015221900    0.0136127700
  -0.0011331900   -0.0011331900    0.0030604200
   0.0094419100    0.0094419100    0.0030530400
  -0.0064178600    0.0015310800    0.0030104200
   0.0015310800   -0.0064178600    0.0030104200
   0.0355784000    0.0355784000    0.0711827400
# File: 50   
# 9       0.0000000000000000   0.0212132034355964   0.0212132034355964
# 9      -0.0212132034355964   0.0000000000000000  -0.0212132034355964
   0.0012007300   -0.0012007300   -0.0000377800
  -0.0066506800    0.0004888500    0.0000000000
  -0.0005997800    0.0038348400    0.0000000000
  -0.0005556100    0.0005556100    0.0000495900
  -0.0005556100    0.0005556100   -0.0000495900
  -0.0004888500    0.0066506800    0.0000000000
  -0.0038348400    0.0005997800    0.0000000000
   0.0012007300   -0.0012007300    0.0000377800
   0.0655945100   -0.0655945100    0.0000000000
  -0.0015374600    0.0041532100    0.0052881100
  -0.0041532100    0.0015374600   -0.0052881100
  -0.0094479500    0.0094479500    0.0000000000
   0.0011363100   -0.0011363100    0.0000000000
  -0.0041532100    0.0015374600    0.0052881100
  -0.0015374600    0.0041532100   -0.0052881100
  -0.0356176100    0.0356176100    0.0000000000
# File: 51   
# 9       0.0000000000000000   0.0212132034355964   0.0212132034355964
# 10      0.0212132034355964   0.0000000000000000   0.0212132034355964
   0.0038168800   -0.0012125000   -0.0006173800
  -0.0013081700    0.0006009700   -0.0006409400
   0.0005338400    0.0038635300    0.0071858800
   0.0005163000    0.0003823000    0.0072283600
   0.0005958300    0.0007192000    0.0043611700
   0.0005584300    0.0066307500    0.0043964300
  -0.0010903700    0.0005126600   -0.0006471000
   0.0066701800   -0.0011859500   -0.0006951000
   0.0015328600   -0.0603053500   -0.0614342200
  -0.0656036900    0.0094394100   -0.0561555000
   0.0094437100   -0.0037564100    0.0056914100
   0.0041631200    0.0041494600    0.0109897300
   0.0041531800    0.0041535600    0.0003968400
  -0.0011348400    0.0068253100    0.0056882900
   0.0356181400   -0.0011443100    0.0344773300
   0.0015346000    0.0303273900    0.0397748000
# File: 52   
# 9       0.0000000000000000   0.0212132034355964   0.0212132034355964
# 10     -0.0212132034355964   0.0000000000000000  -0.0212132034355964
  -0.0065414800   -0.0011850600   -0.0016775200
   0.0012145800    0.0005920000    0.0017516400
  -0.0006355500    0.0038220300   -0.0031797100
  -0.0005165500    0.0005079100    0.0060639300
  -0.0005952100    0.0005641400    0.0033121800
  -0.0004505200    0.0066734700   -0.0062171000
   0.0011809700    0.0005175700    0.0017569500
  -0.0039406000   -0.0012106500   -0.0018094800
  -0.0015273500   -0.0709026000   -0.0697619500
   0.0655899600    0.0094728200    0.0750565100
   0.0011341700    0.0068204700    0.0026214700
  -0.0147429800    0.0041587400   -0.0079179800
   0.0064232000    0.0041571600    0.0026676800
  -0.0094451300   -0.0037564300    0.0026214700
  -0.0356161800   -0.0011273800   -0.0367513600
  -0.0015313200    0.0408958200    0.0314632800
# File: 53   
# 9       0.0000000000000000   0.0212132034355964   0.0212132034355964
# 11      0.0000000000000000   0.0212132034355964   0.0212132034355964
   0.0000345400    0.0026236600   -0.0006067600
  -0.0000979300    0.0010357800    0.0072157700
   0.0000345400    0.0026236600   -0.0006067600
  -0.0000979300    0.0010357800    0.0072157700
   0.0001009700    0.0011688300    0.0043824000
  -0.0000344100    0.0054742300   -0.0007033800
   0.0001009700    0.0011688300    0.0043824000
  -0.0000344100    0.0054742300   -0.0007033800
   0.0052899300   -0.0640713500   -0.0614419200
  -0.0052923000    0.0136049200    0.0109877000
   0.0052899300   -0.0640713500   -0.0614419200
  -0.0052923000    0.0136049200    0.0109877000
   0.0052906500    0.0030173000    0.0003963100
  -0.0052914400    0.0371466300    0.0397698700
   0.0052906500    0.0030173000    0.0003963100
  -0.0052914400    0.0371466300    0.0397698700
# File: 54   
# 9       0.0000000000000000   0.0212132034355964   0.0212132034355964
# 11      0.0000000000000000  -0.0212132034355964  -0.0212132034355964
   0.0000419400   -0.0078344000   -0.0016831400
  -0.0000022400   -0.0000309200   -0.0032815300
   0.0000419700    0.0050497300    0.0018055800
  -0.0000004000   -0.0000555100    0.0060832200
   0.0000022400    0.0000309200    0.0032815300
  -0.0000419400    0.0078344000    0.0016831400
   0.0000004000    0.0000555100   -0.0060832200
  -0.0000419700   -0.0050497300   -0.0018055800
  -0.0052895300   -0.0671259100   -0.0697409300
   0.0052856700    0.0052998900    0.0079145600
   0.0052895300    0.0671259100    0.0697409300
  -0.0052856700   -0.0052998900   -0.0079145600
   0.0052901600    0.0052912600    0.0026722700
  -0.0052903900   -0.0340843900   -0.0314723900
  -0.0052901600   -0.0052912600   -0.0026722700
   0.0052903900    0.0340843900    0.0314723900
# File: 55   
# 9       0.0000000000000000   0.0212132034355964   0.0212132034355964
# 11      0.0212132034355964   0.0000000000000000   0.0212132034355964
   0.0006054700   -0.0013145200   -0.0006444700
   0.0003806900    0.0005197700    0.0072343800
  -0.0012090400    0.0038146900   -0.0006219100
   0.0038571400    0.0005382600    0.0071873400
   0.0066370800    0.0005540100    0.0043944400
  -0.0011897000    0.0066718500   -0.0006906800
   0.0007208200    0.0005922100    0.0043547600
   0.0005081900   -0.0010838700   -0.0006438300
   0.0094392400   -0.0656025800   -0.0561542600
   0.0041495400    0.0041632100    0.0109896500
  -0.0603050000    0.0015327300   -0.0614337600
  -0.0037562600    0.0094438200    0.0056913800
   0.0068252300   -0.0011348900    0.0056881200
   0.0303276600    0.0015341000    0.0397750600
   0.0041532300    0.0041531200    0.0003966900
  -0.0011442900    0.0356181000    0.0344770700
# File: 56   
# 9       0.0000000000000000   0.0212132034355964   0.0212132034355964
# 11     -0.0212132034355964   0.0000000000000000  -0.0212132034355964
  -0.0005134000   -0.0011844400   -0.0017586600
  -0.0005656600    0.0005969000   -0.0033087800
   0.0012124700    0.0039387500    0.0018054500
  -0.0066769400    0.0004543700    0.0062190600
  -0.0038184100    0.0006317000    0.0031777000
   0.0011835000    0.0065434000    0.0016814400
  -0.0005060500    0.0005148300   -0.0060673400
  -0.0005958400   -0.0012110900   -0.0017499900
  -0.0094728900   -0.0655905300   -0.0750568100
  -0.0041593900    0.0147438300    0.0079187700
   0.0709024000    0.0015273000    0.0697616400
  -0.0068204700   -0.0011341200   -0.0026212500
   0.0037565400    0.0094450000   -0.0026214000
  -0.0408962700    0.0015314700   -0.0314635100
  -0.0041570500   -0.0064236400   -0.0026678200
   0.0011274700    0.0356162600    0.0367515000
# File: 57   
# 9       0.0000000000000000   0.0212132034355964   0.0212132034355964
# 11      0.0212132034355964   0.0212132034355964   0.0000000000000000
   0.0006304100    0.0026097000   -0.0012009400
   0.0005068900    0.0011123700    0.0006030700
  -0.0012009400    0.0026097000    0.0006304100
   0.0039343100    0.0010915600    0.0065654800
   0.0065654800    0.0010915600    0.0039343100
  -0.0011950900    0.0054919000    0.0004585600
   0.0006030700    0.0011123700    0.0005068900
   0.0004585600    0.0054919000   -0.0011950900
   0.0041578800   -0.0640808000   -0.0603211100
  -0.0011365200    0.0083196000    0.0094546400
  -0.0603211100   -0.0640808000    0.0041578800
  -0.0037575700    0.0083131200    0.0068210700
   0.0068210700    0.0083131200   -0.0037575700
   0.0303196700    0.0371425400    0.0041592700
   0.0094546400    0.0083196000   -0.0011365200
   0.0041592700    0.0371425400    0.0303196700
# File: 58   
# 9       0.0000000000000000   0.0212132034355964   0.0212132034355964
# 11     -0.0212132034355964  -0.0212132034355964   0.0000000000000000
  -0.0004435300   -0.0078220200   -0.0011961100
  -0.0006099900    0.0000000000    0.0006099900
   0.0012021600    0.0050618000    0.0006440900
  -0.0067510000    0.0000000000    0.0067510000
  -0.0037397100    0.0000000000    0.0037397100
   0.0011961100    0.0078220200    0.0004435300
  -0.0004979400    0.0000000000    0.0004979400
  -0.0006440900   -0.0050618000   -0.0012021600
  -0.0041549600   -0.0671307600   -0.0708894100
   0.0011320100    0.0105882500    0.0094535000
   0.0708894100    0.0671307600    0.0041549600
  -0.0068224200   -0.0000023000   -0.0037544700
   0.0037544700    0.0000023000    0.0068224200
  -0.0409040800   -0.0340829700    0.0041529400
  -0.0094535000   -0.0105882500   -0.0011320100
  -0.0041529400    0.0340829700    0.0409040800
# File: 59   
# 9       0.0000000000000000   0.0212132034355964   0.0212132034355964
# 15      0.0212132034355964   0.0000000000000000   0.0212132034355964
   0.0066809700   -0.0012011300   -0.0007137600
  -0.0012325700    0.0005165500   -0.0006468200
   0.0006128800    0.0036988600    0.0043289500
   0.0005433100    0.0006014400    0.0072138500
   0.0005683600    0.0004942400    0.0043790600
   0.0004758600    0.0067978900    0.0072536800
  -0.0011665200    0.0005961500   -0.0006414300
   0.0038040800   -0.0011979900   -0.0005986600
   0.0015360000   -0.0708890200   -0.0614465200
   0.0356146800    0.0094498900    0.0450673200
   0.0094440500    0.0068236600    0.0056890900
  -0.0064240400    0.0041534100    0.0004002600
   0.0147409800    0.0041515600    0.0109868600
  -0.0011354500   -0.0037542600    0.0056894600
  -0.0655964900   -0.0011467000   -0.0667345200
   0.0015339100    0.0409054400    0.0397731800
# File: 60   
# 9       0.0000000000000000   0.0212132034355964   0.0212132034355964
# 15     -0.0212132034355964   0.0000000000000000  -0.0212132034355964
  -0.0037762100   -0.0011970300   -0.0017983600
   0.0011380000    0.0005212000    0.0017581600
  -0.0004995300    0.0039845000   -0.0059594100
  -0.0005432600    0.0004850400    0.0060780900
  -0.0005671600    0.0005873000    0.0032910400
  -0.0005882100    0.0065072500   -0.0034445200
   0.0012595300    0.0005885200    0.0017519800
  -0.0067112800   -0.0011992900   -0.0016880500
  -0.0015320900   -0.0603177700   -0.0697477500
  -0.0356203800    0.0094657500   -0.0261633500
   0.0011337400   -0.0037589400    0.0026231000
  -0.0041539500    0.0041552600    0.0026710000
  -0.0041643900    0.0041599000   -0.0079206400
  -0.0094447200    0.0068222000    0.0026196000
   0.0656000800   -0.0011237700    0.0644655700
  -0.0015301800    0.0303198600    0.0314635500
# File: 61   
# 9       0.0000000000000000   0.0212132034355964   0.0212132034355964
# 16      0.0212132034355964   0.0000000000000000   0.0212132034355964
  -0.0011561000   -0.0012369800   -0.0023939000
   0.0066189300    0.0003957200    0.0008906400
   0.0007169100    0.0039014500    0.0013169400
   0.0004417500    0.0006579800    0.0105298300
   0.0006579800    0.0004417500    0.0105298300
   0.0003957200    0.0066189300    0.0008906400
   0.0039014500    0.0007169100    0.0013169400
  -0.0012369800   -0.0011561000   -0.0023939000
   0.0355858000   -0.0656278600   -0.0300290100
   0.0015265900    0.0041712500    0.0136096800
   0.0041593300    0.0015286800    0.0030154200
  -0.0011326200    0.0094491500    0.0030604000
   0.0094491500   -0.0011326200    0.0030604000
   0.0041712500    0.0015265900    0.0136096800
   0.0015286800    0.0041593300    0.0030154200
  -0.0656278600    0.0355858000   -0.0300290100
# File: 62   
# 9       0.0000000000000000   0.0212132034355964   0.0212132034355964
# 16     -0.0212132034355964   0.0000000000000000  -0.0212132034355964
   0.0012398900   -0.0012398900    0.0000000000
  -0.0038834200    0.0007176300    0.0001173800
  -0.0007176300    0.0038834200   -0.0001173800
  -0.0003258200    0.0003258200    0.0000000000
  -0.0007553600    0.0007553600    0.0000000000
  -0.0003962400    0.0066004200    0.0000960300
  -0.0066004200    0.0003962400   -0.0000960300
   0.0011616600   -0.0011616600    0.0000000000
  -0.0356120500   -0.0655879400   -0.1012110400
  -0.0015388300    0.0147382900    0.0052976500
   0.0064249900    0.0015360300    0.0052932500
  -0.0094466500   -0.0011362600    0.0000009900
   0.0011362600    0.0094466500   -0.0000009900
  -0.0147382900    0.0015388300   -0.0052976500
  -0.0015360300   -0.0064249900   -0.0052932500
   0.0655879400    0.0356120500    0.1012110400
