# File: 1    
# 1       0.0000000000000000   0.0212132034355964   0.0212132034355964
   0.0000000000   -0.0546975700   -0.0546975700
   0.0000000000    0.0221678800    0.0221678800
   0.0187680000    0.0002123600    0.0033936700
  -0.0187680000    0.0033936700    0.0002123600
   0.0187680000    0.0033936700    0.0002123600
  -0.0187680000    0.0002123600    0.0033936700
   0.0000000000   -0.0153763600   -0.0153763600
   0.0000000000    0.0303792500    0.0303792500
  -0.0000128800   -0.0012018300   -0.0012018300
  -0.0001279200    0.0005532000    0.0005532000
   0.0000000000    0.0066527800    0.0005802200
   0.0000000000    0.0005162700    0.0038627000
   0.0000000000    0.0005802200    0.0066527800
   0.0000000000    0.0038627000    0.0005162700
   0.0001279200    0.0005532000    0.0005532000
   0.0000128800   -0.0012018300   -0.0012018300
# File: 2    
# 9       0.0000000000000000   0.0212132034355964   0.0212132034355964
   0.0000470100   -0.0012005100   -0.0012005100
  -0.0000459000    0.0005557300    0.0005557300
   0.0000000000    0.0038383100    0.0005905800
   0.0000000000    0.0004978000    0.0066475500
   0.0000000000    0.0005905800    0.0038383100
   0.0000000000    0.0066475500    0.0004978000
   0.0000459000    0.0005557300    0.0005557300
  -0.0000470100   -0.0012005100   -0.0012005100
   0.0000000000   -0.0655986400   -0.0655986400
   0.0000000000    0.0094531500    0.0094531500
   0.0052895900    0.0015355300    0.0041541200
  -0.0052895900    0.0041541200    0.0015355300
   0.0052895900    0.0041541200    0.0015355300
  -0.0052895900    0.0015355300    0.0041541200
   0.0000000000   -0.0011364200   -0.0011364200
   0.0000000000    0.0356179600    0.0356179600
