# Sigma = 0.500000
      -15.0000000000        0.0000000000
      -14.9000000000        0.0000000000
      -14.8000000000        0.0000000000
      -14.7000000000        0.0000000000
      -14.6000000000        0.0000000000
      -14.5000000000        0.0000000000
      -14.4000000000        0.0000000000
      -14.3000000000        0.0000000000
      -14.2000000000        0.0000000000
      -14.1000000000        0.0000000000
      -14.0000000000        0.0000000000
      -13.9000000000        0.0000000000
      -13.8000000000        0.0000000000
      -13.7000000000        0.0000000000
      -13.6000000000        0.0000000000
      -13.5000000000        0.0000000000
      -13.4000000000        0.0000000000
      -13.3000000000        0.0000000000
      -13.2000000000        0.0000000000
      -13.1000000000        0.0000000000
      -13.0000000000        0.0000000000
      -12.9000000000        0.0000000000
      -12.8000000000        0.0000000000
      -12.7000000000        0.0000000000
      -12.6000000000        0.0000000000
      -12.5000000000        0.0000000000
      -12.4000000000        0.0000000000
      -12.3000000000        0.0000000000
      -12.2000000000        0.0000000000
      -12.1000000000        0.0000000000
      -12.0000000000        0.0000000000
      -11.9000000000        0.0000000000
      -11.8000000000        0.0000000000
      -11.7000000000        0.0000000000
      -11.6000000000        0.0000000000
      -11.5000000000        0.0000000000
      -11.4000000000        0.0000000000
      -11.3000000000        0.0000000000
      -11.2000000000        0.0000000000
      -11.1000000000        0.0000000000
      -11.0000000000        0.0000000000
      -10.9000000000        0.0000000000
      -10.8000000000        0.0000000000
      -10.7000000000        0.0000000000
      -10.6000000000        0.0000000000
      -10.5000000000        0.0000000000
      -10.4000000000        0.0000000000
      -10.3000000000        0.0000000000
      -10.2000000000        0.0000000000
      -10.1000000000        0.0000000000
      -10.0000000000        0.0000000000
       -9.9000000000        0.0000000000
       -9.8000000000        0.0000000000
       -9.7000000000        0.0000000000
       -9.6000000000        0.0000000000
       -9.5000000000        0.0000000000
       -9.4000000000        0.0000000000
       -9.3000000000        0.0000000000
       -9.2000000000        0.0000000000
       -9.1000000000        0.0000000000
       -9.0000000000        0.0000000000
       -8.9000000000        0.0000000000
       -8.8000000000        0.0000000000
       -8.7000000000        0.0000000000
       -8.6000000000        0.0000000000
       -8.5000000000        0.0000000000
       -8.4000000000        0.0000000000
       -8.3000000000        0.0000000000
       -8.2000000000        0.0000000000
       -8.1000000000        0.0000000000
       -8.0000000000        0.0000000000
       -7.9000000000        0.0000000000
       -7.8000000000        0.0000000000
       -7.7000000000        0.0000000000
       -7.6000000000        0.0000000000
       -7.5000000000        0.0000000000
       -7.4000000000        0.0000000000
       -7.3000000000        0.0000000000
       -7.2000000000        0.0000000000
       -7.1000000000        0.0000000000
       -7.0000000000        0.0000000000
       -6.9000000000        0.0000000000
       -6.8000000000        0.0000000000
       -6.7000000000        0.0000000000
       -6.6000000000        0.0000000000
       -6.5000000000        0.0000000000
       -6.4000000000        0.0000000000
       -6.3000000000        0.0000000000
       -6.2000000000        0.0000000000
       -6.1000000000        0.0000000000
       -6.0000000000        0.0000000000
       -5.9000000000        0.0000000000
       -5.8000000000        0.0000000000
       -5.7000000000        0.0000000000
       -5.6000000000        0.0000000000
       -5.5000000000        0.0000000000
       -5.4000000000        0.0000000000
       -5.3000000000        0.0000000000
       -5.2000000000        0.0000000000
       -5.1000000000        0.0000000000
       -5.0000000000        0.0000000000
       -4.9000000000        0.0000000000
       -4.8000000000        0.0000000000
       -4.7000000000        0.0000000000
       -4.6000000000        0.0000000000
       -4.5000000000        0.0000000000
       -4.4000000000        0.0000000000
       -4.3000000000        0.0000000000
       -4.2000000000        0.0000000000
       -4.1000000000        0.0000000000
       -4.0000000000        0.0000000000
       -3.9000000000        0.0000000000
       -3.8000000000        0.0000000000
       -3.7000000000        0.0000000000
       -3.6000000000        0.0000000001
       -3.5000000000        0.0000000004
       -3.4000000000        0.0000000014
       -3.3000000000        0.0000000046
       -3.2000000000        0.0000000145
       -3.1000000000        0.0000000440
       -3.0000000000        0.0000001282
       -2.9000000000        0.0000003591
       -2.8000000000        0.0000009678
       -2.7000000000        0.0000025086
       -2.6000000000        0.0000062556
       -2.5000000000        0.0000150087
       -2.4000000000        0.0000346516
       -2.3000000000        0.0000769999
       -2.2000000000        0.0001647194
       -2.1000000000        0.0003393232
       -2.0000000000        0.0006733747
       -1.9000000000        0.0012878843
       -1.8000000000        0.0023753667
       -1.7000000000        0.0042280874
       -1.6000000000        0.0072699009
       -1.5000000000        0.0120893018
       -1.4000000000        0.0194717192
       -1.3000000000        0.0304314498
       -1.2000000000        0.0462481247
       -1.1000000000        0.0685180456
       -1.0000000000        0.0992342158
       -0.9000000000        0.1409061945
       -0.8000000000        0.1967180041
       -0.7000000000        0.2706978482
       -0.6000000000        0.3678411023
       -0.5000000000        0.4940977197
       -0.4000000000        0.6561210687
       -0.3000000000        0.8606912784
       -0.2000000000        1.1137800509
       -0.1000000000        1.4193117079
       -0.0000000000        1.7777799304
        0.1000000000        2.1849742797
        0.2000000000        2.6311253201
        0.3000000000        3.1007677690
        0.4000000000        3.5735358233
        0.5000000000        4.0259485235
        0.6000000000        4.4340382484
        0.7000000000        4.7764611037
        0.8000000000        5.0375549508
        0.9000000000        5.2097329604
        1.0000000000        5.2946600323
        1.1000000000        5.3028688436
        1.2000000000        5.2518005480
        1.3000000000        5.1626258596
        1.4000000000        5.0565108401
        1.5000000000        4.9511389990
        1.6000000000        4.8582316651
        1.7000000000        4.7825357128
        1.8000000000        4.7223546848
        1.9000000000        4.6713101833
        2.0000000000        4.6207543690
        2.1000000000        4.5621821214
        2.2000000000        4.4891116508
        2.3000000000        4.3981482718
        2.4000000000        4.2892167745
        2.5000000000        4.1651503025
        2.6000000000        4.0309068181
        2.7000000000        3.8926524779
        2.8000000000        3.7568535127
        2.9000000000        3.6294202467
        3.0000000000        3.5148998261
        3.1000000000        3.4157334332
        3.2000000000        3.3316562414
        3.3000000000        3.2593779334
        3.4000000000        3.1926934496
        3.5000000000        3.1231162416
        3.6000000000        3.0410109349
        3.7000000000        2.9370670750
        3.8000000000        2.8038483513
        3.9000000000        2.6371102706
        4.0000000000        2.4366181034
        4.1000000000        2.2063039535
        4.2000000000        1.9537451721
        4.3000000000        1.6890867699
        4.4000000000        1.4236336172
        4.5000000000        1.1683833019
        4.6000000000        0.9327536498
        4.7000000000        0.7236914795
        4.8000000000        0.5452527852
        4.9000000000        0.3986444471
        5.0000000000        0.2826360992
        5.1000000000        0.1942024463
        5.2000000000        0.1292454326
        5.3000000000        0.0832669539
        5.4000000000        0.0519044579
        5.5000000000        0.0312897413
        5.6000000000        0.0182334244
        5.7000000000        0.0102664317
        5.8000000000        0.0055832104
        5.9000000000        0.0029315788
        6.0000000000        0.0014856741
        6.1000000000        0.0007264608
        6.2000000000        0.0003426417
        6.3000000000        0.0001558449
        6.4000000000        0.0000683406
        6.5000000000        0.0000288964
        6.6000000000        0.0000118097
        6.7000000000        0.0000047600
        6.8000000000        0.0000021738
        6.9000000000        0.0000018631
        7.0000000000        0.0000036001
        7.1000000000        0.0000090032
        7.2000000000        0.0000227048
        7.3000000000        0.0000553765
        7.4000000000        0.0001299006
        7.5000000000        0.0002928639
        7.6000000000        0.0006345266
        7.7000000000        0.0013211710
        7.8000000000        0.0026435846
        7.9000000000        0.0050833840
        8.0000000000        0.0093937433
        8.1000000000        0.0166821142
        8.2000000000        0.0284702090
        8.3000000000        0.0466936600
        8.4000000000        0.0735958609
        8.5000000000        0.1114750240
        8.6000000000        0.1622672802
        8.7000000000        0.2269938067
        8.8000000000        0.3051597025
        8.9000000000        0.3942492900
        9.0000000000        0.4894920480
        9.1000000000        0.5840523164
        9.2000000000        0.6697143985
        9.3000000000        0.7380056146
        9.4000000000        0.7815597584
        9.5000000000        0.7954218916
        9.6000000000        0.7779756892
        9.7000000000        0.7312534725
        9.8000000000        0.6605467458
        9.9000000000        0.5734203808
       10.0000000000        0.4783842515
       10.1000000000        0.3835438421
       10.2000000000        0.2955205820
       10.3000000000        0.2188241233
       10.4000000000        0.1557175456
       10.5000000000        0.1064914923
       10.6000000000        0.0699886130
       10.7000000000        0.0442053719
       10.8000000000        0.0268323033
       10.9000000000        0.0156522268
       11.0000000000        0.0087746458
       11.1000000000        0.0047273562
       11.2000000000        0.0024476104
       11.3000000000        0.0012178714
       11.4000000000        0.0005823656
       11.5000000000        0.0002676239
       11.6000000000        0.0001181922
       11.7000000000        0.0000501635
       11.8000000000        0.0000204607
       11.9000000000        0.0000080203
       12.0000000000        0.0000030213
       12.1000000000        0.0000010938
       12.2000000000        0.0000003805
       12.3000000000        0.0000001272
       12.4000000000        0.0000000409
       12.5000000000        0.0000000126
       12.6000000000        0.0000000037
       12.7000000000        0.0000000011
       12.8000000000        0.0000000003
       12.9000000000        0.0000000001
       13.0000000000        0.0000000000
       13.1000000000        0.0000000000
       13.2000000000        0.0000000000
       13.3000000000        0.0000000000
       13.4000000000        0.0000000000
       13.5000000000        0.0000000000
       13.6000000000        0.0000000000
       13.7000000000        0.0000000000
       13.8000000000        0.0000000000
       13.9000000000        0.0000000000
       14.0000000000        0.0000000000
       14.1000000000        0.0000000000
       14.2000000000        0.0000000000
       14.3000000000        0.0000000000
       14.4000000000        0.0000000000
       14.5000000000        0.0000000000
       14.6000000000        0.0000000000
       14.7000000000        0.0000000000
       14.8000000000        0.0000000000
       14.9000000000        0.0000000000
       15.0000000000        0.0000000000
       15.1000000000        0.0000000000
       15.2000000000        0.0000000000
       15.3000000000        0.0000000000
       15.4000000000        0.0000000000
       15.5000000000        0.0000000000
       15.6000000000        0.0000000000
       15.7000000000        0.0000000000
       15.8000000000        0.0000000000
       15.9000000000        0.0000000000
       16.0000000000        0.0000000000
       16.1000000000        0.0000000000
       16.2000000000        0.0000000000
       16.3000000000        0.0000000000
       16.4000000000        0.0000000000
       16.5000000000        0.0000000000
       16.6000000000        0.0000000000
       16.7000000000        0.0000000000
       16.8000000000        0.0000000000
       16.9000000000        0.0000000000
       17.0000000000        0.0000000000
       17.1000000000        0.0000000000
       17.2000000000        0.0000000000
       17.3000000000        0.0000000000
       17.4000000000        0.0000000000
       17.5000000000        0.0000000000
       17.6000000000        0.0000000000
       17.7000000000        0.0000000000
       17.8000000000        0.0000000000
       17.9000000000        0.0000000000
       18.0000000000        0.0000000000
       18.1000000000        0.0000000000
       18.2000000000        0.0000000000
       18.3000000000        0.0000000000
       18.4000000000        0.0000000000
       18.5000000000        0.0000000000
       18.6000000000        0.0000000000
       18.7000000000        0.0000000000
       18.8000000000        0.0000000000
       18.9000000000        0.0000000000
       19.0000000000        0.0000000000
       19.1000000000        0.0000000000
       19.2000000000        0.0000000000
       19.3000000000        0.0000000000
       19.4000000000        0.0000000000
       19.5000000000        0.0000000000
       19.6000000000        0.0000000000
       19.7000000000        0.0000000000
       19.8000000000        0.0000000000
       19.9000000000        0.0000000000
       20.0000000000        0.0000000000
       20.1000000000        0.0000000000
       20.2000000000        0.0000000000
       20.3000000000        0.0000000000
       20.4000000000        0.0000000000
       20.5000000000        0.0000000000
       20.6000000000        0.0000000000
       20.7000000000        0.0000000000
       20.8000000000        0.0000000000
       20.9000000000        0.0000000000
       21.0000000000        0.0000000000
       21.1000000000        0.0000000000
       21.2000000000        0.0000000000
       21.3000000000        0.0000000000
       21.4000000000        0.0000000000
       21.5000000000        0.0000000000
       21.6000000000        0.0000000000
       21.7000000000        0.0000000000
       21.8000000000        0.0000000000
       21.9000000000        0.0000000000
       22.0000000000        0.0000000000
       22.1000000000        0.0000000000
       22.2000000000        0.0000000000
       22.3000000000        0.0000000000
       22.4000000000        0.0000000000
       22.5000000000        0.0000000000
       22.6000000000        0.0000000000
       22.7000000000        0.0000000000
       22.8000000000        0.0000000000
       22.9000000000        0.0000000002
       23.0000000000        0.0000000006
       23.1000000000        0.0000000021
       23.2000000000        0.0000000073
       23.3000000000        0.0000000241
       23.4000000000        0.0000000763
       23.5000000000        0.0000002324
       23.6000000000        0.0000006803
       23.7000000000        0.0000019135
       23.8000000000        0.0000051722
       23.9000000000        0.0000134353
       24.0000000000        0.0000335390
       24.1000000000        0.0000804609
       24.2000000000        0.0001855037
       24.3000000000        0.0004110116
       24.4000000000        0.0008751677
       24.5000000000        0.0017908806
       24.6000000000        0.0035219501
       24.7000000000        0.0066564919
       24.8000000000        0.0120909250
       24.9000000000        0.0211073944
       25.0000000000        0.0354147330
       25.1000000000        0.0571119693
       25.2000000000        0.0885305416
       25.3000000000        0.1319243743
       25.4000000000        0.1890110062
       25.5000000000        0.2604203126
       25.6000000000        0.3451679637
       25.7000000000        0.4403163432
       25.8000000000        0.5409898020
       25.9000000000        0.6408544350
       26.0000000000        0.7330550950
       26.1000000000        0.8114509837
       26.2000000000        0.8718558834
       26.3000000000        0.9129269002
       26.4000000000        0.9363965983
       26.5000000000        0.9465096176
       26.6000000000        0.9487624070
       26.7000000000        0.9482753778
       26.8000000000        0.9482661932
       26.9000000000        0.9490840162
       27.0000000000        0.9481023260
       27.1000000000        0.9405039691
       27.2000000000        0.9207164405
       27.3000000000        0.8840625203
       27.4000000000        0.8281445660
       27.5000000000        0.7535889379
       27.6000000000        0.6639938424
       27.7000000000        0.5651682623
       27.8000000000        0.4639387392
       27.9000000000        0.3668806820
       28.0000000000        0.2792928747
       28.1000000000        0.2046108804
       28.2000000000        0.1443026307
       28.3000000000        0.0981612582
       28.4000000000        0.0648390175
       28.5000000000        0.0424572151
       28.6000000000        0.0291633378
       28.7000000000        0.0235607662
       28.8000000000        0.0249837716
       28.9000000000        0.0336168333
       29.0000000000        0.0504618315
       29.1000000000        0.0771492180
       29.2000000000        0.1155850562
       29.3000000000        0.1674387862
       29.4000000000        0.2335130357
       29.5000000000        0.3130910117
       29.6000000000        0.4034103388
       29.7000000000        0.4994380102
       29.8000000000        0.5940949475
       29.9000000000        0.6789910379
       30.0000000000        0.7455972990
       30.1000000000        0.7866402081
       30.2000000000        0.7974056481
       30.3000000000        0.7766292947
       30.4000000000        0.7267407366
       30.5000000000        0.6533960586
       30.6000000000        0.5644231037
       30.7000000000        0.4684511609
       30.8000000000        0.3735554872
       30.9000000000        0.2862049781
       31.0000000000        0.2106834920
       31.1000000000        0.1490098897
       31.2000000000        0.1012583713
       31.3000000000        0.0661116567
       31.4000000000        0.0414721357
       31.5000000000        0.0249957411
       31.6000000000        0.0144746106
       31.7000000000        0.0080533953
       31.8000000000        0.0043050916
       31.9000000000        0.0022111440
       32.0000000000        0.0010911461
       32.1000000000        0.0005173447
       32.2000000000        0.0002356722
       32.3000000000        0.0001031497
       32.4000000000        0.0000433769
       32.5000000000        0.0000175259
       32.6000000000        0.0000068035
       32.7000000000        0.0000025376
       32.8000000000        0.0000009094
       32.9000000000        0.0000003131
       33.0000000000        0.0000001037
       33.1000000000        0.0000000334
       33.2000000000        0.0000000118
       33.3000000000        0.0000000090
       33.4000000000        0.0000000210
       33.5000000000        0.0000000646
       33.6000000000        0.0000001979
       33.7000000000        0.0000005837
       33.8000000000        0.0000016547
       33.9000000000        0.0000045079
       34.0000000000        0.0000118008
       34.1000000000        0.0000296850
       34.2000000000        0.0000717563
       34.3000000000        0.0001666824
       34.4000000000        0.0003720824
       34.5000000000        0.0007982234
       34.6000000000        0.0016457625
       34.7000000000        0.0032613313
       34.8000000000        0.0062121732
       34.9000000000        0.0113752091
       35.0000000000        0.0200263714
       35.1000000000        0.0339038766
       35.2000000000        0.0552077346
       35.3000000000        0.0864930503
       35.4000000000        0.1304234236
       35.5000000000        0.1893777972
       35.6000000000        0.2649481467
       35.7000000000        0.3574161325
       35.8000000000        0.4653355085
       35.9000000000        0.5853525118
       36.0000000000        0.7123550792
       36.1000000000        0.8399576794
       36.2000000000        0.9612273363
       36.3000000000        1.0694778152
       36.4000000000        1.1589397497
       36.5000000000        1.2251688125
       36.6000000000        1.2651621392
       36.7000000000        1.2772672730
       36.8000000000        1.2610341413
       36.9000000000        1.2171470985
       37.0000000000        1.1474888729
       37.1000000000        1.0552763416
       37.2000000000        0.9451282925
       37.3000000000        0.8229196042
       37.4000000000        0.6953481921
       37.5000000000        0.5692555686
       37.6000000000        0.4508449327
       37.7000000000        0.3449871189
       37.8000000000        0.2547785659
       37.9000000000        0.1814337995
       38.0000000000        0.1244953574
       38.1000000000        0.0822649821
       38.2000000000        0.0523242983
       38.3000000000        0.0320229195
       38.4000000000        0.0188523270
       38.5000000000        0.0106738909
       38.6000000000        0.0058113419
       38.7000000000        0.0030426927
       38.8000000000        0.0015336066
       38.9000000000        0.0007486555
       39.0000000000        0.0003656037
       39.1000000000        0.0002063870
       39.2000000000        0.0001899955
       39.3000000000        0.0003079014
       39.4000000000        0.0006213479
       39.5000000000        0.0012803176
       39.6000000000        0.0025646361
       39.7000000000        0.0049466939
       39.8000000000        0.0091711043
       39.9000000000        0.0163383151
       40.0000000000        0.0279672034
       40.1000000000        0.0459988113
       40.2000000000        0.0726952893
       40.3000000000        0.1103925355
       40.4000000000        0.1610892349
       40.5000000000        0.2259015553
       40.6000000000        0.3044750750
       40.7000000000        0.3945059096
       40.8000000000        0.4915556214
       40.9000000000        0.5893240842
       41.0000000000        0.6804585740
       41.1000000000        0.7578365639
       41.2000000000        0.8160999042
       41.3000000000        0.8530912663
       41.4000000000        0.8707996460
       41.5000000000        0.8754878339
       41.6000000000        0.8768439159
       41.7000000000        0.8862304331
       41.8000000000        0.9143383694
       41.9000000000        0.9687276366
       42.0000000000        1.0518060196
       42.1000000000        1.1597440427
       42.2000000000        1.2826495842
       42.3000000000        1.4060634329
       42.4000000000        1.5135369731
       42.5000000000        1.5897831212
       42.6000000000        1.6237224310
       42.7000000000        1.6107331514
       42.8000000000        1.5535753342
       42.9000000000        1.4617633694
       43.0000000000        1.3495313376
       43.1000000000        1.2328708084
       43.2000000000        1.1263301354
       43.3000000000        1.0402955120
       43.4000000000        0.9793273289
       43.5000000000        0.9418488396
       43.6000000000        0.9211551406
       43.7000000000        0.9074122087
       43.8000000000        0.8901169106
       43.9000000000        0.8604298946
       44.0000000000        0.8128790954
       44.1000000000        0.7461317192
       44.2000000000        0.6627884285
       44.3000000000        0.5683938832
       44.4000000000        0.4700197492
       44.5000000000        0.3748240189
       44.6000000000        0.2889255183
       44.7000000000        0.2167898451
       44.8000000000        0.1611554284
       44.9000000000        0.1233861174
       45.0000000000        0.1040515071
       45.1000000000        0.1035161429
       45.2000000000        0.1223528270
       45.3000000000        0.1614636402
       45.4000000000        0.2218752530
       45.5000000000        0.3042571433
       45.6000000000        0.4082803231
       45.7000000000        0.5319790973
       45.8000000000        0.6712891615
       45.9000000000        0.8199063096
       46.0000000000        0.9695447370
       46.1000000000        1.1105874015
       46.2000000000        1.2330362721
       46.3000000000        1.3276102246
       46.4000000000        1.3868158756
       46.5000000000        1.4058307022
       46.6000000000        1.3830763017
       46.7000000000        1.3204080270
       46.8000000000        1.2228964980
       46.9000000000        1.0982254095
       47.0000000000        0.9557804589
       47.1000000000        0.8055536677
       47.2000000000        0.6570253013
       47.3000000000        0.5181968408
       47.4000000000        0.3949219948
       47.5000000000        0.2906200693
       47.6000000000        0.2063731795
       47.7000000000        0.1413304819
       47.8000000000        0.0932916133
       47.9000000000        0.0593294783
       48.0000000000        0.0363365062
       48.1000000000        0.0214244011
       48.2000000000        0.0121573115
       48.3000000000        0.0066377352
       48.4000000000        0.0034862882
       48.5000000000        0.0017611243
       48.6000000000        0.0008555298
       48.7000000000        0.0003996176
       48.8000000000        0.0001794624
       48.9000000000        0.0000774791
       49.0000000000        0.0000321548
       49.1000000000        0.0000128273
       49.2000000000        0.0000049184
       49.3000000000        0.0000018126
       49.4000000000        0.0000006420
       49.5000000000        0.0000002186
       49.6000000000        0.0000000715
       49.7000000000        0.0000000225
       49.8000000000        0.0000000068
       49.9000000000        0.0000000020
       50.0000000000        0.0000000006
       50.1000000000        0.0000000001
       50.2000000000        0.0000000000
       50.3000000000        0.0000000000
       50.4000000000        0.0000000000
       50.5000000000        0.0000000000
       50.6000000000        0.0000000000
       50.7000000000        0.0000000000
       50.8000000000        0.0000000000
       50.9000000000        0.0000000000
       51.0000000000        0.0000000000
       51.1000000000        0.0000000000
       51.2000000000        0.0000000000
       51.3000000000        0.0000000000
       51.4000000000        0.0000000000
       51.5000000000        0.0000000000
       51.6000000000        0.0000000000
       51.7000000000        0.0000000000
       51.8000000000        0.0000000000
       51.9000000000        0.0000000000
       52.0000000000        0.0000000000
       52.1000000000        0.0000000000
       52.2000000000        0.0000000000
       52.3000000000        0.0000000000
       52.4000000000        0.0000000000
       52.5000000000        0.0000000000
       52.6000000000        0.0000000000
       52.7000000000        0.0000000000
       52.8000000000        0.0000000000
       52.9000000000        0.0000000000
       53.0000000000        0.0000000000
       53.1000000000        0.0000000000
       53.2000000000        0.0000000000
       53.3000000000        0.0000000000
       53.4000000000        0.0000000000
       53.5000000000        0.0000000000
       53.6000000000        0.0000000000
       53.7000000000        0.0000000000
       53.8000000000        0.0000000000
       53.9000000000        0.0000000000
       54.0000000000        0.0000000000
       54.1000000000        0.0000000000
       54.2000000000        0.0000000000
       54.3000000000        0.0000000000
       54.4000000000        0.0000000000
       54.5000000000        0.0000000000
       54.6000000000        0.0000000000
       54.7000000000        0.0000000000
       54.8000000000        0.0000000000
       54.9000000000        0.0000000000
       55.0000000000        0.0000000000
       55.1000000000        0.0000000000
       55.2000000000        0.0000000000
       55.3000000000        0.0000000000
       55.4000000000        0.0000000000
       55.5000000000        0.0000000000
       55.6000000000        0.0000000000
       55.7000000000        0.0000000000
       55.8000000000        0.0000000000
       55.9000000000        0.0000000000
       56.0000000000        0.0000000000
       56.1000000000        0.0000000000
       56.2000000000        0.0000000000
       56.3000000000        0.0000000000
       56.4000000000        0.0000000000
       56.5000000000        0.0000000000
       56.6000000000        0.0000000000
       56.7000000000        0.0000000000
       56.8000000000        0.0000000000
       56.9000000000        0.0000000000
       57.0000000000        0.0000000000
       57.1000000000        0.0000000000
       57.2000000000        0.0000000000
       57.3000000000        0.0000000000
       57.4000000000        0.0000000000
       57.5000000000        0.0000000000
       57.6000000000        0.0000000000
       57.7000000000        0.0000000000
       57.8000000000        0.0000000000
       57.9000000000        0.0000000000
       58.0000000000        0.0000000000
       58.1000000000        0.0000000000
       58.2000000000        0.0000000000
       58.3000000000        0.0000000000
       58.4000000000        0.0000000000
       58.5000000000        0.0000000000
       58.6000000000        0.0000000000
       58.7000000000        0.0000000000
       58.8000000000        0.0000000000
       58.9000000000        0.0000000000
       59.0000000000        0.0000000000
       59.1000000000        0.0000000000
       59.2000000000        0.0000000000
       59.3000000000        0.0000000000
       59.4000000000        0.0000000000
       59.5000000000        0.0000000000
       59.6000000000        0.0000000000
       59.7000000000        0.0000000000
       59.8000000000        0.0000000000
       59.9000000000        0.0000000000
       60.0000000000        0.0000000000
       60.1000000000        0.0000000000
       60.2000000000        0.0000000000
       60.3000000000        0.0000000000
       60.4000000000        0.0000000000
       60.5000000000        0.0000000000
       60.6000000000        0.0000000000
       60.7000000000        0.0000000000
       60.8000000000        0.0000000000
       60.9000000000        0.0000000000
       61.0000000000        0.0000000000
       61.1000000000        0.0000000000
       61.2000000000        0.0000000000
       61.3000000000        0.0000000000
       61.4000000000        0.0000000000
       61.5000000000        0.0000000000
       61.6000000000        0.0000000000
       61.7000000000        0.0000000000
       61.8000000000        0.0000000000
       61.9000000000        0.0000000000
       62.0000000000        0.0000000000
       62.1000000000        0.0000000000
       62.2000000000        0.0000000000
       62.3000000000        0.0000000000
       62.4000000000        0.0000000000
       62.5000000000        0.0000000000
       62.6000000000        0.0000000000
       62.7000000000        0.0000000000
       62.8000000000        0.0000000000
       62.9000000000        0.0000000000
       63.0000000000        0.0000000000
       63.1000000000        0.0000000000
       63.2000000000        0.0000000000
       63.3000000000        0.0000000000
       63.4000000000        0.0000000000
       63.5000000000        0.0000000000
       63.6000000000        0.0000000000
       63.7000000000        0.0000000000
       63.8000000000        0.0000000000
       63.9000000000        0.0000000000
       64.0000000000        0.0000000000
       64.1000000000        0.0000000000
       64.2000000000        0.0000000000
       64.3000000000        0.0000000000
       64.4000000000        0.0000000000
       64.5000000000        0.0000000000
       64.6000000000        0.0000000000
       64.7000000000        0.0000000000
       64.8000000000        0.0000000000
       64.9000000000        0.0000000000
       65.0000000000        0.0000000000
       65.1000000000        0.0000000000
       65.2000000000        0.0000000000
       65.3000000000        0.0000000000
       65.4000000000        0.0000000000
       65.5000000000        0.0000000000
       65.6000000000        0.0000000000
       65.7000000000        0.0000000000
       65.8000000000        0.0000000000
       65.9000000000        0.0000000000
       66.0000000000        0.0000000000
       66.1000000000        0.0000000000
       66.2000000000        0.0000000000
       66.3000000000        0.0000000000
       66.4000000000        0.0000000000
       66.5000000000        0.0000000000
       66.6000000000        0.0000000000
       66.7000000000        0.0000000000
       66.8000000000        0.0000000000
       66.9000000000        0.0000000000
       67.0000000000        0.0000000000
       67.1000000000        0.0000000000
       67.2000000000        0.0000000000
       67.3000000000        0.0000000000
       67.4000000000        0.0000000000
       67.5000000000        0.0000000000
       67.6000000000        0.0000000000
       67.7000000000        0.0000000000
       67.8000000000        0.0000000000
       67.9000000000        0.0000000000
       68.0000000000        0.0000000000
       68.1000000000        0.0000000000
       68.2000000000        0.0000000000
       68.3000000000        0.0000000000
       68.4000000000        0.0000000000
       68.5000000000        0.0000000000
       68.6000000000        0.0000000000
       68.7000000000        0.0000000000
       68.8000000000        0.0000000000
       68.9000000000        0.0000000000
       69.0000000000        0.0000000000
       69.1000000000        0.0000000000
       69.2000000000        0.0000000000
       69.3000000000        0.0000000000
       69.4000000000        0.0000000000
       69.5000000000        0.0000000000
       69.6000000000        0.0000000000
       69.7000000000        0.0000000000
       69.8000000000        0.0000000000
       69.9000000000        0.0000000000
       70.0000000000        0.0000000000
       70.1000000000        0.0000000000
       70.2000000000        0.0000000000
       70.3000000000        0.0000000000
       70.4000000000        0.0000000000
       70.5000000000        0.0000000000
       70.6000000000        0.0000000000
       70.7000000000        0.0000000000
       70.8000000000        0.0000000000
       70.9000000000        0.0000000000
       71.0000000000        0.0000000000
       71.1000000000        0.0000000000
       71.2000000000        0.0000000000
       71.3000000000        0.0000000000
       71.4000000000        0.0000000000
       71.5000000000        0.0000000000
       71.6000000000        0.0000000000
       71.7000000000        0.0000000000
       71.8000000000        0.0000000000
       71.9000000000        0.0000000000
       72.0000000000        0.0000000000
       72.1000000000        0.0000000000
       72.2000000000        0.0000000000
       72.3000000000        0.0000000000
       72.4000000000        0.0000000000
       72.5000000000        0.0000000000
       72.6000000000        0.0000000000
       72.7000000000        0.0000000000
       72.8000000000        0.0000000000
       72.9000000000        0.0000000000
       73.0000000000        0.0000000000
       73.1000000000        0.0000000000
       73.2000000000        0.0000000000
       73.3000000000        0.0000000000
       73.4000000000        0.0000000000
       73.5000000000        0.0000000000
       73.6000000000        0.0000000000
       73.7000000000        0.0000000000
       73.8000000000        0.0000000000
       73.9000000000        0.0000000000
       74.0000000000        0.0000000000
       74.1000000000        0.0000000000
       74.2000000000        0.0000000000
       74.3000000000        0.0000000000
       74.4000000000        0.0000000000
       74.5000000000        0.0000000000
       74.6000000000        0.0000000000
       74.7000000000        0.0000000000
       74.8000000000        0.0000000000
       74.9000000000        0.0000000000
       75.0000000000        0.0000000000
       75.1000000000        0.0000000000
       75.2000000000        0.0000000000
       75.3000000000        0.0000000000
       75.4000000000        0.0000000000
       75.5000000000        0.0000000000
       75.6000000000        0.0000000000
       75.7000000000        0.0000000000
       75.8000000000        0.0000000000
       75.9000000000        0.0000000000
       76.0000000000        0.0000000000
       76.1000000000        0.0000000000
       76.2000000000        0.0000000000
       76.3000000000        0.0000000000
       76.4000000000        0.0000000000
       76.5000000000        0.0000000000
       76.6000000000        0.0000000000
       76.7000000000        0.0000000000
       76.8000000000        0.0000000000
       76.9000000000        0.0000000000
       77.0000000000        0.0000000000
       77.1000000000        0.0000000000
       77.2000000000        0.0000000000
       77.3000000000        0.0000000000
       77.4000000000        0.0000000000
       77.5000000000        0.0000000000
       77.6000000000        0.0000000000
       77.7000000000        0.0000000000
       77.8000000000        0.0000000000
       77.9000000000        0.0000000000
       78.0000000000        0.0000000000
       78.1000000000        0.0000000000
       78.2000000000        0.0000000000
       78.3000000000        0.0000000000
       78.4000000000        0.0000000000
       78.5000000000        0.0000000000
       78.6000000000        0.0000000000
       78.7000000000        0.0000000000
       78.8000000000        0.0000000000
       78.9000000000        0.0000000000
       79.0000000000        0.0000000000
       79.1000000000        0.0000000000
       79.2000000000        0.0000000000
       79.3000000000        0.0000000000
       79.4000000000        0.0000000000
       79.5000000000        0.0000000000
       79.6000000000        0.0000000000
       79.7000000000        0.0000000000
       79.8000000000        0.0000000000
       79.9000000000        0.0000000000
       80.0000000000        0.0000000000
       80.1000000000        0.0000000000
       80.2000000000        0.0000000000
       80.3000000000        0.0000000000
       80.4000000000        0.0000000000
       80.5000000000        0.0000000000
       80.6000000000        0.0000000000
       80.7000000000        0.0000000000
       80.8000000000        0.0000000000
       80.9000000000        0.0000000000
       81.0000000000        0.0000000000
       81.1000000000        0.0000000000
       81.2000000000        0.0000000000
       81.3000000000        0.0000000000
       81.4000000000        0.0000000000
       81.5000000000        0.0000000000
       81.6000000000        0.0000000000
       81.7000000000        0.0000000000
       81.8000000000        0.0000000000
       81.9000000000        0.0000000000
       82.0000000000        0.0000000000
       82.1000000000        0.0000000000
       82.2000000000        0.0000000000
       82.3000000000        0.0000000000
       82.4000000000        0.0000000000
       82.5000000000        0.0000000000
       82.6000000000        0.0000000000
       82.7000000000        0.0000000000
       82.8000000000        0.0000000000
       82.9000000000        0.0000000000
       83.0000000000        0.0000000000
       83.1000000000        0.0000000000
       83.2000000000        0.0000000000
       83.3000000000        0.0000000000
       83.4000000000        0.0000000000
       83.5000000000        0.0000000000
       83.6000000000        0.0000000000
       83.7000000000        0.0000000000
       83.8000000000        0.0000000000
       83.9000000000        0.0000000000
       84.0000000000        0.0000000000
       84.1000000000        0.0000000000
       84.2000000000        0.0000000000
       84.3000000000        0.0000000000
       84.4000000000        0.0000000000
       84.5000000000        0.0000000000
       84.6000000000        0.0000000000
       84.7000000000        0.0000000000
       84.8000000000        0.0000000000
       84.9000000000        0.0000000000
       85.0000000000        0.0000000000
       85.1000000000        0.0000000000
       85.2000000000        0.0000000000
       85.3000000000        0.0000000000
       85.4000000000        0.0000000000
       85.5000000000        0.0000000000
       85.6000000000        0.0000000000
       85.7000000000        0.0000000001
       85.8000000000        0.0000000005
       85.9000000000        0.0000000018
       86.0000000000        0.0000000062
       86.1000000000        0.0000000206
       86.2000000000        0.0000000660
       86.3000000000        0.0000002027
       86.4000000000        0.0000005982
       86.5000000000        0.0000016962
       86.6000000000        0.0000046208
       86.7000000000        0.0000120948
       86.8000000000        0.0000304164
       86.9000000000        0.0000734926
       87.0000000000        0.0001706115
       87.1000000000        0.0003805411
       87.2000000000        0.0008154984
       87.3000000000        0.0016790863
       87.4000000000        0.0033216302
       87.5000000000        0.0063133214
       87.6000000000        0.0115290327
       87.7000000000        0.0202281517
       87.8000000000        0.0340994906
       87.9000000000        0.0552290966
       88.0000000000        0.0859441551
       88.1000000000        0.1284970365
       88.2000000000        0.1845857778
       88.3000000000        0.2547602808
       88.4000000000        0.3378263811
       88.5000000000        0.4304113961
       88.6000000000        0.5268686063
       88.7000000000        0.6196539762
       88.8000000000        0.7002038907
       88.9000000000        0.7602005149
       89.0000000000        0.7929762212
       89.1000000000        0.7947317216
       89.2000000000        0.7652605998
       89.3000000000        0.7079893431
       89.4000000000        0.6293222648
       89.5000000000        0.5374646795
       89.6000000000        0.4410236561
       89.7000000000        0.3477154983
       89.8000000000        0.2634421059
       89.9000000000        0.1918682393
       90.0000000000        0.1344893288
       90.1000000000        0.0910710451
       90.2000000000        0.0602925020
       90.3000000000        0.0404338952
       90.4000000000        0.0299959988
       90.5000000000        0.0281950058
       90.6000000000        0.0353176458
       90.7000000000        0.0529359322
       90.8000000000        0.0839695166
       90.9000000000        0.1325591586
       91.0000000000        0.2036965235
       91.1000000000        0.3025629530
       91.2000000000        0.4335756432
       91.3000000000        0.5992227528
       91.4000000000        0.7988706143
       91.5000000000        1.0278119220
       91.6000000000        1.2768528064
       91.7000000000        1.5326780564
       91.8000000000        1.7790824927
       91.9000000000        1.9989429168
       92.0000000000        2.1765898430
       92.1000000000        2.3000932324
       92.2000000000        2.3629575648
       92.3000000000        2.3648453422
       92.4000000000        2.3111827737
       92.5000000000        2.2117771598
       92.6000000000        2.0788094426
       92.7000000000        1.9246905729
       92.8000000000        1.7602573248
       92.9000000000        1.5936466494
       93.0000000000        1.4299776045
       93.1000000000        1.2717525094
       93.2000000000        1.1197250102
       93.3000000000        0.9739102851
       93.4000000000        0.8344388112
       93.5000000000        0.7020578542
       93.6000000000        0.5782229786
       93.7000000000        0.4648500316
       93.8000000000        0.3638810659
       93.9000000000        0.2768400418
       94.0000000000        0.2045217852
       94.1000000000        0.1468920391
       94.2000000000        0.1032042777
       94.3000000000        0.0722820806
       94.4000000000        0.0528848455
       94.5000000000        0.0440682901
       94.6000000000        0.0454609527
       94.7000000000        0.0573943474
       94.8000000000        0.0808427656
       94.9000000000        0.1171506698
       95.0000000000        0.1675569716
       95.1000000000        0.2325702809
       95.2000000000        0.3113036587
       95.3000000000        0.4009266966
       95.4000000000        0.4964139205
       95.5000000000        0.5907395508
       95.6000000000        0.6755808126
       95.7000000000        0.7424594219
       95.8000000000        0.7841111774
       95.9000000000        0.7957765347
       96.0000000000        0.7760926457
       96.1000000000        0.7273540164
       96.2000000000        0.6550719572
       96.3000000000        0.5669492690
       96.4000000000        0.4715335271
       96.5000000000        0.3768732563
       96.6000000000        0.2894633716
       96.7000000000        0.2136528367
       96.8000000000        0.1515450184
       96.9000000000        0.1032984560
       97.0000000000        0.0676653564
       97.1000000000        0.0425951855
       97.2000000000        0.0257678078
       97.3000000000        0.0149802296
       97.4000000000        0.0083692152
       97.5000000000        0.0044934249
       97.6000000000        0.0023184512
       97.7000000000        0.0011496016
       97.8000000000        0.0005478062
       97.9000000000        0.0002508637
       98.0000000000        0.0001104031
       98.1000000000        0.0000466937
       98.2000000000        0.0000189789
       98.3000000000        0.0000074134
       98.4000000000        0.0000027829
       98.5000000000        0.0000010040
       98.6000000000        0.0000003481
       98.7000000000        0.0000001160
       98.8000000000        0.0000000371
       98.9000000000        0.0000000114
       99.0000000000        0.0000000034
       99.1000000000        0.0000000010
       99.2000000000        0.0000000003
       99.3000000000        0.0000000001
       99.4000000000        0.0000000000
       99.5000000000        0.0000000000
       99.6000000000        0.0000000000
       99.7000000000        0.0000000000
       99.8000000000        0.0000000000
       99.9000000000        0.0000000000
      100.0000000000        0.0000000000
      100.1000000000        0.0000000000
      100.2000000000        0.0000000000
      100.3000000000        0.0000000000
      100.4000000000        0.0000000000
      100.5000000000        0.0000000000
      100.6000000000        0.0000000000
      100.7000000000        0.0000000000
      100.8000000000        0.0000000000
      100.9000000000        0.0000000000
      101.0000000000        0.0000000000
      101.1000000000        0.0000000000
      101.2000000000        0.0000000000
      101.3000000000        0.0000000000
      101.4000000000        0.0000000000
      101.5000000000        0.0000000000
      101.6000000000        0.0000000000
      101.7000000000        0.0000000000
      101.8000000000        0.0000000000
      101.9000000000        0.0000000000
      102.0000000000        0.0000000000
      102.1000000000        0.0000000000
      102.2000000000        0.0000000000
      102.3000000000        0.0000000000
      102.4000000000        0.0000000000
      102.5000000000        0.0000000000
      102.6000000000        0.0000000000
      102.7000000000        0.0000000000
      102.8000000000        0.0000000000
      102.9000000000        0.0000000000
      103.0000000000        0.0000000000
      103.1000000000        0.0000000000
      103.2000000000        0.0000000000
      103.3000000000        0.0000000000
      103.4000000000        0.0000000000
      103.5000000000        0.0000000000
      103.6000000000        0.0000000000
      103.7000000000        0.0000000000
      103.8000000000        0.0000000000
      103.9000000000        0.0000000000
      104.0000000000        0.0000000000
      104.1000000000        0.0000000000
      104.2000000000        0.0000000000
      104.3000000000        0.0000000000
      104.4000000000        0.0000000000
      104.5000000000        0.0000000000
      104.6000000000        0.0000000000
      104.7000000000        0.0000000000
      104.8000000000        0.0000000000
      104.9000000000        0.0000000000
      105.0000000000        0.0000000000
      105.1000000000        0.0000000000
      105.2000000000        0.0000000000
      105.3000000000        0.0000000000
      105.4000000000        0.0000000000
      105.5000000000        0.0000000000
      105.6000000000        0.0000000000
      105.7000000000        0.0000000000
      105.8000000000        0.0000000000
      105.9000000000        0.0000000000
      106.0000000000        0.0000000000
      106.1000000000        0.0000000000
      106.2000000000        0.0000000000
      106.3000000000        0.0000000000
      106.4000000000        0.0000000000
      106.5000000000        0.0000000000
      106.6000000000        0.0000000000
      106.7000000000        0.0000000000
      106.8000000000        0.0000000000
      106.9000000000        0.0000000000
      107.0000000000        0.0000000000
      107.1000000000        0.0000000000
      107.2000000000        0.0000000000
      107.3000000000        0.0000000000
      107.4000000000        0.0000000000
      107.5000000000        0.0000000000
      107.6000000000        0.0000000000
      107.7000000000        0.0000000000
      107.8000000000        0.0000000000
      107.9000000000        0.0000000000
      108.0000000000        0.0000000000
      108.1000000000        0.0000000000
      108.2000000000        0.0000000000
      108.3000000000        0.0000000000
      108.4000000000        0.0000000000
      108.5000000000        0.0000000000
      108.6000000000        0.0000000000
      108.7000000000        0.0000000000
      108.8000000000        0.0000000000
      108.9000000000        0.0000000000
      109.0000000000        0.0000000000
      109.1000000000        0.0000000000
      109.2000000000        0.0000000000
      109.3000000000        0.0000000000
      109.4000000000        0.0000000000
      109.5000000000        0.0000000000
      109.6000000000        0.0000000000
      109.7000000000        0.0000000000
      109.8000000000        0.0000000000
      109.9000000000        0.0000000000
      110.0000000000        0.0000000000
      110.1000000000        0.0000000000
      110.2000000000        0.0000000000
      110.3000000000        0.0000000000
      110.4000000000        0.0000000000
      110.5000000000        0.0000000000
      110.6000000000        0.0000000000
      110.7000000000        0.0000000000
      110.8000000000        0.0000000000
      110.9000000000        0.0000000000
      111.0000000000        0.0000000000
      111.1000000000        0.0000000000
      111.2000000000        0.0000000000
      111.3000000000        0.0000000000
      111.4000000000        0.0000000000
      111.5000000000        0.0000000000
      111.6000000000        0.0000000000
      111.7000000000        0.0000000000
      111.8000000000        0.0000000000
      111.9000000000        0.0000000000
      112.0000000000        0.0000000000
      112.1000000000        0.0000000000
      112.2000000000        0.0000000000
      112.3000000000        0.0000000000
      112.4000000000        0.0000000000
      112.5000000000        0.0000000000
      112.6000000000        0.0000000000
      112.7000000000        0.0000000000
      112.8000000000        0.0000000000
      112.9000000000        0.0000000000
      113.0000000000        0.0000000000
      113.1000000000        0.0000000000
      113.2000000000        0.0000000000
      113.3000000000        0.0000000000
      113.4000000000        0.0000000000
      113.5000000000        0.0000000000
      113.6000000000        0.0000000000
      113.7000000000        0.0000000000
      113.8000000000        0.0000000000
      113.9000000000        0.0000000000
      114.0000000000        0.0000000000
      114.1000000000        0.0000000000
      114.2000000000        0.0000000000
      114.3000000000        0.0000000000
      114.4000000000        0.0000000000
      114.5000000000        0.0000000000
      114.6000000000        0.0000000000
      114.7000000000        0.0000000000
      114.8000000000        0.0000000000
      114.9000000000        0.0000000000
      115.0000000000        0.0000000000
      115.1000000000        0.0000000000
      115.2000000000        0.0000000000
      115.3000000000        0.0000000000
      115.4000000000        0.0000000000
      115.5000000000        0.0000000000
      115.6000000000        0.0000000000
      115.7000000000        0.0000000000
      115.8000000000        0.0000000000
      115.9000000000        0.0000000000
      116.0000000000        0.0000000000
      116.1000000000        0.0000000000
      116.2000000000        0.0000000000
      116.3000000000        0.0000000000
      116.4000000000        0.0000000000
      116.5000000000        0.0000000000
      116.6000000000        0.0000000000
      116.7000000000        0.0000000000
      116.8000000000        0.0000000000
      116.9000000000        0.0000000000
      117.0000000000        0.0000000000
      117.1000000000        0.0000000000
      117.2000000000        0.0000000000
      117.3000000000        0.0000000000
      117.4000000000        0.0000000000
      117.5000000000        0.0000000000
      117.6000000000        0.0000000000
      117.7000000000        0.0000000000
      117.8000000000        0.0000000000
      117.9000000000        0.0000000000
      118.0000000000        0.0000000000
      118.1000000000        0.0000000000
      118.2000000000        0.0000000000
      118.3000000000        0.0000000000
      118.4000000000        0.0000000000
      118.5000000000        0.0000000000
      118.6000000000        0.0000000000
      118.7000000000        0.0000000000
      118.8000000000        0.0000000000
      118.9000000000        0.0000000000
      119.0000000000        0.0000000000
      119.1000000000        0.0000000000
      119.2000000000        0.0000000000
      119.3000000000        0.0000000000
      119.4000000000        0.0000000000
      119.5000000000        0.0000000000
      119.6000000000        0.0000000000
      119.7000000000        0.0000000000
      119.8000000000        0.0000000000
      119.9000000000        0.0000000000
      120.0000000000        0.0000000000
