64   
14   

1    
 -0.0040508804992418  -0.0040491186874258   0.0081972559454980
   0.0169271800    0.0166109200   -0.0428261400
   0.0006837900    0.0003350300   -0.0034775000
   0.0006754500    0.0003626400   -0.0034769200
   0.0005581000    0.0002276200   -0.0036444200
   0.0006305600    0.0002953800   -0.0032506100
   0.0006899100    0.0002232200   -0.0032857400
   0.0005484100    0.0003439400   -0.0032767400
   0.0007255600    0.0004092500   -0.0033460300
   0.0005594500    0.0001625600    0.0001705900
   0.0004146200   -0.0005008700    0.0005275100
   0.0004844500    0.0002710400    0.0000722400
   0.0009915600    0.0009647000    0.0005846900
   0.0008898300    0.0005267000    0.0001740500
  -0.0005622900    0.0010995000    0.0009371400
   0.0005605300    0.0002419000    0.0001604100
   0.0004494000    0.0001691100    0.0000841200
  -0.0009695200   -0.0001081900   -0.0004007600
  -0.0007053800   -0.0001826400   -0.0004657200
  -0.0016890200   -0.0005237400    0.0003655200
  -0.0000177700    0.0006909400    0.0002016500
  -0.0003572900   -0.0001257400   -0.0004183600
  -0.0008398900   -0.0000110700   -0.0003573800
   0.0008490100   -0.0017764700    0.0009709100
  -0.0009062100   -0.0002805500   -0.0005028000
   0.0012935200    0.0011946600    0.0012384800
   0.0013025300    0.0016216800    0.0013399200
   0.0017080700    0.0011927600    0.0013259900
   0.0012204300    0.0011384000    0.0012396900
   0.0010285000    0.0010280700    0.0001692100
   0.0025715400   -0.0000906700   -0.0010761600
  -0.0001677800    0.0025341200   -0.0012121300
  -0.0015717500   -0.0016894200   -0.0024173700
   0.0006158700    0.0139965000    0.0004336700
   0.0006926600    0.0136161000    0.0008971600
  -0.0064303100    0.0210217700    0.0120084700
   0.0003562800    0.0139148500    0.0004522400
   0.0006197900    0.0136164600    0.0002366000
   0.0004680300    0.0136754400    0.0003248500
   0.0001866300    0.0141033400    0.0000086500
   0.0004970600    0.0138263300    0.0004798800
  -0.0150330600   -0.0008108700    0.0015256800
  -0.0149503100   -0.0007893300    0.0013116500
  -0.0150402600   -0.0007515000    0.0013364800
  -0.0152476500   -0.0010198300    0.0011647500
  -0.0154625400   -0.0007986700    0.0030462100
  -0.0148042000   -0.0009575700    0.0013013500
  -0.0153291500   -0.0004214500    0.0013939900
  -0.0150647600   -0.0008178200    0.0019617400
   0.0140568700   -0.0005638700    0.0001248000
   0.0139624100   -0.0008033700   -0.0002599900
   0.0138107100   -0.0006536300   -0.0002914200
   0.0141711500   -0.0004107800   -0.0001283400
   0.0143890900   -0.0003430000    0.0004586200
   0.0138555800   -0.0005450300    0.0001163500
   0.0139816400   -0.0007194300    0.0002161300
  -0.0008428900   -0.0136951400    0.0209130500
  -0.0008957100   -0.0137982100    0.0003939500
   0.0060907200   -0.0222479900    0.0122102800
  -0.0011117400   -0.0138373300    0.0008380700
  -0.0009557600   -0.0140735100    0.0004201500
  -0.0013397700   -0.0138493700    0.0001028700
  -0.0008721800   -0.0143085100    0.0000389900
  -0.0012531800   -0.0139363900    0.0003464900
  -0.0010965000   -0.0139729500    0.0004893100

1    
  0.0040508804992418   0.0040491186874258  -0.0081972559454980
  -0.0174111100   -0.0176899900    0.0364008900
   0.0006630500    0.0003538800   -0.0037236200
   0.0006726600    0.0003231700   -0.0037221300
   0.0007929200    0.0004632900   -0.0035578200
   0.0007193600    0.0003940500   -0.0039461900
   0.0006582800    0.0004629600   -0.0039120600
   0.0007990700    0.0003430200   -0.0039235300
   0.0006231400    0.0002773300   -0.0038530600
   0.0005731300    0.0004275700   -0.0002274700
   0.0007204300    0.0010828400   -0.0005845700
   0.0006448800    0.0003184300   -0.0001295000
   0.0001509800   -0.0003713500   -0.0006383300
   0.0002393100    0.0000725800   -0.0002346100
   0.0016981700   -0.0005018400   -0.0009918300
   0.0005696600    0.0003456600   -0.0002143200
   0.0006795300    0.0004185800   -0.0001409000
  -0.0004978200   -0.0002373700   -0.0006018000
  -0.0007707200   -0.0001723500   -0.0005406900
   0.0002104200    0.0001742100   -0.0013552400
  -0.0014401600   -0.0010248300   -0.0011999600
  -0.0010864300   -0.0002335200   -0.0005972500
  -0.0006351200   -0.0003339400   -0.0006442100
  -0.0022876500    0.0014262400   -0.0019672800
  -0.0005653400   -0.0000660800   -0.0004953200
   0.0012764600    0.0011712200    0.0006536300
   0.0012654200    0.0007547400    0.0005520600
   0.0008790400    0.0011698100    0.0005660300
   0.0013473600    0.0012247300    0.0006528400
   0.0015154100    0.0013145600    0.0017656600
   0.0000108200    0.0024381100    0.0029427400
   0.0027211500   -0.0001565200    0.0030736800
   0.0041330800    0.0040491400    0.0042669300
   0.0002228800    0.0134099500    0.0008205600
   0.0001474600    0.0138149400    0.0003551200
   0.0070400500    0.0067213400   -0.0104844800
   0.0005054600    0.0135008000    0.0008226900
   0.0002249700    0.0137991500    0.0010143500
   0.0003807200    0.0137397100    0.0009290200
   0.0006492200    0.0133257300    0.0012342900
   0.0003484600    0.0135931100    0.0007735400
  -0.0152391600   -0.0007969200    0.0017844200
  -0.0153243300   -0.0008126200    0.0019989300
  -0.0152334700   -0.0008580700    0.0019768800
  -0.0150252600   -0.0005873400    0.0021457100
  -0.0147467900   -0.0007349400    0.0003266600
  -0.0154566200   -0.0006571000    0.0020045100
  -0.0149547800   -0.0011719200    0.0019172300
  -0.0151894500   -0.0007770500    0.0013499400
   0.0141161600   -0.0005788400    0.0004253000
   0.0142091200   -0.0003399700    0.0008131700
   0.0143574300   -0.0004878000    0.0008417300
   0.0139951500   -0.0007313900    0.0006921400
   0.0138037700   -0.0007779400    0.0000986300
   0.0143121500   -0.0006010900    0.0004292800
   0.0141799300   -0.0004198000    0.0003329700
   0.0302221500    0.0137319100   -0.0216378000
  -0.0013908800   -0.0141180400    0.0008454700
  -0.0080188400   -0.0059297400   -0.0106873100
  -0.0011515000   -0.0140832200    0.0003997500
  -0.0013139900   -0.0138139300    0.0008388000
  -0.0009390700   -0.0140614300    0.0011283300
  -0.0014001300   -0.0136123000    0.0011929600
  -0.0010250000   -0.0139672600    0.0008942800
  -0.0011751700   -0.0139362500    0.0007501600

9    
 -0.0040508804992418  -0.0040491186874258   0.0081972559454980
   0.0005114900    0.0002849700   -0.0034435000
   0.0015831300   -0.0004354000   -0.0025182700
   0.0006839800    0.0003099900   -0.0034622900
   0.0007637800    0.0002780800   -0.0035241800
   0.0009882800    0.0009096400   -0.0032395800
   0.0002766600    0.0000877100   -0.0027957600
   0.0005945500    0.0001989900   -0.0035008300
   0.0005717200    0.0003738900   -0.0034097200
   0.0174949000    0.0171092100   -0.0365268200
   0.0005746900    0.0002949400   -0.0000160600
   0.0005117000    0.0002527600   -0.0000149800
   0.0003984300    0.0001285400   -0.0002836100
   0.0003400000    0.0001637800    0.0001491100
   0.0006027900    0.0001045700    0.0001145000
   0.0004735700    0.0003372100    0.0000656800
   0.0005484600    0.0002716400    0.0000003100
  -0.0002034600   -0.0010276000   -0.0018221600
  -0.0008127300   -0.0005100200   -0.0011228600
  -0.0023096000   -0.0014695100   -0.0024527200
  -0.0011673700    0.0004721900   -0.0017567500
  -0.0008436500   -0.0001305300   -0.0003001300
  -0.0008093500   -0.0001262400   -0.0003211100
  -0.0007166000   -0.0001274500   -0.0003211100
  -0.0004574600   -0.0002499400   -0.0002923800
   0.0002624100   -0.0005150400    0.0025602000
   0.0016491800    0.0012714300    0.0011026000
   0.0027381300    0.0025927400    0.0022876500
   0.0010982300    0.0009963200    0.0010110300
  -0.0017405400    0.0041689800    0.0038125300
   0.0013533000    0.0017033900    0.0010296700
   0.0014589100    0.0006628100    0.0009109800
   0.0011864800    0.0012111100    0.0012117500
   0.0003702200    0.0138224000    0.0004256200
   0.0013866700    0.0134483200    0.0019877700
   0.0008309600    0.0143271600    0.0006844700
   0.0004453400    0.0136233000    0.0004607600
   0.0005291000    0.0140284000    0.0002811100
   0.0004697700    0.0137690500    0.0005164100
   0.0003550700    0.0134152800    0.0005368200
   0.0004229000    0.0138686800    0.0003916600
  -0.0057163700   -0.0081331200    0.0103547100
  -0.0152262700   -0.0008155400    0.0015823800
  -0.0149473300   -0.0004456800    0.0018411300
  -0.0147538300   -0.0008957000    0.0017003200
  -0.0149371800   -0.0011332400    0.0015162500
  -0.0153537000   -0.0006023900    0.0012807800
  -0.0150701300   -0.0007637000    0.0015534900
  -0.0150206600   -0.0005014400    0.0015560000
   0.0141870800   -0.0004543900    0.0001483000
   0.0138330900   -0.0001739800    0.0002641500
   0.0027335200    0.0074453000    0.0091659500
   0.0144123500   -0.0003932800    0.0004204800
   0.0144633100   -0.0004724400    0.0001878700
   0.0139791800   -0.0006650100    0.0000017700
   0.0139195100   -0.0001453700   -0.0002501200
   0.0141284500   -0.0004989900    0.0001948100
  -0.0147056800   -0.0340457100    0.0161950400
  -0.0009839200   -0.0139381400    0.0008588500
  -0.0013113900   -0.0136494600    0.0008441700
  -0.0012318500   -0.0139792300    0.0005942100
  -0.0011228400   -0.0136661200    0.0002580200
  -0.0012794100   -0.0140834500    0.0002300600
  -0.0012734100   -0.0139573100    0.0005422900
  -0.0011365600   -0.0139273400    0.0005432500

9    
  0.0040508804992418   0.0040491186874258  -0.0081972559454980
   0.0008361600    0.0004027300   -0.0037598800
  -0.0002244200    0.0011194600   -0.0046891900
   0.0006608000    0.0003785500   -0.0037426900
   0.0006007400    0.0004164400   -0.0036878600
   0.0003615500   -0.0002173300   -0.0039681300
   0.0010734300    0.0006029400   -0.0044020800
   0.0007526900    0.0004899000   -0.0037095300
   0.0007776800    0.0003149200   -0.0037995300
  -0.0181156400   -0.0184527100    0.0376733300
   0.0005560100    0.0002966500   -0.0000485100
   0.0006206800    0.0003384300   -0.0000488200
   0.0007325200    0.0004597200    0.0002180400
   0.0007904000    0.0004246600   -0.0002097700
   0.0005280800    0.0004842300   -0.0001798800
   0.0006608300    0.0002527400   -0.0001292700
   0.0005839400    0.0003188900   -0.0000644700
  -0.0012565700    0.0006796800    0.0008014400
  -0.0006622200    0.0001465200    0.0001262300
   0.0008367500    0.0011076200    0.0014159800
  -0.0003026600   -0.0008144000    0.0007406600
  -0.0006292100   -0.0002002200   -0.0007054500
  -0.0006526700   -0.0002254200   -0.0006858300
  -0.0007517700   -0.0002216300   -0.0006868500
  -0.0010023300   -0.0000998400   -0.0007154100
   0.0023052200    0.0028723400   -0.0006636900
   0.0009255700    0.0010938300    0.0007781200
  -0.0001477100   -0.0002233400   -0.0003932400
   0.0014708600    0.0013621300    0.0008693700
   0.0042953200   -0.0017465100   -0.0019141400
   0.0012035900    0.0007023600    0.0008366900
   0.0011144700    0.0016947400    0.0009737800
   0.0013867200    0.0011499700    0.0006775400
   0.0004933100    0.0135782100    0.0008191000
  -0.0004850900    0.0139950600   -0.0006512800
   0.0000229300    0.0131022300    0.0005664300
   0.0003958500    0.0137989600    0.0007819000
   0.0003130000    0.0133936100    0.0009628500
   0.0003744600    0.0136500100    0.0007333800
   0.0004882900    0.0140012800    0.0007141400
   0.0004250100    0.0135434100    0.0008581000
  -0.0242526100    0.0063107600   -0.0068916300
  -0.0150568800   -0.0007978900    0.0017243800
  -0.0153300200   -0.0011574600    0.0014767200
  -0.0155086800   -0.0007133000    0.0016006000
  -0.0153098800   -0.0004883400    0.0017633700
  -0.0149250300   -0.0010057500    0.0020207500
  -0.0151984800   -0.0008426200    0.0017496100
  -0.0152493000   -0.0011011800    0.0017494900
   0.0139842100   -0.0006966400    0.0004029500
   0.0143369300   -0.0009605800    0.0002773300
   0.0251305800   -0.0082339800   -0.0084267500
   0.0137667400   -0.0007402000    0.0001297000
   0.0137026800   -0.0006781200    0.0003387400
   0.0142120400   -0.0004757400    0.0005612100
   0.0142507300   -0.0009862800    0.0007836100
   0.0140453300   -0.0006381600    0.0003493200
   0.0136048200    0.0074207100   -0.0160617800
  -0.0012880600   -0.0139809300    0.0003695700
  -0.0009601400   -0.0142628500    0.0003898400
  -0.0010333000   -0.0139224900    0.0006421900
  -0.0011542300   -0.0142469500    0.0009827600
  -0.0009946100   -0.0138294000    0.0010053200
  -0.0009942200   -0.0139630700    0.0006812000
  -0.0011351800   -0.0139803800    0.0006899300

17   
 -0.0040508804992418  -0.0040491186874258   0.0081972559454980
   0.0007567100    0.0001137900   -0.0034740400
   0.0006721900    0.0003294900   -0.0035737800
  -0.0009038000    0.0018933200   -0.0021064400
   0.0006480300    0.0006607300   -0.0035204400
   0.0015690800    0.0010239000   -0.0029273500
   0.0005743700    0.0001759400   -0.0036062600
   0.0003363600   -0.0005267000   -0.0027007300
   0.0007861100    0.0002609100   -0.0034394500
  -0.0000884400    0.0009458600   -0.0011689900
  -0.0010229700   -0.0010759800   -0.0019062700
   0.0003622000    0.0001845200   -0.0006941300
   0.0011683400   -0.0004409300   -0.0014362100
   0.0005959600    0.0001835200    0.0001811800
   0.0005621100    0.0002611200    0.0001607600
   0.0006578700    0.0002598600    0.0001619000
   0.0004856600    0.0005636700    0.0001903700
   0.0259084500    0.0266253200   -0.0509088700
  -0.0010874400   -0.0000945200   -0.0008563700
  -0.0007845300   -0.0006584900   -0.0008567300
  -0.0008926100   -0.0003332300   -0.0018880200
  -0.0011655600   -0.0003506800    0.0004035500
  -0.0006521300   -0.0008348900    0.0001545100
  -0.0011426800   -0.0000605000    0.0000118400
  -0.0003886300    0.0001375400   -0.0002290400
  -0.0032549900    0.0000478800    0.0054769400
   0.0045009000    0.0048014700    0.0037219700
   0.0012770700    0.0016739400    0.0012523900
   0.0005609200    0.0006402700    0.0012327200
   0.0074175200   -0.0055451800    0.0075553400
   0.0002272200    0.0015774500    0.0008967400
   0.0026217100    0.0021698900    0.0016205900
   0.0012668500    0.0008627400    0.0015876300
  -0.0269404300   -0.0051886000    0.0203095900
   0.0005247200    0.0132211400    0.0008316000
   0.0002622700    0.0136343900    0.0007545000
   0.0000732400    0.0134568100    0.0005783900
   0.0009662900    0.0141990400   -0.0000837000
   0.0000120400    0.0138446500   -0.0000248700
   0.0004171900    0.0133851600    0.0002307900
   0.0003945300    0.0137885700    0.0005185100
  -0.0242403000    0.0097021400    0.0112371900
  -0.0155481800   -0.0008789300    0.0018233000
  -0.0153712800   -0.0008008800    0.0015951600
  -0.0155173000   -0.0000827900    0.0017694500
  -0.0153164500    0.0000316100    0.0003477400
  -0.0148715700   -0.0006167200    0.0014983400
  -0.0148516100   -0.0011877500    0.0014326100
  -0.0148455200   -0.0008119200    0.0017976200
   0.0146414300   -0.0004904000    0.0002753700
   0.0238114000   -0.0161170600    0.0114336900
   0.0146014600   -0.0011995000    0.0004745100
   0.0148056900   -0.0004262200    0.0001114700
   0.0132643900    0.0000532500   -0.0006185000
   0.0148394500   -0.0007366700   -0.0002932100
   0.0137677200   -0.0005831700    0.0002649200
   0.0140809900   -0.0004622500    0.0001984600
  -0.0014714600   -0.0130725300    0.0006621100
  -0.0001497700   -0.0133222900    0.0009792100
  -0.0032889200   -0.0147864800    0.0011370800
  -0.0011892700   -0.0134983000    0.0001872600
  -0.0007288600   -0.0139669700   -0.0000303600
  -0.0016176400   -0.0145780500    0.0002087300
  -0.0010968800   -0.0141540700    0.0004892800
  -0.0009892200   -0.0138272500    0.0005884300

17   
  0.0040508804992418   0.0040491186874258  -0.0081972559454980
   0.0005808300    0.0005619200   -0.0037204400
   0.0006668800    0.0003498300   -0.0036220600
   0.0022490200   -0.0012123900   -0.0050949900
   0.0006963100    0.0000225600   -0.0036719400
  -0.0002322200   -0.0003478300   -0.0042675500
   0.0007662300    0.0005019800   -0.0035878000
   0.0010072600    0.0012045400   -0.0044922700
   0.0005525900    0.0004168200   -0.0037551400
   0.0012119200   -0.0003681800    0.0011151900
   0.0021520300    0.0016618700    0.0018564600
   0.0007593400    0.0004013100    0.0006410900
  -0.0000477000    0.0010185100    0.0013805600
   0.0005275700    0.0003960400   -0.0002334800
   0.0005597800    0.0003182400   -0.0002134300
   0.0004629900    0.0003229600   -0.0002139100
   0.0006349800    0.0000176600   -0.0002423600
  -0.0289536900   -0.0283110900    0.0504968800
  -0.0003879400   -0.0002605700   -0.0001422600
  -0.0006893100    0.0003019200   -0.0001431500
  -0.0005846700   -0.0000246900    0.0008888400
  -0.0003149100   -0.0000061600   -0.0013962400
  -0.0008239700    0.0004813700   -0.0011551500
  -0.0003331000   -0.0002994400   -0.0010134400
  -0.0010863000   -0.0004950700   -0.0007677500
   0.0057849000    0.0023438800   -0.0035548300
  -0.0019452300   -0.0024516600   -0.0018238300
   0.0012850700    0.0006807400    0.0006448800
   0.0020034900    0.0017196700    0.0006620500
  -0.0048212500    0.0079329900   -0.0056940500
   0.0023311700    0.0007792400    0.0009988900
  -0.0000671300    0.0001827300    0.0002850700
   0.0012978400    0.0014945900    0.0003039300
   0.0291281300    0.0338306700   -0.0201489300
   0.0003173900    0.0141957100    0.0004261100
   0.0005798600    0.0137801100    0.0005026500
   0.0007714600    0.0139591100    0.0006812200
  -0.0001224400    0.0132139500    0.0013427300
   0.0008374700    0.0135719700    0.0012886900
   0.0004225500    0.0140297900    0.0010246800
   0.0004481300    0.0136273800    0.0007400400
  -0.0061822500   -0.0110769000   -0.0078477100
  -0.0147406700   -0.0007302000    0.0014912000
  -0.0149157800   -0.0008163800    0.0017245200
  -0.0147690300   -0.0015237500    0.0015478300
  -0.0149708000   -0.0016267100    0.0029508900
  -0.0154137500   -0.0009929200    0.0018197100
  -0.0154361100   -0.0004189200    0.0018868100
  -0.0154398700   -0.0008005300    0.0015212900
   0.0135247600   -0.0006690300    0.0002832100
   0.0046891500    0.0147418900   -0.0107643300
   0.0135697900    0.0000449300    0.0000832900
   0.0133603000   -0.0007346200    0.0004430100
   0.0149029200   -0.0012134900    0.0011743800
   0.0133341600   -0.0004138200    0.0008467200
   0.0144023600   -0.0005740100    0.0002884900
   0.0140885800   -0.0006910800    0.0003609100
  -0.0008211500   -0.0148528300    0.0005857400
  -0.0021345700   -0.0146020800    0.0002628000
   0.0011585800   -0.0129940100    0.0002404300
  -0.0011018300   -0.0144264100    0.0010561700
  -0.0015686000   -0.0139590200    0.0012815100
  -0.0006708200   -0.0133439500    0.0010320700
  -0.0011920800   -0.0137714000    0.0007513000
  -0.0012986200   -0.0140977600    0.0006547900

25   
 -0.0040508804992418  -0.0040491186874258   0.0081972559454980
   0.0006902100    0.0003395600   -0.0032995800
   0.0011003000    0.0003560400   -0.0032021300
   0.0006804000    0.0007510600   -0.0032144200
   0.0006176700    0.0002867700   -0.0033021800
  -0.0020042700   -0.0025917200   -0.0069642600
  -0.0006804400    0.0015085100   -0.0056972600
   0.0020145400   -0.0009138300   -0.0056404900
   0.0004291400    0.0001111600   -0.0043483700
   0.0034412700   -0.0028009600    0.0028244000
   0.0002437400    0.0005524600   -0.0001064800
   0.0009269000    0.0002606600    0.0000899000
   0.0006407400    0.0003425300    0.0002967800
  -0.0010194200   -0.0006659600    0.0016138000
   0.0020384200    0.0018491300    0.0012957700
   0.0004929400    0.0004509200    0.0001639200
   0.0002850400    0.0000584400    0.0000278900
  -0.0076024400    0.0055508200    0.0062212700
   0.0001417500    0.0012739200    0.0000617700
  -0.0003047900   -0.0010203900   -0.0006369600
  -0.0009846500   -0.0002966800    0.0002263500
  -0.0014847600   -0.0045901100    0.0038924500
  -0.0004557000   -0.0002577500   -0.0001244900
   0.0027593100    0.0031819100    0.0024086600
  -0.0011728300   -0.0009338500   -0.0002833800
   0.0504139100    0.0502432700   -0.1001304200
  -0.0004362700    0.0012160500    0.0003619000
   0.0014002500   -0.0004550200    0.0003633900
   0.0009357500    0.0008334700   -0.0031256200
   0.0005512000    0.0003524100    0.0032198000
   0.0014210200   -0.0003247500    0.0023472100
  -0.0003129700    0.0013333900    0.0023898300
   0.0022128800    0.0020985500    0.0015315300
   0.0016946900    0.0139923100   -0.0013458000
   0.0001515800    0.0148671300    0.0004240100
   0.0005776800    0.0138604700    0.0003662100
   0.0003764400    0.0140975700    0.0007711700
   0.0181119200   -0.0073355000    0.0232771300
   0.0008622300    0.0133714100    0.0006813500
   0.0002479500    0.0134636800    0.0010040100
   0.0011627300    0.0131008000    0.0016069600
  -0.0540820800   -0.0433634700    0.0421571000
  -0.0151007500   -0.0011599600    0.0018756300
  -0.0156628900   -0.0004785700    0.0019591600
  -0.0156240400   -0.0013283900    0.0022178200
  -0.0140492000   -0.0002391100    0.0006762800
  -0.0155060700   -0.0007240700    0.0007622400
  -0.0147211300   -0.0016555500    0.0004927200
  -0.0152563900   -0.0008044100    0.0015243800
   0.0129676600   -0.0030521200    0.0040264600
   0.0155918100   -0.0011122600    0.0007665900
   0.0144514100   -0.0001673500   -0.0000020100
   0.0149684400    0.0003055000    0.0017954100
   0.0139792700   -0.0005007000    0.0000124300
   0.0136982700   -0.0001223700   -0.0005658000
   0.0138586900   -0.0001210700    0.0002019600
   0.0129017500   -0.0010803500   -0.0002504100
  -0.0015420500   -0.0134083900   -0.0005059500
  -0.0010410100   -0.0137872900    0.0004827900
  -0.0003370000   -0.0150539200   -0.0006796100
  -0.0011710300   -0.0144702100    0.0005651600
  -0.0248094900    0.0041125100    0.0231982200
  -0.0007721900   -0.0133989100    0.0005796900
  -0.0011181100   -0.0127194200    0.0009434100
  -0.0017879300   -0.0131879500    0.0017206700

25   
  0.0040508804992418   0.0040491186874258  -0.0081972559454980
   0.0006544900    0.0003434900   -0.0038964400
   0.0002382800    0.0003231200   -0.0039951900
   0.0006599700   -0.0000716800   -0.0039805200
   0.0007286600    0.0004013400   -0.0038992200
   0.0033678100    0.0032934700   -0.0002035500
   0.0020211900   -0.0008362600   -0.0014983800
  -0.0006810700    0.0015962700   -0.0015599200
   0.0009303600    0.0005826700   -0.0028539100
  -0.0023454700    0.0034042600   -0.0028960300
   0.0008784000    0.0000271500    0.0000554100
   0.0001807900    0.0003352700   -0.0001273600
   0.0004866100    0.0002373900   -0.0003534300
   0.0021535600    0.0012477000   -0.0016783000
  -0.0009217700   -0.0012790300   -0.0013550700
   0.0006306800    0.0001298700   -0.0002174300
   0.0008399100    0.0005262000   -0.0000840200
   0.0061781100   -0.0059070400   -0.0072713600
  -0.0016054700   -0.0016574700   -0.0010355100
  -0.0011699600    0.0006629900   -0.0003602500
  -0.0004905800   -0.0000531600   -0.0012329800
   0.0000389300    0.0042090800   -0.0048760500
  -0.0010232100   -0.0000989400   -0.0008747400
  -0.0042514800   -0.0035498500   -0.0034152700
  -0.0002965500    0.0005842300   -0.0007181800
  -0.0501871800   -0.0502828200    0.1031889400
   0.0030088700    0.0011517600    0.0015246700
   0.0011719900    0.0028211200    0.0015267800
   0.0016257100    0.0015224900    0.0050203900
   0.0020075400    0.0019963400   -0.0013173200
   0.0011401900    0.0026908100   -0.0004669800
   0.0028928100    0.0010270800   -0.0005077100
   0.0003482000    0.0002618500    0.0003680600
  -0.0008509900    0.0134151300    0.0025892300
   0.0006898900    0.0125365300    0.0008351300
   0.0002550500    0.0135470300    0.0008891200
   0.0004613400    0.0133036400    0.0004771300
  -0.0167716800    0.0344868100   -0.0218447800
  -0.0000455500    0.0140331900    0.0005755600
   0.0005839700    0.0139368700    0.0002429400
  -0.0003283100    0.0143055100   -0.0003519500
   0.0257018300    0.0436604700   -0.0405199000
  -0.0151837000   -0.0004542800    0.0014396500
  -0.0146110200   -0.0011460900    0.0013572200
  -0.0146465400   -0.0002853300    0.0010937700
  -0.0162186800   -0.0013796400    0.0026424700
  -0.0147637900   -0.0008929900    0.0025552700
  -0.0155542700    0.0000453000    0.0028327900
  -0.0150207500   -0.0008139500    0.0017876300
   0.0153823800    0.0021046500   -0.0033420400
   0.0125549500   -0.0000250300   -0.0002038500
   0.0137163800   -0.0009889900    0.0005653500
   0.0131952100   -0.0014445600   -0.0012438300
   0.0141822800   -0.0006388400    0.0005405400
   0.0144628000   -0.0010308800    0.0011270100
   0.0142939300   -0.0010222900    0.0003574000
   0.0152629500   -0.0000626300    0.0008030600
  -0.0007307900   -0.0144974500    0.0017379600
  -0.0012373900   -0.0141278100    0.0007571000
  -0.0019481500   -0.0128536300    0.0019295300
  -0.0011151700   -0.0134423600    0.0006616600
   0.0222419800   -0.0314566200   -0.0217710200
  -0.0015201500   -0.0145252100    0.0006495900
  -0.0011581600   -0.0152022300    0.0003009100
  -0.0004901500   -0.0147239900   -0.0004797800

33   
  0.0099999987164280  -0.0000019207440916  -0.0000046885158764
   0.0006274500   -0.0000772000   -0.0035957800
   0.0003777200    0.0002776200   -0.0034447900
   0.0091732500   -0.0086444900   -0.0122365900
   0.0003254100    0.0004823400   -0.0038025300
   0.0007081900    0.0003056500   -0.0033606100
   0.0006213200    0.0000147400   -0.0037380900
   0.0009057700    0.0005343100   -0.0036746200
   0.0006063600    0.0002692600   -0.0035803900
   0.0002195900    0.0005326400   -0.0001638200
   0.0084719200    0.0090035800    0.0093621100
   0.0001931700    0.0002898900    0.0002717200
   0.0005583700    0.0004871600    0.0000907800
   0.0008460800    0.0000509700    0.0001189800
   0.0004709400    0.0003287600   -0.0000038100
   0.0004071300    0.0005181500   -0.0000800300
   0.0002081200    0.0008293400    0.0000543100
   0.0208342000    0.0151078500   -0.0159858200
  -0.0008630900   -0.0001145100   -0.0004108300
  -0.0004532200    0.0001256700   -0.0004104100
  -0.0011891800   -0.0005125700   -0.0013227300
  -0.0009314100   -0.0000641100    0.0001223800
  -0.0012366200    0.0003127900   -0.0010015000
  -0.0007167100   -0.0003789500   -0.0005988800
  -0.0009313100   -0.0000030300   -0.0005453100
   0.0007623500    0.0001711800    0.0017408800
   0.0009098900    0.0008853800    0.0002919800
   0.0010757800    0.0010677900    0.0009824200
   0.0012399600    0.0017939100    0.0011748400
   0.0333009900   -0.0231449800    0.0256515400
   0.0003156000    0.0011288200    0.0009914400
   0.0019179500    0.0007140600    0.0008393700
   0.0010140300    0.0013312700    0.0017984500
  -0.0942988600    0.0204493200   -0.0052620700
   0.0005036700    0.0137245800    0.0005879100
   0.0003001900    0.0137978100    0.0005476600
   0.0021721600    0.0134792800    0.0008156600
   0.0005298300    0.0136831000    0.0003641300
   0.0005521000    0.0138899300    0.0006966300
   0.0005463600    0.0137597500    0.0005807300
   0.0004300100    0.0135303600    0.0005814200
  -0.0120343100    0.0003567500   -0.0018026600
  -0.0110203700   -0.0008630300    0.0061444500
  -0.0148640800   -0.0008778200    0.0017656300
  -0.0149712500   -0.0008442800    0.0014858600
  -0.0157329500    0.0011334000   -0.0003985100
  -0.0150572200   -0.0009769100    0.0015721500
  -0.0146402900   -0.0013219000    0.0011468900
  -0.0151300300   -0.0009206100    0.0015970400
   0.0141056500   -0.0005028000    0.0001484400
   0.0146235100   -0.0017335300    0.0017775500
   0.0140683800   -0.0005357400    0.0004555500
   0.0148291300   -0.0005360600    0.0002089600
   0.0145198200   -0.0024847200    0.0009184800
   0.0186888000   -0.0000278800   -0.0043912300
   0.0145239800   -0.0003987200    0.0002070900
   0.0141283300   -0.0004607600    0.0003377800
  -0.0009964600   -0.0147793100    0.0017567500
   0.0037467900   -0.0089960400    0.0004299400
   0.0014422800   -0.0104940500    0.0003350500
   0.0028421900   -0.0187113300   -0.0004423800
  -0.0007386300   -0.0138097200    0.0003455900
  -0.0010500300   -0.0139281400    0.0006602200
  -0.0010503300   -0.0139634600    0.0004896600
  -0.0007383900   -0.0142607400    0.0008049500

33   
 -0.0099999987164280   0.0000019207440916   0.0000046885158764
   0.0007157800    0.0007553900   -0.0036068400
   0.0009660300    0.0003997600   -0.0037441900
  -0.0075943800    0.0089186200    0.0046172800
   0.0010307900    0.0002085500   -0.0033986200
   0.0006316000    0.0003691000   -0.0038356900
   0.0007201800    0.0006657000   -0.0034582000
   0.0004363600    0.0001459500   -0.0035236900
   0.0007354300    0.0004097700   -0.0036157300
   0.0009109800    0.0000553500    0.0001066500
  -0.0071014100   -0.0080073700   -0.0090041500
   0.0009326900    0.0002931000   -0.0003328100
   0.0005677800    0.0000941100   -0.0001456800
   0.0002823100    0.0005288100   -0.0001731200
   0.0006530900    0.0002514500   -0.0000520200
   0.0007182800    0.0000761100    0.0000296100
   0.0009147700   -0.0002425600   -0.0001098200
  -0.0226736600   -0.0160148300    0.0155420800
  -0.0005981900   -0.0002415200   -0.0005896200
  -0.0010396900   -0.0004869300   -0.0006119500
  -0.0002827100    0.0001606200    0.0003135300
  -0.0005456700   -0.0002852100   -0.0011204100
  -0.0002221600   -0.0006919200    0.0000142800
  -0.0007459800    0.0000156600   -0.0004078700
  -0.0005411000   -0.0003508000   -0.0004553700
   0.0018109900    0.0021963000    0.0001538200
   0.0016550700    0.0014733900    0.0016094200
   0.0014874700    0.0012956100    0.0009072200
   0.0013443900    0.0005783900    0.0007333700
  -0.0311327800    0.0261233700   -0.0243966200
   0.0022571600    0.0012341300    0.0008954700
   0.0006320800    0.0016356900    0.0010704200
   0.0015615800    0.0010142800    0.0000952000
   0.0954123300    0.0067869300    0.0067299000
   0.0003347900    0.0136877600    0.0006673500
   0.0005442800    0.0136182800    0.0007056200
  -0.0013279300    0.0139366500    0.0004370800
   0.0003082000    0.0137301400    0.0008906700
   0.0002854400    0.0135276700    0.0005500700
   0.0002954300    0.0136519900    0.0006730000
   0.0004078000    0.0138789800    0.0006685100
  -0.0182821200   -0.0019664800    0.0051608900
  -0.0192249800   -0.0007611000   -0.0027794700
  -0.0154143400   -0.0007355900    0.0015542100
  -0.0153097600   -0.0007651600    0.0018284900
  -0.0145384600   -0.0027141500    0.0036830500
  -0.0152249000   -0.0006327500    0.0017408200
  -0.0156330300   -0.0002564000    0.0021883100
  -0.0151515400   -0.0006920500    0.0017215100
   0.0140582700   -0.0006458100    0.0004036200
   0.0135288800    0.0005931800   -0.0012388300
   0.0141008900   -0.0006155500    0.0000991000
   0.0133330800   -0.0006506000    0.0003138200
   0.0135686800    0.0013582900   -0.0004483100
   0.0095202700   -0.0011011900    0.0048851500
   0.0136468600   -0.0007454400    0.0003472800
   0.0140362300   -0.0006882300    0.0002161500
  -0.0013426600   -0.0130602100   -0.0005196000
  -0.0059879700   -0.0188591000    0.0007895500
  -0.0037634500   -0.0174749500    0.0008944000
  -0.0050994400   -0.0092592600    0.0016934300
  -0.0015507300   -0.0141067300    0.0008995500
  -0.0012323200   -0.0139924700    0.0005754200
  -0.0012310500   -0.0139592800    0.0007480300
  -0.0015537900   -0.0136654300    0.0004152700

33   
  0.0000032822628209   0.0099999989360194  -0.0000032413517182
   0.0007084200    0.0001010100   -0.0033499300
   0.0008721000    0.0001158000   -0.0037307100
  -0.0083705300    0.0107634200    0.0055240100
   0.0001956900    0.0003760100   -0.0035756300
   0.0006480300    0.0003478100   -0.0037208400
   0.0009457600    0.0005397600   -0.0034088700
   0.0003130000    0.0002045900   -0.0033727300
   0.0006565700    0.0002393500   -0.0035177200
   0.0006564800    0.0000269300    0.0000275400
   0.0125915500    0.0146499900    0.0127074100
   0.0002772400   -0.0001377600    0.0003555400
   0.0005758500    0.0000094000   -0.0002688600
   0.0004105200    0.0000527200    0.0001625300
   0.0005740500    0.0001774700   -0.0000117100
   0.0006603600    0.0001920600   -0.0003868300
   0.0005085500    0.0003056200    0.0001445200
   0.0119398900    0.0120034800   -0.0116749200
  -0.0004163200   -0.0004634500   -0.0010827800
  -0.0011552100   -0.0007785700   -0.0010951300
  -0.0008866500   -0.0004985200   -0.0010452400
  -0.0009926500    0.0002361300    0.0001816000
  -0.0011210400    0.0000483800   -0.0004128800
   0.0000225800   -0.0007053700   -0.0007796200
  -0.0005038700   -0.0002684700   -0.0003324200
   0.0014415100    0.0012894300    0.0014402000
   0.0011783300    0.0011939500    0.0023285000
   0.0009446400    0.0011141100    0.0009370400
   0.0003368700    0.0009624800    0.0008600200
  -0.0223559400    0.0285798600   -0.0229234500
   0.0010454600    0.0011369000    0.0004059100
   0.0016203400   -0.0003986300    0.0000487000
   0.0014295300    0.0008313600    0.0001129200
   0.0072763800   -0.0787463700    0.0113520900
   0.0004295400    0.0136241400    0.0009350300
   0.0005050400    0.0139371400    0.0007054900
   0.0001851100    0.0154260300    0.0001672000
   0.0003929200    0.0138178400    0.0004830700
   0.0005957800    0.0143159500    0.0003875500
   0.0004703600    0.0138177100    0.0005973300
   0.0002396800    0.0137621200    0.0005941800
  -0.0150598400   -0.0002698300    0.0014941600
  -0.0157892500   -0.0000614900    0.0007314200
  -0.0149156200   -0.0007858700    0.0017165800
  -0.0152772600   -0.0008282500    0.0018050300
  -0.0161816800   -0.0002967900   -0.0000358200
  -0.0149201000   -0.0003737300    0.0019153900
  -0.0150739600    0.0037541100    0.0065222900
  -0.0151060300   -0.0007637000    0.0016295900
   0.0138616700   -0.0002930700    0.0002995000
   0.0140295900    0.0025295700   -0.0038145700
   0.0142171600   -0.0003991200    0.0001575200
   0.0147237300    0.0035557900    0.0050975900
   0.0151249500   -0.0011701800    0.0012665400
   0.0139994600   -0.0000816100    0.0007716800
   0.0138627500   -0.0004866000    0.0002612100
   0.0140475000   -0.0005606500    0.0003315700
  -0.0020392700   -0.0124411700   -0.0003853300
   0.0038209200   -0.0092886000    0.0001271400
   0.0023236300   -0.0099971000    0.0005562700
  -0.0058316200   -0.0093435200    0.0015642400
  -0.0014334300   -0.0132452600    0.0002953500
  -0.0011377300   -0.0140537900    0.0004882800
  -0.0011030800   -0.0140540400    0.0005798500
  -0.0009884300   -0.0132469200    0.0008564200

33   
 -0.0000032822628209  -0.0099999989360194   0.0000032413517182
   0.0006326100    0.0005752600   -0.0038596600
   0.0004686100    0.0005618100   -0.0034547000
   0.0101386700   -0.0103592700   -0.0131887100
   0.0011555300    0.0003097200   -0.0036243900
   0.0006934600    0.0003349000   -0.0034757200
   0.0003959600    0.0001423800   -0.0037883900
   0.0010306700    0.0004770100   -0.0038251700
   0.0006839700    0.0004404600   -0.0036798500
   0.0004706000    0.0005594700   -0.0000880600
  -0.0109383700   -0.0136451000   -0.0122177300
   0.0008439200    0.0007263800   -0.0004186200
   0.0005499200    0.0005667300    0.0002213000
   0.0007220200    0.0005271200   -0.0002153900
   0.0005468000    0.0004044100   -0.0000443200
   0.0004573300    0.0003918500    0.0003345800
   0.0006173200    0.0002741400   -0.0002021600
  -0.0138573900   -0.0125599800    0.0110694400
  -0.0010532000    0.0001080700    0.0000786100
  -0.0003341900    0.0004127700    0.0000789700
  -0.0005810400    0.0001453000    0.0000413400
  -0.0005012800   -0.0005746000   -0.0011754800
  -0.0003504700   -0.0004043900   -0.0005862900
  -0.0015019100    0.0003522700   -0.0002220100
  -0.0009697700   -0.0000859000   -0.0006671600
   0.0011191000    0.0010568300    0.0004591900
   0.0013774000    0.0011563900   -0.0004340500
   0.0016170600    0.0012466000    0.0009532100
   0.0022236500    0.0013953900    0.0010388700
   0.0243479500   -0.0259072300    0.0242693800
   0.0015317300    0.0012294100    0.0014971000
   0.0009394200    0.0027622400    0.0018513200
   0.0011463200    0.0015224000    0.0017835300
  -0.0062925900    0.1058722900   -0.0099574200
   0.0004073500    0.0137880200    0.0003212500
   0.0003356500    0.0134782300    0.0005512600
   0.0006523700    0.0119822100    0.0010898000
   0.0004494600    0.0135934700    0.0007711400
   0.0002452300    0.0130995000    0.0008702700
   0.0003689000    0.0135899700    0.0006593200
   0.0005993900    0.0136513900    0.0006638800
  -0.0151833200   -0.0013454000    0.0017813400
  -0.0145031100   -0.0015532200    0.0025659600
  -0.0153609900   -0.0008269200    0.0015993600
  -0.0150022000   -0.0007825700    0.0015080800
  -0.0140961400   -0.0012525800    0.0032643400
  -0.0153643600   -0.0012423800    0.0013974800
  -0.0152230900   -0.0054072700   -0.0032703400
  -0.0151741200   -0.0008500300    0.0016833100
   0.0143033800   -0.0008552800    0.0002537300
   0.0141490600   -0.0037172200    0.0044186900
   0.0139475000   -0.0007483000    0.0004005900
   0.0134289700   -0.0046672500   -0.0044876200
   0.0130276800    0.0000174500   -0.0007263200
   0.0141464300   -0.0010771200   -0.0002026700
   0.0143047000   -0.0006628500    0.0002897600
   0.0141176500   -0.0005869900    0.0002248000
  -0.0003218300   -0.0154037600    0.0016222700
  -0.0060553100   -0.0185896200    0.0010954300
  -0.0046686700   -0.0179654700    0.0006748200
   0.0036029100   -0.0186149000   -0.0003107000
  -0.0008493400   -0.0146698800    0.0009386400
  -0.0011433300   -0.0138641300    0.0007516500
  -0.0011756700   -0.0138654700    0.0006598600
  -0.0012949500   -0.0146667700    0.0003890300

33   
 -0.0040508804992418  -0.0040491186874258   0.0081972559454980
   0.0005168100    0.0007425400   -0.0039049300
   0.0007456900    0.0003647900   -0.0033519000
  -0.0088703100    0.0096598100    0.0072598500
   0.0009400800    0.0003100700   -0.0037307600
   0.0005615300    0.0003262500   -0.0040922800
   0.0005388900    0.0001532000   -0.0040544400
   0.0010162500    0.0003639500   -0.0040970800
   0.0007217000    0.0004077100   -0.0037714600
   0.0010448400    0.0003724200    0.0000354300
  -0.0000032100   -0.0013846500   -0.0001104000
   0.0008117700    0.0003976400   -0.0002810600
   0.0006447200    0.0006311000    0.0000648100
   0.0007387000    0.0005378900   -0.0003580200
   0.0006013700    0.0003504300   -0.0001270700
   0.0002909900    0.0002548600   -0.0000766800
   0.0008608900   -0.0002187100   -0.0004333000
  -0.0262218300   -0.0212811400    0.0213621800
  -0.0010851500   -0.0004554700   -0.0004134200
  -0.0006487900   -0.0001919900   -0.0002206400
  -0.0003283900    0.0003385200    0.0002047600
  -0.0000736300   -0.0005676200   -0.0015845300
  -0.0010236300    0.0001765800   -0.0009837900
  -0.0005089100   -0.0000609800   -0.0005657200
  -0.0008030400   -0.0001808600   -0.0006706100
   0.0022333200    0.0026837000   -0.0005836600
   0.0006947500    0.0009709400   -0.0001029700
   0.0016304000    0.0012481700    0.0007373200
   0.0006326200    0.0007938900    0.0004047200
   0.0164699300   -0.0188311900    0.0228254400
   0.0020252500    0.0008814300    0.0011536500
   0.0007216300    0.0021088300    0.0017098200
   0.0009110900    0.0018027300    0.0019724200
   0.0319840900    0.0577739000   -0.0773143000
   0.0003432500    0.0139807100    0.0004388800
   0.0003670200    0.0136386900    0.0006688600
  -0.0000400300    0.0127205200    0.0006971000
   0.0001676800    0.0135495100    0.0011212500
   0.0003503600    0.0131842500    0.0007369100
   0.0003095900    0.0136087400    0.0008536900
   0.0004498700    0.0137230200    0.0008309600
  -0.0198419800   -0.0027354200    0.0063851500
  -0.0126094500   -0.0010479900    0.0037690200
  -0.0153221800   -0.0006868100    0.0017737400
  -0.0152514400   -0.0009301600    0.0018009100
  -0.0136616200   -0.0022991200    0.0043343600
  -0.0152737800   -0.0008593500    0.0018312000
  -0.0149766900    0.0013427800    0.0034998200
  -0.0151155100   -0.0008326400    0.0015584900
   0.0141135700   -0.0006284000    0.0005051900
   0.0140037100   -0.0042462100    0.0045830300
   0.0139110400   -0.0007960200    0.0003898100
   0.0142703400    0.0014024100    0.0018996200
   0.0147993500   -0.0012217600    0.0008062600
   0.0082712500   -0.0014142200    0.0055534200
   0.0137807700   -0.0007423500    0.0005606000
   0.0140986200   -0.0006734100    0.0000979900
  -0.0017973200   -0.0133813900   -0.0000618700
  -0.0049688400   -0.0174460800    0.0012356700
  -0.0033938600   -0.0169467400    0.0011355000
   0.0000279000   -0.0146769800    0.0006298300
  -0.0013488700   -0.0144922500    0.0021567000
  -0.0010705200   -0.0138996900    0.0007697500
  -0.0012235200   -0.0138098300    0.0008005800
  -0.0011391000   -0.0138626200    0.0017362000

33   
  0.0040508804992418   0.0040491186874258  -0.0081972559454980
   0.0008246000   -0.0000694200   -0.0033007400
   0.0005939800    0.0003148700   -0.0038420800
   0.0104491700   -0.0094218000   -0.0147215400
   0.0004096900    0.0003819800   -0.0034694400
   0.0007774300    0.0003554000   -0.0031072600
   0.0008012200    0.0005239800   -0.0031453200
   0.0003288400    0.0003161200   -0.0031005800
   0.0006190600    0.0002714300   -0.0034253200
   0.0000838400    0.0002144000   -0.0000897500
   0.0010530300    0.0019009800    0.0000249000
   0.0003092700    0.0001868700    0.0002265300
   0.0004790700   -0.0000482200   -0.0001185900
   0.0004001600    0.0000415100    0.0003054500
   0.0005221300    0.0002305600    0.0000706500
   0.0008274900    0.0003326800    0.0000216400
   0.0002611500    0.0008086800    0.0003787800
   0.0233871000    0.0197319300   -0.0213067200
  -0.0003903200    0.0001070100   -0.0005813900
  -0.0008235500   -0.0001651600   -0.0007791900
  -0.0011490900   -0.0006971600   -0.0012058700
  -0.0014079000    0.0002243500    0.0005942500
  -0.0004465800   -0.0005350300   -0.0000140800
  -0.0009625000   -0.0003003700   -0.0004396500
  -0.0006716300   -0.0001736900   -0.0003324500
   0.0003301000   -0.0003085300    0.0024749000
   0.0018841400    0.0013993200    0.0019935300
   0.0009313400    0.0011110800    0.0011574000
   0.0019337700    0.0015639200    0.0014837000
  -0.0143371400    0.0213831000   -0.0210748200
   0.0005399300    0.0014799300    0.0007303700
   0.0018501800    0.0002444900    0.0001852000
   0.0016556600    0.0005529900   -0.0000950700
  -0.0294570200   -0.0288872900    0.0779734600
   0.0004961400    0.0134318200    0.0008170000
   0.0004724800    0.0137761800    0.0005859400
   0.0008844400    0.0146922400    0.0005609600
   0.0006721500    0.0138615200    0.0001355800
   0.0004883100    0.0142247900    0.0005195900
   0.0005311700    0.0138001100    0.0004013800
   0.0003906800    0.0136884800    0.0004248900
  -0.0105067900    0.0011188000   -0.0030088500
  -0.0176631900   -0.0005727900   -0.0004535500
  -0.0149561200   -0.0009249400    0.0015377600
  -0.0150254300   -0.0006792600    0.0015131600
  -0.0166234600    0.0007858700   -0.0011124700
  -0.0150027300   -0.0007529800    0.0014789500
  -0.0153159300   -0.0029571400   -0.0001828200
  -0.0151661500   -0.0007828700    0.0017568700
   0.0140550800   -0.0005256600    0.0000493900
   0.0141676800    0.0030219900   -0.0039758800
   0.0142568200   -0.0003534700    0.0001663000
   0.0138913400   -0.0025595900   -0.0013594900
   0.0133387900    0.0000681500   -0.0002765900
   0.0199628200    0.0002734500   -0.0050561900
   0.0143871100   -0.0004023800   -0.0000042600
   0.0140699100   -0.0004752500    0.0004599900
  -0.0004961800   -0.0145314700    0.0013075900
   0.0026836600   -0.0104736000    0.0000205900
   0.0010875400   -0.0109893200    0.0001098100
  -0.0023320800   -0.0132239500    0.0006187600
  -0.0009392900   -0.0134214000   -0.0009105800
  -0.0012129500   -0.0140204800    0.0004689200
  -0.0010569000   -0.0141111200    0.0004360200
  -0.0011455700   -0.0140566300   -0.0004996800
