64   
14   

1    
 -0.0040511274774195  -0.0040494884130805   0.0081969512475081
   0.0173547800    0.0169094300   -0.0367597800
   0.0027500400    0.0022687200   -0.0022818900
   0.0027538900    0.0022841700   -0.0022831200
   0.0026268000    0.0021517400   -0.0024571100
   0.0027128300    0.0022312700   -0.0020450400
   0.0027666500    0.0021525100   -0.0020693500
   0.0026208600    0.0022757700   -0.0020575500
   0.0027993700    0.0023406100   -0.0021279900
   0.0024666800    0.0019689300    0.0011177200
   0.0022713200    0.0013460900    0.0014538300
   0.0023985500    0.0020894100    0.0010186900
   0.0029599800    0.0027911000    0.0015668700
   0.0027756000    0.0023334700    0.0011079800
   0.0013370200    0.0030211200    0.0019126800
   0.0024757000    0.0020435800    0.0011076500
   0.0023559900    0.0019799300    0.0010278500
  -0.0008481300   -0.0001677900    0.0004017300
  -0.0005821600   -0.0002391500    0.0003341900
  -0.0015290000   -0.0006515900    0.0011428800
   0.0001295100    0.0007119400    0.0010191900
  -0.0002433100   -0.0002051900    0.0003605900
  -0.0007260900   -0.0000596300    0.0004375100
   0.0011032800   -0.0018410000    0.0017866400
  -0.0007872700   -0.0003261800    0.0003059500
   0.0010203600    0.0006929000    0.0012489700
   0.0010247100    0.0011221300    0.0013543400
   0.0014558700    0.0006689500    0.0013566800
   0.0009540900    0.0006338600    0.0012526800
   0.0008216200    0.0005737400    0.0001770600
   0.0023486100   -0.0006391800   -0.0011576000
  -0.0004685100    0.0020715900   -0.0012990200
  -0.0018535900   -0.0022149200   -0.0025831300
  -0.0026629000    0.0154041700   -0.0012937000
  -0.0025807700    0.0150482100   -0.0008081800
  -0.0080372800    0.0202538000    0.0086782000
  -0.0029231400    0.0153314700   -0.0012660600
  -0.0026529200    0.0150412000   -0.0014792200
  -0.0028050300    0.0151052800   -0.0014122400
  -0.0030810400    0.0155543100   -0.0017396900
  -0.0027637700    0.0152506900   -0.0012441400
  -0.0185757800   -0.0043633700    0.0019544300
  -0.0184811200   -0.0043173100    0.0017137600
  -0.0185593800   -0.0042945000    0.0017407800
  -0.0187810600   -0.0045697100    0.0015929100
  -0.0195099300   -0.0048547000    0.0036914400
  -0.0183521900   -0.0044949200    0.0017331600
  -0.0188774300   -0.0039674100    0.0018310800
  -0.0185766500   -0.0043387900    0.0024138400
   0.0156883100    0.0013807700    0.0003634500
   0.0155869400    0.0011408300   -0.0000226600
   0.0154367600    0.0012879100   -0.0000617400
   0.0157907400    0.0015314900    0.0001187100
   0.0160441100    0.0016104800    0.0007109700
   0.0154836700    0.0013994400    0.0003463800
   0.0156193200    0.0012133700    0.0004554300
   0.0041373200   -0.0085280000    0.0177404200
   0.0003184000   -0.0169090400   -0.0012732700
   0.0051206700   -0.0235721400    0.0088877100
   0.0001223200   -0.0169465800   -0.0008052900
   0.0002764800   -0.0171851200   -0.0012367400
  -0.0001180300   -0.0169747600   -0.0015614400
   0.0003635900   -0.0174279400   -0.0016423800
  -0.0000236000   -0.0170461400   -0.0013244600
   0.0001273400   -0.0170813200   -0.0011715700

1    
  0.0040511274774195   0.0040494884130805  -0.0081969512475081
  -0.0139045000   -0.0143322700    0.0334170900
   0.0027997500    0.0023351600   -0.0031614100
   0.0027971100    0.0023183300   -0.0031612000
   0.0029294800    0.0024561600   -0.0029870600
   0.0028396400    0.0023735200   -0.0033982000
   0.0027843200    0.0024490300   -0.0033731900
   0.0029287900    0.0023267600   -0.0033851400
   0.0027499800    0.0022632300   -0.0033137400
   0.0025882400    0.0022967300    0.0003494900
   0.0027848000    0.0029192400    0.0000101800
   0.0026506900    0.0021809400    0.0004446900
   0.0021006300    0.0014795800   -0.0000991100
   0.0022742000    0.0019441100    0.0003533900
   0.0037147300    0.0012578000   -0.0004423400
   0.0025751700    0.0022224200    0.0003591100
   0.0026933000    0.0022868600    0.0004353900
  -0.0003301800   -0.0002493400    0.0000632100
  -0.0006038100   -0.0001885100    0.0001275300
   0.0003406300    0.0002293000   -0.0006653400
  -0.0012973600   -0.0011167000   -0.0005490600
  -0.0009107500   -0.0002238400    0.0000930400
  -0.0004590400   -0.0003590200    0.0000286300
  -0.0022572000    0.0014177900   -0.0013153100
  -0.0003935900   -0.0000913800    0.0001645000
   0.0010234500    0.0006658800    0.0007463400
   0.0010185800    0.0002445400    0.0006405600
   0.0006039000    0.0006864500    0.0006388600
   0.0010884600    0.0007220800    0.0007447600
   0.0011981300    0.0007628500    0.0018600000
  -0.0002928900    0.0019775400    0.0031264700
   0.0024954300   -0.0007006700    0.0032624700
   0.0038937500    0.0035706500    0.0045435300
  -0.0030682700    0.0148593800   -0.0007982300
  -0.0031492800    0.0152357700   -0.0012891800
   0.0020982800    0.0102940800   -0.0105202600
  -0.0027870200    0.0149352300   -0.0008100700
  -0.0030708600    0.0152265000   -0.0006207800
  -0.0029155500    0.0151638800   -0.0006855200
  -0.0026504500    0.0147328500   -0.0003617100
  -0.0029582500    0.0150244600   -0.0008487400
  -0.0188317300   -0.0042646400    0.0023398800
  -0.0189260500   -0.0043050600    0.0025807600
  -0.0188446300   -0.0043363200    0.0025576900
  -0.0186234200   -0.0040611300    0.0027032100
  -0.0178469600   -0.0037125200    0.0006495400
  -0.0190438200   -0.0041380200    0.0025598600
  -0.0185433600   -0.0046466500    0.0024595500
  -0.0188162100   -0.0042765000    0.0018793000
   0.0158048400    0.0013457200    0.0007607000
   0.0159058900    0.0015818300    0.0011522700
   0.0160528600    0.0014394100    0.0011854400
   0.0156994600    0.0011943600    0.0010139800
   0.0154748900    0.0011313900    0.0004166200
   0.0160122300    0.0013193800    0.0007679400
   0.0158642400    0.0015150800    0.0006677400
   0.0284185800    0.0122860000   -0.0177515100
  -0.0000525400   -0.0171665100   -0.0007247800
  -0.0045479900   -0.0107413300   -0.0106173200
   0.0001667300   -0.0171334800   -0.0011932700
   0.0000071300   -0.0168630300   -0.0007383100
   0.0003911800   -0.0170971600   -0.0004429500
  -0.0000845600   -0.0166533400   -0.0003588200
   0.0002937600   -0.0170222600   -0.0006695600
   0.0001470100   -0.0169925700   -0.0008216400

9    
 -0.0040511274774195  -0.0040494884130805   0.0081969512475081
   0.0025772500    0.0021938500   -0.0023610500
   0.0037500100    0.0014539600   -0.0014074000
   0.0027536900    0.0022145100   -0.0023886100
   0.0028353900    0.0021561300   -0.0024626800
   0.0030813700    0.0028683600   -0.0021214300
   0.0023865300    0.0019483100   -0.0017438400
   0.0026608700    0.0020987200   -0.0024219400
   0.0026411700    0.0022775600   -0.0023316200
   0.0176827800    0.0171747300   -0.0330491100
   0.0024705700    0.0020815800    0.0008702600
   0.0024146300    0.0020248800    0.0008710300
   0.0022864800    0.0018981000    0.0005928200
   0.0022364100    0.0019556300    0.0010444000
   0.0025053600    0.0018763600    0.0010252100
   0.0023813200    0.0021160200    0.0009693500
   0.0024448600    0.0020512500    0.0009057900
  -0.0000450900   -0.0011229400   -0.0010865500
  -0.0006535900   -0.0005168200   -0.0003199700
  -0.0022271600   -0.0015611500   -0.0017734600
  -0.0010951100    0.0004552700   -0.0010130900
  -0.0007467500   -0.0001787100    0.0005303700
  -0.0006884200   -0.0001831400    0.0004854000
  -0.0005968800   -0.0001799400    0.0004861000
  -0.0003295200   -0.0003164300    0.0005240500
  -0.0001215800   -0.0009647300    0.0025848300
   0.0013715900    0.0007810600    0.0011701700
   0.0025546400    0.0021167100    0.0023551300
   0.0008124500    0.0004957800    0.0010693600
  -0.0020137600    0.0038558800    0.0038696500
   0.0010523800    0.0011995300    0.0010654300
   0.0011975600    0.0001602900    0.0009783400
   0.0009127400    0.0007147800    0.0012713600
  -0.0029429600    0.0152465200   -0.0012347600
  -0.0021156800    0.0146775700    0.0008188900
  -0.0024372700    0.0157827000   -0.0009941800
  -0.0028432900    0.0150363800   -0.0012058600
  -0.0027355100    0.0154924100   -0.0014302700
  -0.0028210800    0.0151960700   -0.0011592400
  -0.0029385900    0.0148419400   -0.0011343100
  -0.0028431900    0.0152870400   -0.0013059200
  -0.0112600200   -0.0103360800    0.0096669900
  -0.0187836500   -0.0043582500    0.0020717500
  -0.0185083200   -0.0039776800    0.0023445600
  -0.0183009900   -0.0044454200    0.0021911000
  -0.0184561000   -0.0047107300    0.0019727800
  -0.0189000600   -0.0041339800    0.0017742300
  -0.0186208500   -0.0043028400    0.0020368300
  -0.0185762900   -0.0040490500    0.0020324200
   0.0158359100    0.0014612000    0.0004547400
   0.0154725600    0.0017614100    0.0005643300
   0.0061596300    0.0073399200    0.0080704800
   0.0160725600    0.0015388600    0.0007319300
   0.0161070900    0.0014614800    0.0005012000
   0.0156211400    0.0012729100    0.0002821400
   0.0155747000    0.0018139900    0.0000231000
   0.0157753500    0.0014365900    0.0004944400
  -0.0103725100   -0.0336459900    0.0115626500
   0.0002633600   -0.0170224600   -0.0007335100
  -0.0000679000   -0.0167318500   -0.0007481300
   0.0000253000   -0.0170467600   -0.0010024600
   0.0001230600   -0.0167712900   -0.0013234000
  -0.0000507400   -0.0171747900   -0.0013813700
  -0.0000510100   -0.0170592300   -0.0010738400
   0.0001031200   -0.0170260200   -0.0010556200

9    
  0.0040511274774195   0.0040494884130805  -0.0081969512475081
   0.0029659600    0.0024048100   -0.0030689400
   0.0018059900    0.0031376500   -0.0040242000
   0.0027892900    0.0023858500   -0.0030434100
   0.0027285600    0.0024554800   -0.0029745700
   0.0024659600    0.0017353200   -0.0033131000
   0.0031660500    0.0026540100   -0.0036826400
   0.0028846500    0.0024997900   -0.0030120700
   0.0029040800    0.0023254100   -0.0031020400
  -0.0143871200   -0.0148290800    0.0359471000
   0.0025756100    0.0021856600    0.0006047900
   0.0026328000    0.0022431000    0.0006041300
   0.0027567400    0.0023671000    0.0008813900
   0.0028103100    0.0023076500    0.0004344200
   0.0025402200    0.0023896400    0.0004512700
   0.0026676300    0.0021498700    0.0005077000
   0.0026029400    0.0022147400    0.0005688500
  -0.0011304200    0.0006995800    0.0015511400
  -0.0005357400    0.0000787000    0.0008077800
   0.0010409400    0.0011238400    0.0022258400
  -0.0000903400   -0.0008730300    0.0014826600
  -0.0004402300   -0.0002286900   -0.0000506900
  -0.0004886300   -0.0002451500   -0.0000074000
  -0.0005868600   -0.0002448300   -0.0000085700
  -0.0008460900   -0.0001080500   -0.0000467800
   0.0021584000    0.0023132600   -0.0005692100
   0.0006734800    0.0005725700    0.0008310500
  -0.0004934800   -0.0007604000   -0.0003401000
   0.0012263900    0.0008515000    0.0009326400
   0.0040395200   -0.0024531100   -0.0018514300
   0.0009755200    0.0001926200    0.0009246700
   0.0008460100    0.0011880700    0.0010273400
   0.0011302300    0.0006357700    0.0007380800
  -0.0027718900    0.0150113900   -0.0008518200
  -0.0035777400    0.0156017900   -0.0028316800
  -0.0032886600    0.0144958000   -0.0010919500
  -0.0028916600    0.0152353300   -0.0008872200
  -0.0029974200    0.0147805600   -0.0006641400
  -0.0029094500    0.0150759400   -0.0009272000
  -0.0027937800    0.0154332800   -0.0009468800
  -0.0028825500    0.0149798800   -0.0007765200
  -0.0258853800    0.0014979300   -0.0052026300
  -0.0186389200   -0.0042812700    0.0022386400
  -0.0189086500   -0.0046512000    0.0019795400
  -0.0190996800   -0.0041914800    0.0021166900
  -0.0189368700   -0.0039352200    0.0023171300
  -0.0185194400   -0.0044999600    0.0025354300
  -0.0187951500   -0.0043326500    0.0022667200
  -0.0188382000   -0.0045785300    0.0022735500
   0.0156539300    0.0012542600    0.0006912100
   0.0160161700    0.0009676000    0.0005746800
   0.0250471300   -0.0043033100   -0.0067458100
   0.0154286100    0.0011927300    0.0004067200
   0.0153847800    0.0012506500    0.0006167400
   0.0158980100    0.0014497500    0.0008701700
   0.0159165700    0.0009182400    0.0011066600
   0.0157189500    0.0012905500    0.0006423400
   0.0116896000    0.0007076000   -0.0145384400
   0.0000127200   -0.0170663200   -0.0012594200
   0.0003468700   -0.0173479600   -0.0012401400
   0.0002604600   -0.0170231900   -0.0009807600
   0.0001477000   -0.0173100100   -0.0006572600
   0.0003279600   -0.0169054100   -0.0006045600
   0.0003286300   -0.0170331000   -0.0009249500
   0.0001689900   -0.0170533400   -0.0009305700

17   
 -0.0040511274774195  -0.0040494884130805   0.0081969512475081
   0.0028513200    0.0020592100   -0.0025655200
   0.0027822300    0.0022654100   -0.0026667100
   0.0011710300    0.0039369600   -0.0011705800
   0.0027204200    0.0026282900   -0.0026508200
   0.0037129700    0.0030087000   -0.0019850300
   0.0026775700    0.0021354400   -0.0026975600
   0.0024034900    0.0014623300   -0.0018365700
   0.0028767200    0.0022059700   -0.0025339800
   0.0018122100    0.0028402800   -0.0004556900
   0.0008720000    0.0007000700   -0.0012294400
   0.0023921700    0.0020797700    0.0000625300
   0.0031870600    0.0013203300   -0.0007185300
   0.0025624200    0.0019922800    0.0009867100
   0.0025210600    0.0020939800    0.0009443000
   0.0026159900    0.0020948100    0.0009448900
   0.0024318000    0.0024066800    0.0009812400
   0.0231229800    0.0236577000   -0.0446500200
  -0.0009255000   -0.0001321200   -0.0001249400
  -0.0006514800   -0.0006874200   -0.0001250400
  -0.0007450200   -0.0003662800   -0.0011319300
  -0.0010235200   -0.0003734600    0.0011372800
  -0.0005113700   -0.0008727900    0.0008985000
  -0.0009832300   -0.0001003000    0.0007479700
  -0.0002505800    0.0000954100    0.0005161800
  -0.0033413200   -0.0005350700    0.0053758500
   0.0041484600    0.0043008800    0.0037568000
   0.0010234300    0.0011598200    0.0012780000
   0.0002999000    0.0001675500    0.0012801400
   0.0071926100   -0.0058789400    0.0074653700
   0.0000138200    0.0010751700    0.0009384600
   0.0023157800    0.0015737400    0.0016460500
   0.0010124100    0.0003530300    0.0016174500
  -0.0267045700   -0.0007457400    0.0158137500
  -0.0027739600    0.0146517500   -0.0008392300
  -0.0030210500    0.0150774600   -0.0009176200
  -0.0032011300    0.0148993000   -0.0011031200
  -0.0023308800    0.0156173700   -0.0017614100
  -0.0032495000    0.0152573700   -0.0016976200
  -0.0028640700    0.0148038900   -0.0014487000
  -0.0028950800    0.0152113800   -0.0011607700
  -0.0265462500    0.0041985700    0.0107130400
  -0.0190794000   -0.0043844500    0.0023075900
  -0.0189297300   -0.0043029000    0.0020984100
  -0.0190726200   -0.0036150200    0.0022511400
  -0.0189120600   -0.0035154400    0.0008512600
  -0.0184427400   -0.0041325100    0.0019865700
  -0.0184214700   -0.0046923800    0.0018986700
  -0.0184268700   -0.0043351900    0.0022790100
   0.0162865200    0.0014518300    0.0005595800
   0.0234386800   -0.0124013500    0.0104802700
   0.0162485000    0.0007502200    0.0007489500
   0.0164499100    0.0015125000    0.0004158600
   0.0149461900    0.0020026900   -0.0003130000
   0.0165171300    0.0012109500   -0.0000212700
   0.0154288000    0.0013599900    0.0005310800
   0.0157405400    0.0014796700    0.0004790800
  -0.0001747000   -0.0161761400   -0.0009754200
   0.0011207400   -0.0164012400   -0.0006605600
  -0.0021661800   -0.0180681400    0.0001106400
   0.0000994100   -0.0165899900   -0.0014100200
   0.0005424500   -0.0170278300   -0.0016628100
  -0.0003448700   -0.0176403300   -0.0014128200
   0.0001773200   -0.0172315600   -0.0011338800
   0.0002731300   -0.0168921700   -0.0010419800

17   
  0.0040511274774195   0.0040494884130805  -0.0081969512475081
   0.0026796700    0.0025233300   -0.0028432100
   0.0027506600    0.0023219000   -0.0027437400
   0.0043686300    0.0006511600   -0.0042469500
   0.0028217100    0.0019656100   -0.0027569300
   0.0018185000    0.0015720400   -0.0034258600
   0.0028580100    0.0024500600   -0.0027117600
   0.0031342300    0.0031252000   -0.0035705600
   0.0026557300    0.0023816100   -0.0028760300
   0.0032235400    0.0014066300    0.0019520000
   0.0041684500    0.0035571400    0.0027314100
   0.0026407500    0.0021780400    0.0014339400
   0.0018432600    0.0029305700    0.0022113600
   0.0024734700    0.0022568600    0.0005114300
   0.0025112200    0.0021584700    0.0005546900
   0.0024155000    0.0021576200    0.0005530800
   0.0026002400    0.0018458500    0.0005159600
  -0.0257006800   -0.0252645800    0.0453761300
  -0.0002673900   -0.0003017800    0.0006209500
  -0.0005400000    0.0002521300    0.0006201600
  -0.0004496200   -0.0000704300    0.0016276100
  -0.0001738700   -0.0000623700   -0.0006357500
  -0.0006826300    0.0004398600   -0.0004044000
  -0.0002101000   -0.0003381600   -0.0002546600
  -0.0009424300   -0.0005316300   -0.0000181400
   0.0053431100    0.0019129500   -0.0033267500
  -0.0021250600   -0.0029648400   -0.0017288400
   0.0010072200    0.0001808900    0.0007489700
   0.0017323100    0.0011789700    0.0007451000
  -0.0051316800    0.0072517100   -0.0054742400
   0.0020130100    0.0002679900    0.0010860500
  -0.0002943700   -0.0002329800    0.0003890200
   0.0010209700    0.0009906100    0.0004026300
   0.0221661300    0.0321154400   -0.0188807000
  -0.0029709800    0.0156081400   -0.0012292100
  -0.0027262600    0.0151772200   -0.0011536600
  -0.0025433200    0.0153586200   -0.0009634100
  -0.0034132000    0.0146404100   -0.0003044700
  -0.0024897200    0.0150036600   -0.0003645400
  -0.0028810700    0.0154640000   -0.0006143600
  -0.0028503800    0.0150498900   -0.0009058500
  -0.0110101100   -0.0126411700   -0.0063090900
  -0.0183431200   -0.0042658000    0.0020206000
  -0.0184944400   -0.0043535300    0.0022321100
  -0.0183482300   -0.0050337000    0.0020793100
  -0.0185118400   -0.0051182000    0.0034649900
  -0.0189807900   -0.0045147700    0.0023444400
  -0.0190048700   -0.0039548200    0.0024297300
  -0.0190014700   -0.0043120000    0.0020471300
   0.0151924000    0.0012618900    0.0005991400
   0.0083360900    0.0149180600   -0.0092105800
   0.0152353100    0.0019683500    0.0004091900
   0.0150304800    0.0012024700    0.0007369500
   0.0165359300    0.0007082700    0.0014694400
   0.0149772300    0.0015058100    0.0011684100
   0.0160536300    0.0013560000    0.0006250900
   0.0157426900    0.0012374400    0.0006799500
   0.0004380500   -0.0179134700   -0.0009908100
  -0.0008498200   -0.0176856900   -0.0013119000
   0.0025730200   -0.0158944300   -0.0019619900
   0.0001681000   -0.0174985200   -0.0005573600
  -0.0002833200   -0.0170636800   -0.0002989100
   0.0006139100   -0.0164492800   -0.0005559200
   0.0000891200   -0.0168605500   -0.0008365500
  -0.0000114900   -0.0172064800   -0.0009198700

25   
 -0.0040511274774195  -0.0040494884130805   0.0081969512475081
   0.0027993900    0.0023036900   -0.0024908300
   0.0032199300    0.0023099000   -0.0023897200
   0.0027722700    0.0027331700   -0.0023888200
   0.0027352300    0.0022485300   -0.0024908700
   0.0000346000   -0.0006971200   -0.0062867300
   0.0013358100    0.0035676900   -0.0049827100
   0.0042173700    0.0009688100   -0.0049280000
   0.0026425000    0.0021912700   -0.0035966800
   0.0055215900   -0.0009880700    0.0035753000
   0.0022157700    0.0023910900    0.0006182400
   0.0029420000    0.0020551600    0.0007541500
   0.0026144300    0.0022009000    0.0010302000
   0.0010371800    0.0011631400    0.0022660100
   0.0040719600    0.0037444100    0.0020621900
   0.0024728800    0.0022951000    0.0008929000
   0.0022838300    0.0018977900    0.0007584500
  -0.0073114300    0.0055027100    0.0068320700
   0.0001786100    0.0012092700    0.0007628000
  -0.0001662600   -0.0010184300    0.0000987000
  -0.0008518700   -0.0003310200    0.0009441700
  -0.0013742800   -0.0044403500    0.0044616800
  -0.0003153500   -0.0002815600    0.0005908100
   0.0028897700    0.0030751100    0.0031517400
  -0.0009990400   -0.0009639600    0.0004550700
   0.0470058300    0.0466004700   -0.0935923200
  -0.0006190600    0.0006465100    0.0004809500
   0.0010935300   -0.0008568500    0.0004815500
   0.0007038600    0.0003602800   -0.0029011600
   0.0003469300   -0.0001370000    0.0031736900
   0.0010988600   -0.0007671300    0.0023400700
  -0.0005598600    0.0007728500    0.0024029800
   0.0018900200    0.0015333600    0.0015815600
  -0.0016102200    0.0154162800   -0.0029609000
  -0.0031376700    0.0162381000   -0.0012409200
  -0.0027350500    0.0152701500   -0.0012729000
  -0.0029195600    0.0155082000   -0.0008640700
   0.0124190100   -0.0041994900    0.0202495400
  -0.0024249200    0.0148134800   -0.0009368700
  -0.0030643700    0.0149005000   -0.0005900100
  -0.0021788100    0.0145526500   -0.0000543700
  -0.0540296000   -0.0429871600    0.0393234800
  -0.0186845500   -0.0046731700    0.0024275800
  -0.0192418200   -0.0040022300    0.0025251800
  -0.0191797300   -0.0048074400    0.0027511600
  -0.0176890500   -0.0037682900    0.0011848500
  -0.0191023500   -0.0042415100    0.0013231300
  -0.0183318300   -0.0051643800    0.0010412600
  -0.0188575000   -0.0043052100    0.0020597700
   0.0142611800   -0.0014461100    0.0049510300
   0.0172356600    0.0007859300    0.0011085700
   0.0160544400    0.0017590000    0.0003672800
   0.0165867100    0.0021830800    0.0020562100
   0.0156420000    0.0014148900    0.0003291200
   0.0153586200    0.0018037400   -0.0002548700
   0.0155349400    0.0017964800    0.0005197600
   0.0145708200    0.0008618300    0.0000455900
  -0.0002539600   -0.0164788300   -0.0020664800
   0.0002439600   -0.0168668000   -0.0010990900
   0.0009158900   -0.0181241600   -0.0022836200
   0.0001090300   -0.0175334900   -0.0010231900
  -0.0216274600   -0.0013487500    0.0201932100
   0.0005081900   -0.0165218200   -0.0009395500
   0.0001710600   -0.0158076600   -0.0006407900
  -0.0004700300   -0.0163175200    0.0001034500

25   
  0.0040511274774195   0.0040494884130805  -0.0081969512475081
   0.0027379300    0.0022861400   -0.0029239400
   0.0023137100    0.0022781800   -0.0030254600
   0.0027617300    0.0018541200   -0.0030278600
   0.0028057200    0.0023460000   -0.0029282300
   0.0055223200    0.0053073000    0.0008967900
   0.0041986200    0.0010132000   -0.0004309900
   0.0013115300    0.0036188900   -0.0004876600
   0.0029099600    0.0024115600   -0.0018247100
  -0.0005108200    0.0052585800   -0.0021020100
   0.0028179900    0.0018597000    0.0008759500
   0.0020766700    0.0022129300    0.0007513800
   0.0024215000    0.0020529900    0.0004584800
   0.0040116500    0.0030893800   -0.0007866500
   0.0009553200    0.0004994200   -0.0005728200
   0.0025617900    0.0019579400    0.0005983900
   0.0027531500    0.0023585600    0.0007310100
   0.0061672300   -0.0059384100   -0.0063911900
  -0.0013599100   -0.0016712900   -0.0002468200
  -0.0010257300    0.0005819500    0.0003946700
  -0.0003414200   -0.0000973900   -0.0004599900
   0.0002101600    0.0039832900   -0.0039570900
  -0.0008810900   -0.0001543300   -0.0000999400
  -0.0040996100   -0.0035218600   -0.0026672400
  -0.0001876500    0.0005358000    0.0000338200
  -0.0471310200   -0.0474623100    0.0966940700
   0.0026598100    0.0007073600    0.0015306800
   0.0009459600    0.0022085700    0.0015337100
   0.0013260600    0.0009823000    0.0049207300
   0.0016799500    0.0014725800   -0.0011470300
   0.0009303100    0.0021194700   -0.0003344900
   0.0026070100    0.0005741400   -0.0003968200
   0.0001391100   -0.0001862200    0.0004420300
  -0.0041252400    0.0148473800    0.0008792500
  -0.0025965300    0.0140187500   -0.0008285700
  -0.0030111500    0.0149888500   -0.0008028100
  -0.0028224700    0.0147452900   -0.0012185400
  -0.0176902100    0.0342133500   -0.0221471900
  -0.0033295000    0.0154449300   -0.0011377700
  -0.0026808800    0.0153555400   -0.0014936800
  -0.0035624200    0.0157072800   -0.0020185300
   0.0183628300    0.0361176900   -0.0365676300
  -0.0187434000   -0.0039703100    0.0018941400
  -0.0181755200   -0.0046509700    0.0017998200
  -0.0182338200   -0.0038358900    0.0015701500
  -0.0197278900   -0.0048756400    0.0031423200
  -0.0183149800   -0.0044025600    0.0030035400
  -0.0190921400   -0.0034750900    0.0032863100
  -0.0185651900   -0.0043426300    0.0022602600
   0.0173864000    0.0043394100   -0.0036879300
   0.0142320900    0.0019371300    0.0000528800
   0.0154360700    0.0009473100    0.0007905500
   0.0148986400    0.0005391100   -0.0009114400
   0.0158441200    0.0013032600    0.0008192000
   0.0161273700    0.0009051600    0.0014101800
   0.0159406600    0.0009222100    0.0006348500
   0.0169170700    0.0018565500    0.0011026400
   0.0005253100   -0.0176020900    0.0000824100
   0.0000223700   -0.0172227100   -0.0008773600
  -0.0006553400   -0.0159552900    0.0003158000
   0.0001534300   -0.0165529000   -0.0009631800
   0.0216181500   -0.0322118800   -0.0219816400
  -0.0002535700   -0.0175743300   -0.0010471100
   0.0000939500   -0.0182871300   -0.0013329100
   0.0007338800   -0.0177683000   -0.0020788000

33   
  0.0099999986761587  -0.0000019076454308  -0.0000047788820344
   0.0027260100    0.0018807400   -0.0026686500
   0.0024468400    0.0022565100   -0.0025164400
   0.0098478800   -0.0046118800   -0.0089469400
   0.0024323200    0.0024589800   -0.0028641300
   0.0028104800    0.0022678300   -0.0024246300
   0.0027007800    0.0019804300   -0.0028098600
   0.0029947800    0.0024905900   -0.0027415700
   0.0026979900    0.0022205300   -0.0026415000
   0.0021837100    0.0023787700    0.0006158800
   0.0090232400    0.0085809600    0.0080982200
   0.0021234400    0.0021041600    0.0010748200
   0.0025069100    0.0023240100    0.0008876900
   0.0028108800    0.0018664300    0.0009416100
   0.0024162400    0.0021741800    0.0007940000
   0.0023501000    0.0023653400    0.0007118700
   0.0021387800    0.0026753100    0.0008718300
   0.0189859300    0.0128418000   -0.0129818800
  -0.0007312400   -0.0001478500    0.0003246900
  -0.0003382100    0.0000804000    0.0003301700
  -0.0010508500   -0.0005579100   -0.0005611000
  -0.0007966600   -0.0000796900    0.0008689000
  -0.0010934400    0.0002444800   -0.0002322100
  -0.0005750900   -0.0004126000    0.0001605000
  -0.0007902200   -0.0000378200    0.0002045100
   0.0005015100   -0.0003301200    0.0017913200
   0.0006602000    0.0003884200    0.0003664700
   0.0008154000    0.0005647900    0.0010234400
   0.0009771800    0.0012681000    0.0012244600
   0.0310836600   -0.0211345100    0.0231183900
   0.0000549300    0.0006093800    0.0010483000
   0.0016746500    0.0001903200    0.0008750300
   0.0007623000    0.0008164600    0.0017998200
  -0.0889544700    0.0216556200   -0.0068731900
  -0.0027974500    0.0151409400   -0.0010876800
  -0.0029938000    0.0152173900   -0.0011228100
  -0.0012016500    0.0149208200   -0.0008730000
  -0.0027526800    0.0151098400   -0.0013156000
  -0.0027427800    0.0153168400   -0.0009948700
  -0.0027495000    0.0151719200   -0.0011040700
  -0.0028633700    0.0149570200   -0.0010935100
  -0.0158007300   -0.0031892400   -0.0011029100
  -0.0148572000   -0.0043916300    0.0063283900
  -0.0184367000   -0.0043988800    0.0022441100
  -0.0185355200   -0.0043653000    0.0019877100
  -0.0192716400   -0.0023648000    0.0000542700
  -0.0185989500   -0.0044924900    0.0020548300
  -0.0181979400   -0.0048373900    0.0016257700
  -0.0186890200   -0.0044514300    0.0020915300
   0.0157687500    0.0014321600    0.0004291300
   0.0162767900    0.0002275600    0.0020291700
   0.0157337500    0.0014031900    0.0007438600
   0.0165115800    0.0014110900    0.0004927700
   0.0160332800   -0.0005707200    0.0010225900
   0.0201332400    0.0019000100   -0.0038405100
   0.0161589500    0.0015351900    0.0005066100
   0.0157833800    0.0014859600    0.0006076000
   0.0001695600   -0.0176990600    0.0001795500
   0.0047791000   -0.0123797700   -0.0011977900
   0.0025327800   -0.0137577500   -0.0012659100
   0.0037745900   -0.0213879500   -0.0020619100
   0.0005004100   -0.0168968400   -0.0012830600
   0.0002211300   -0.0170241000   -0.0009652700
   0.0002182700   -0.0170617400   -0.0011376700
   0.0004973600   -0.0173330100   -0.0008211400

33   
 -0.0099999986761587   0.0000019076454308   0.0000047788820344
   0.0028098900    0.0027034200   -0.0027503100
   0.0030910200    0.0023282600   -0.0028901500
  -0.0040847900    0.0088352300    0.0031561500
   0.0031178200    0.0021392500   -0.0025539300
   0.0027217800    0.0023148100   -0.0029904000
   0.0028348700    0.0026076400   -0.0026051600
   0.0025405900    0.0020960300   -0.0026723500
   0.0028373200    0.0023682100   -0.0027718900
   0.0028599100    0.0018769500    0.0008732500
  -0.0037517000   -0.0039589600   -0.0062356100
   0.0029129600    0.0021506700    0.0004099300
   0.0025270700    0.0019302500    0.0006025800
   0.0022298800    0.0023834900    0.0005495200
   0.0026191700    0.0020777100    0.0006988200
   0.0026855700    0.0019009100    0.0007840900
   0.0028944200    0.0015822900    0.0006176500
  -0.0205208400   -0.0137742700    0.0139732600
  -0.0004501000   -0.0002871400    0.0001646700
  -0.0008735900   -0.0005208000    0.0001383100
  -0.0001401600    0.0001262200    0.0010428500
  -0.0003987400   -0.0003493700   -0.0003771200
  -0.0000837700   -0.0007035300    0.0007356600
  -0.0006068900   -0.0000295400    0.0003233700
  -0.0004013800   -0.0003949800    0.0002848400
   0.0015381000    0.0016832700    0.0002277300
   0.0013711400    0.0009561700    0.0016594500
   0.0012141500    0.0007837300    0.0009908200
   0.0010737000    0.0000892800    0.0008079300
  -0.0294375800    0.0230473400   -0.0216881500
   0.0019833300    0.0007388700    0.0009630300
   0.0003423900    0.0011455800    0.0011581200
   0.0012791400    0.0005158000    0.0002171700
   0.0835469200    0.0084710300    0.0050356100
  -0.0029505600    0.0151183900   -0.0009857000
  -0.0027489300    0.0150441400   -0.0009545900
  -0.0045404500    0.0153398600   -0.0012055300
  -0.0029922600    0.0151504000   -0.0007598700
  -0.0030031400    0.0149482400   -0.0010894600
  -0.0029936300    0.0150930300   -0.0009680000
  -0.0028821300    0.0153011700   -0.0009844800
  -0.0216567000   -0.0054565400    0.0054623500
  -0.0225305100   -0.0042687500   -0.0019624300
  -0.0189815400   -0.0042514500    0.0020811600
  -0.0188850600   -0.0042818500    0.0023341100
  -0.0181429300   -0.0062501100    0.0042393200
  -0.0188267300   -0.0041500900    0.0022653000
  -0.0192204400   -0.0037782600    0.0027089200
  -0.0187383400   -0.0041971000    0.0022287900
   0.0157070900    0.0012884000    0.0007186700
   0.0151901200    0.0024993400   -0.0008933500
   0.0157491100    0.0013154800    0.0004056800
   0.0149676200    0.0012743800    0.0006220800
   0.0153778800    0.0033103000    0.0000418100
   0.0113942000    0.0008354600    0.0049287500
   0.0153259700    0.0011887400    0.0006434100
   0.0156981500    0.0012319900    0.0005391600
   0.0000438400   -0.0163111300   -0.0021619200
  -0.0044727200   -0.0216488800   -0.0007983200
  -0.0022990000   -0.0203769900   -0.0007202100
  -0.0034813300   -0.0127465200    0.0000978600
  -0.0002403800   -0.0171892500   -0.0006886800
   0.0000483700   -0.0170668300   -0.0010129900
   0.0000469000   -0.0170330000   -0.0008403000
  -0.0002440400   -0.0167663900   -0.0011713100

33   
  0.0000030982746894   0.0099999989393975  -0.0000034077475364
   0.0028356300    0.0020475300   -0.0024507000
   0.0030147800    0.0020116300   -0.0028150600
  -0.0042269200    0.0111294900    0.0040493200
   0.0023073800    0.0023247200   -0.0026687800
   0.0027676100    0.0022984100   -0.0028019900
   0.0030641100    0.0024739400   -0.0024907900
   0.0024210600    0.0021152500   -0.0024507900
   0.0027684900    0.0021737200   -0.0026114700
   0.0026181900    0.0018166900    0.0008013400
   0.0123214000    0.0144760800    0.0111771400
   0.0022036900    0.0016225100    0.0011412100
   0.0025434500    0.0017998000    0.0005012200
   0.0023746100    0.0018105300    0.0009691300
   0.0025428600    0.0019685200    0.0007738200
   0.0026372600    0.0019951400    0.0004014000
   0.0024825100    0.0020974600    0.0009190300
   0.0098611300    0.0106473300   -0.0089501100
  -0.0002778800   -0.0004944700   -0.0003255700
  -0.0010008700   -0.0008245600   -0.0003223300
  -0.0007582200   -0.0005501600   -0.0002881000
  -0.0008483000    0.0001783700    0.0009107700
  -0.0010009900    0.0000203900    0.0003116400
   0.0001593500   -0.0007518900   -0.0000524500
  -0.0003676200   -0.0003045800    0.0004084100
   0.0011403100    0.0007946200    0.0014858000
   0.0009018100    0.0007492500    0.0023477000
   0.0006638800    0.0006306700    0.0009849700
   0.0000641100    0.0004594700    0.0009031100
  -0.0201400600    0.0264141700   -0.0203630000
   0.0007512200    0.0006860500    0.0005020400
   0.0013335200   -0.0008911100    0.0001188900
   0.0011561400    0.0003549300    0.0002157300
   0.0037643100   -0.0688628400    0.0099807200
  -0.0028614300    0.0150680500   -0.0007490000
  -0.0027851800    0.0153876200   -0.0009788600
  -0.0030793800    0.0167883300   -0.0014932100
  -0.0028887800    0.0152574600   -0.0011949900
  -0.0026860400    0.0157441600   -0.0012818000
  -0.0028316400    0.0152616100   -0.0010755800
  -0.0030431200    0.0152112700   -0.0010820400
  -0.0186026800   -0.0037813400    0.0019640200
  -0.0193827900   -0.0035431900    0.0012077500
  -0.0184957200   -0.0042831900    0.0022156400
  -0.0188552300   -0.0043300100    0.0023067300
  -0.0198001100   -0.0039509700    0.0006771200
  -0.0184974500   -0.0039010200    0.0023949600
  -0.0186493700    0.0000314000    0.0067569100
  -0.0186715500   -0.0042745300    0.0021331200
   0.0155338800    0.0016328500    0.0005751800
   0.0156541100    0.0042565800   -0.0032978000
   0.0158812700    0.0015302000    0.0004608500
   0.0164095600    0.0052175800    0.0050768100
   0.0168309700    0.0007856000    0.0016102200
   0.0156654300    0.0018580600    0.0010571100
   0.0155287700    0.0014670000    0.0005536200
   0.0157011600    0.0013800500    0.0006139400
  -0.0006070200   -0.0156561600   -0.0020493200
   0.0047923900   -0.0126744200   -0.0014768100
   0.0034147600   -0.0132034900   -0.0010256600
  -0.0041580200   -0.0127800200   -0.0000276700
  -0.0001479700   -0.0163349300   -0.0013020700
   0.0001209200   -0.0171211900   -0.0011133800
   0.0001556000   -0.0171233100   -0.0010209600
   0.0002766900   -0.0163371000   -0.0007470400

33   
 -0.0000030982746894  -0.0099999989393975   0.0000034077475364
   0.0026972500    0.0025350300   -0.0029771900
   0.0025194600    0.0025726700   -0.0025896700
   0.0101452600   -0.0068051900   -0.0098841800
   0.0032414200    0.0022728000   -0.0027528100
   0.0027674700    0.0022930000   -0.0026159500
   0.0024710900    0.0021155100   -0.0029264700
   0.0031163800    0.0024738700   -0.0029676600
   0.0027648200    0.0024156400   -0.0028055200
   0.0024203100    0.0024365900    0.0006833700
  -0.0068153500   -0.0098279900   -0.0092020300
   0.0028279500    0.0026381900    0.0003400400
   0.0024893000    0.0024502400    0.0009959900
   0.0026714100    0.0024394600    0.0005195400
   0.0024895600    0.0022856700    0.0007184700
   0.0023914500    0.0022611700    0.0010913700
   0.0025538400    0.0021544600    0.0005680100
  -0.0114528800   -0.0112795600    0.0097970900
  -0.0009099600    0.0000597500    0.0008115000
  -0.0002058800    0.0003796400    0.0007967200
  -0.0004275100    0.0001175900    0.0007744700
  -0.0003628000   -0.0005963400   -0.0004151600
  -0.0001881000   -0.0004563000    0.0001790200
  -0.0013564000    0.0003202400    0.0005411000
  -0.0008240100   -0.0001283400    0.0000817800
   0.0008889100    0.0005372500    0.0005389300
   0.0011231300    0.0005866800   -0.0003285600
   0.0013667000    0.0007151300    0.0010308700
   0.0019656200    0.0008835600    0.0011210500
   0.0216481200   -0.0247626000    0.0218790300
   0.0012938900    0.0006657400    0.0015258000
   0.0006958700    0.0022411600    0.0019057500
   0.0008878100    0.0009852500    0.0018051300
  -0.0093475300    0.0988998600   -0.0119012000
  -0.0028844500    0.0151918600   -0.0013252800
  -0.0029576700    0.0148750300   -0.0010955700
  -0.0026642100    0.0134646300   -0.0005824700
  -0.0028496700    0.0150020500   -0.0008826000
  -0.0030538200    0.0145193300   -0.0007924400
  -0.0029103600    0.0150012700   -0.0009935500
  -0.0026980800    0.0150522000   -0.0009886700
  -0.0187877900   -0.0048671400    0.0023214500
  -0.0180500500   -0.0051043500    0.0030979400
  -0.0189217400   -0.0043634000    0.0021089900
  -0.0185655700   -0.0043155400    0.0020164600
  -0.0176222500   -0.0046321700    0.0035672200
  -0.0189291900   -0.0047453100    0.0019303000
  -0.0187920400   -0.0087152800   -0.0024960200
  -0.0187550600   -0.0043709700    0.0021849700
   0.0159479800    0.0010856200    0.0005769900
   0.0158430800   -0.0015770000    0.0044981500
   0.0156007700    0.0011892300    0.0006956000
   0.0150652300   -0.0024646300   -0.0038779000
   0.0146441800    0.0019242000   -0.0004747600
   0.0158057800    0.0008440200    0.0001057400
   0.0159549800    0.0012482100    0.0005985500
   0.0157839600    0.0013369600    0.0005394300
   0.0007975800   -0.0183606600    0.0000639000
  -0.0044817300   -0.0213792000   -0.0005171900
  -0.0032053600   -0.0209278000   -0.0009606400
   0.0044758800   -0.0213461000   -0.0019347900
   0.0004153500   -0.0177519400   -0.0006819600
   0.0001500900   -0.0169688800   -0.0008621500
   0.0001123400   -0.0169704300   -0.0009564300
  -0.0000147600   -0.0177536300   -0.0012218600

33   
 -0.0040511274774195  -0.0040494884130805   0.0081969512475081
   0.0025991800    0.0027103700   -0.0031241300
   0.0028359100    0.0023372800   -0.0025574500
  -0.0052046400    0.0095507800    0.0064435100
   0.0030258300    0.0022546100   -0.0029534000
   0.0026287600    0.0022912300   -0.0033196000
   0.0026129700    0.0021270500   -0.0032971400
   0.0031097700    0.0023615700   -0.0033460400
   0.0028098200    0.0023824900   -0.0029979700
   0.0029986100    0.0022319000    0.0007678300
   0.0017141500    0.0002683900    0.0010813700
   0.0027951400    0.0022929900    0.0004245500
   0.0025889800    0.0025112600    0.0007908300
   0.0026908400    0.0024493500    0.0003055300
   0.0025518500    0.0022218700    0.0005838700
   0.0022487900    0.0021327300    0.0006449100
   0.0028357800    0.0016439600    0.0002546500
  -0.0224282100   -0.0181713700    0.0191873200
  -0.0009350500   -0.0004898000    0.0003409000
  -0.0005174500   -0.0002322000    0.0005058400
  -0.0001867500    0.0002970000    0.0009240100
   0.0000448700   -0.0005878300   -0.0008406900
  -0.0008661400    0.0001187800   -0.0002492000
  -0.0003675400   -0.0001055700    0.0001670100
  -0.0006611900   -0.0002229400    0.0000656700
   0.0019828000    0.0021373100   -0.0004786400
   0.0004318900    0.0004331500   -0.0000263400
   0.0013743600    0.0007222500    0.0008380100
   0.0003957300    0.0002818000    0.0005182900
   0.0139610600   -0.0176851300    0.0215631000
   0.0017825600    0.0003817400    0.0012722100
   0.0004347500    0.0015772300    0.0018268600
   0.0006680900    0.0012494200    0.0020369300
   0.0252725800    0.0560382300   -0.0720286600
  -0.0029503100    0.0153863200   -0.0011901400
  -0.0029281600    0.0150400300   -0.0009675800
  -0.0033247900    0.0141667100   -0.0009296100
  -0.0031390100    0.0149578100   -0.0005006100
  -0.0029594800    0.0146049600   -0.0008731500
  -0.0029925600    0.0150288700   -0.0007486400
  -0.0028491500    0.0151299900   -0.0007915900
  -0.0231745900   -0.0062082400    0.0066982300
  -0.0163285400   -0.0045686000    0.0042272500
  -0.0189127400   -0.0042002600    0.0023192000
  -0.0188237300   -0.0044485500    0.0023381000
  -0.0171983300   -0.0056144200    0.0046679500
  -0.0188679400   -0.0043742500    0.0023727300
  -0.0185705800   -0.0023031900    0.0039252600
  -0.0187152600   -0.0043288300    0.0020996700
   0.0157724500    0.0012924700    0.0008496100
   0.0157109400   -0.0020721700    0.0046890000
   0.0155721200    0.0011404300    0.0007190200
   0.0159364500    0.0031876100    0.0021451700
   0.0163371600    0.0006691800    0.0010531100
   0.0102430000    0.0005023400    0.0055602100
   0.0154732500    0.0011663200    0.0008774600
   0.0157674000    0.0012510300    0.0004474900
  -0.0005734300   -0.0164385600   -0.0016133300
  -0.0034597900   -0.0202965000   -0.0003416600
  -0.0019750600   -0.0199325400   -0.0004842200
   0.0012891800   -0.0177993900   -0.0009050700
  -0.0000498400   -0.0175828000    0.0005185700
   0.0002277800   -0.0169950900   -0.0008083500
   0.0000702200   -0.0169058800   -0.0007779900
   0.0001653000   -0.0169647200    0.0001000000

33   
  0.0040511274774195   0.0040494884130805  -0.0081969512475081
   0.0029328600    0.0018687300   -0.0023057800
   0.0026967300    0.0022508000   -0.0028596300
   0.0109565500   -0.0053566400   -0.0121162100
   0.0025205100    0.0023474500   -0.0024690500
   0.0029025400    0.0022990700   -0.0021039300
   0.0029211700    0.0024577400   -0.0021257200
   0.0024305500    0.0022248900   -0.0020732300
   0.0027230300    0.0022068300   -0.0024204500
   0.0020431400    0.0020246700    0.0007212700
   0.0032622000    0.0039398000    0.0003926200
   0.0022356400    0.0019658700    0.0010625000
   0.0024425100    0.0017460400    0.0006995300
   0.0023609500    0.0018011500    0.0011849000
   0.0024799800    0.0020339800    0.0009061000
   0.0027801200    0.0021273300    0.0008444100
   0.0021958200    0.0026187800    0.0012350000
   0.0200151900    0.0166603200   -0.0177373900
  -0.0002585400    0.0000622500    0.0001545800
  -0.0006732500   -0.0002033300   -0.0000149300
  -0.0010088300   -0.0007336700   -0.0004340600
  -0.0012440400    0.0001652600    0.0013403600
  -0.0003220700   -0.0005563300    0.0007414700
  -0.0008224800   -0.0003334000    0.0003180100
  -0.0005319800   -0.0002099900    0.0004215100
   0.0000491200   -0.0007765600    0.0024952600
   0.0016134000    0.0009213400    0.0020421000
   0.0006555000    0.0006228200    0.0011833000
   0.0016393000    0.0010627400    0.0014967600
  -0.0123245400    0.0192121900   -0.0196887400
   0.0002505300    0.0009647400    0.0007367600
   0.0016044300   -0.0002368600    0.0001935800
   0.0013670700    0.0000929300   -0.0000337200
  -0.0294666200   -0.0244681600    0.0694312400
  -0.0027944500    0.0148730200   -0.0008830900
  -0.0028178900    0.0152216100   -0.0011057800
  -0.0024149200    0.0160897800   -0.0011432800
  -0.0026030800    0.0153011400   -0.0015716000
  -0.0027813000    0.0156517800   -0.0011996200
  -0.0027481800    0.0152331500   -0.0013209300
  -0.0028911300    0.0151316900   -0.0012781800
  -0.0143120800   -0.0024419600   -0.0023173300
  -0.0210835600   -0.0040855900    0.0000968100
  -0.0185049400   -0.0044460500    0.0020010800
  -0.0185923800   -0.0041955000    0.0019866900
  -0.0202322500   -0.0029330000   -0.0004326600
  -0.0185513300   -0.0042676700    0.0019491800
  -0.0188671800   -0.0063433500    0.0003949300
  -0.0187122600   -0.0043181100    0.0022211900
   0.0157099000    0.0014208100    0.0003053100
   0.0157769100    0.0047182500   -0.0034849800
   0.0159107900    0.0015781800    0.0004357300
   0.0155429300   -0.0004770400   -0.0010095700
   0.0151236500    0.0020397700    0.0000720400
   0.0213097800    0.0022199300   -0.0044642800
   0.0160111200    0.0015536200    0.0002781200
   0.0157206500    0.0014660500    0.0007061900
   0.0008288600   -0.0176405500   -0.0003608000
   0.0037236300   -0.0137945600   -0.0016172400
   0.0022213900   -0.0141714400   -0.0014867000
  -0.0010391800   -0.0162724600   -0.0010594700
   0.0003106700   -0.0165026900   -0.0024871700
   0.0000398700   -0.0170947100   -0.0011668800
   0.0001944600   -0.0171871300   -0.0012010000
   0.0000950400   -0.0171297500   -0.0020751100
