# File: 1    
# 1       0.0000000000000000   0.0212132034355964   0.0212132034355964
   0.0000000000   -0.0487239400   -0.0487239400
  -0.0000000000    0.0154668000    0.0154668000
   0.0134600600    0.0005326100    0.0020039700
  -0.0134600600    0.0020039700    0.0005326100
   0.0134600600    0.0020039700    0.0005326100
  -0.0134600600    0.0005326100    0.0020039700
   0.0000000000   -0.0114580900   -0.0114580900
   0.0000000000    0.0289866500    0.0289866500
  -0.0000087000   -0.0012134500   -0.0012134500
  -0.0001649000   -0.0010911400   -0.0010911400
   0.0000000000    0.0100507000   -0.0010973900
   0.0000000000   -0.0010959700    0.0074072400
   0.0000000000   -0.0010973900    0.0100507000
   0.0000000000    0.0074072400   -0.0010959700
   0.0001649000   -0.0010911400   -0.0010911400
   0.0000087000   -0.0012134500   -0.0012134500
# File: 2    
# 9       0.0000000000000000   0.0212132034355964   0.0212132034355964
   0.0000239700   -0.0012166500   -0.0012166500
   0.0000162600   -0.0010936800   -0.0010936800
   0.0000000000    0.0073631500   -0.0010371500
   0.0000000000   -0.0011709700    0.0100856100
   0.0000000000   -0.0010371500    0.0073631500
   0.0000000000    0.0100856100   -0.0011709700
  -0.0000162600   -0.0010936800   -0.0010936800
  -0.0000239700   -0.0012166500   -0.0012166500
   0.0000000000   -0.0660081400   -0.0660081400
   0.0000000000    0.0085530500    0.0085530500
   0.0032106100    0.0023388000    0.0053339100
  -0.0032106100    0.0053339100    0.0023388000
   0.0032106100    0.0053339100    0.0023388000
  -0.0032106100    0.0023388000    0.0053339100
  -0.0000000000    0.0021229200    0.0021229200
  -0.0000000000    0.0293667700    0.0293667700
