# File: 3    
# 1       0.0000000000000000   0.0212132034355964   0.0212132034355964
# 1       0.0212132034355964   0.0000000000000000   0.0212132034355964
  -0.0486465900   -0.0486465900   -0.0979518300
   0.0005282000    0.0289202100    0.0174658400
   0.0289202100    0.0005282000    0.0174658400
  -0.0114512400   -0.0114512400    0.0010655100
   0.0154543800    0.0154543800    0.0010601000
  -0.0249146800    0.0005338000   -0.0094537800
   0.0005338000   -0.0249146800   -0.0094537800
   0.0289538900    0.0289538900    0.0579031000
  -0.0012283900   -0.0012283900   -0.0024292000
   0.0097143100   -0.0010928400   -0.0021796900
  -0.0010928400    0.0097143100   -0.0021796900
  -0.0011060700   -0.0011060700    0.0122701500
  -0.0011129900   -0.0011129900    0.0231838100
  -0.0010917000    0.0077334300   -0.0021772100
   0.0077334300   -0.0010917000   -0.0021772100
  -0.0011937100   -0.0011937100   -0.0024119500
# File: 4    
# 1       0.0000000000000000   0.0212132034355964   0.0212132034355964
# 1      -0.0212132034355964   0.0000000000000000  -0.0212132034355964
   0.0487237200   -0.0487237200    0.0000000000
  -0.0005327600    0.0020039700    0.0134599200
  -0.0020039700    0.0005327600   -0.0134599200
  -0.0154663400    0.0154663400    0.0000000000
   0.0114578400   -0.0114578400    0.0000000000
  -0.0020039700    0.0005327600    0.0134599200
  -0.0005327600    0.0020039700   -0.0134599200
  -0.0289862400    0.0289862400    0.0000000000
   0.0012135800   -0.0012135800    0.0000086500
  -0.0074072200   -0.0010959200    0.0000000000
   0.0010973000    0.0100506400    0.0000000000
   0.0010909800   -0.0010909800    0.0001651900
   0.0010909800   -0.0010909800   -0.0001651900
   0.0010959200    0.0074072200    0.0000000000
  -0.0100506400   -0.0010973000    0.0000000000
   0.0012135800   -0.0012135800   -0.0000086500
# File: 5    
# 1       0.0000000000000000   0.0212132034355964   0.0212132034355964
# 2       0.0212132034355964   0.0000000000000000   0.0212132034355964
   0.0005316100   -0.0352689200   -0.0467172900
  -0.0487271700    0.0154565100   -0.0332642800
   0.0154639800   -0.0129274500    0.0025367400
   0.0020059700    0.0020032500    0.0159989900
   0.0020013600    0.0020038100   -0.0109258900
  -0.0114568000    0.0139918900    0.0025364300
   0.0289866800   -0.0114612500    0.0175254200
   0.0005329800    0.0155224600    0.0309921200
   0.0100660100   -0.0012229900   -0.0023199700
  -0.0013545200   -0.0010924500   -0.0022983500
  -0.0011103400    0.0099558000    0.0064602100
  -0.0010740300   -0.0012168200    0.0063205700
  -0.0011067200   -0.0009685800    0.0089529300
  -0.0010788000    0.0075144500    0.0088110300
  -0.0010724800   -0.0010878300   -0.0023108200
   0.0073922400   -0.0012018900   -0.0022978500
# File: 6    
# 1       0.0000000000000000   0.0212132034355964   0.0212132034355964
# 2      -0.0212132034355964   0.0000000000000000  -0.0212132034355964
  -0.0005292400   -0.0621851000   -0.0507232700
   0.0487151200    0.0154699500    0.0641877100
   0.0114574000    0.0139932200    0.0014715100
  -0.0289290600    0.0020042800   -0.0149348100
   0.0249199700    0.0020044900    0.0119904700
  -0.0154651500   -0.0129279100    0.0014711500
  -0.0289874800   -0.0114569200   -0.0404486600
  -0.0005319800    0.0424498700    0.0269846100
  -0.0074376500   -0.0012029100   -0.0001061700
   0.0010240400   -0.0011067100    0.0001157900
   0.0011145400    0.0101486400   -0.0112913300
   0.0010745200   -0.0013016000    0.0084894900
   0.0011069700   -0.0008921400    0.0111439100
   0.0010809000    0.0073031900   -0.0083531500
   0.0014023400   -0.0010767700    0.0001287000
  -0.0100152500   -0.0012235900   -0.0001259500
# File: 7    
# 1       0.0000000000000000   0.0212132034355964   0.0212132034355964
# 3       0.0000000000000000   0.0212132034355964   0.0212132034355964
   0.0134562700   -0.0481941200   -0.0467176000
  -0.0134607300    0.0174713700    0.0159994000
   0.0134562700   -0.0481941200   -0.0467176000
  -0.0134607300    0.0174713700    0.0159994000
   0.0134603500   -0.0094550000   -0.0109257800
  -0.0134611000    0.0295185800    0.0309918700
   0.0134603500   -0.0094550000   -0.0109257800
  -0.0134611000    0.0295185800    0.0309918700
  -0.0000174500    0.0088380200   -0.0023055700
  -0.0001305200   -0.0021698500    0.0063277400
  -0.0000174500    0.0088380200   -0.0023055700
  -0.0001305200   -0.0021698500    0.0063277400
   0.0001348300   -0.0022046400    0.0089442800
   0.0000183500    0.0061956400   -0.0023143400
   0.0001348300   -0.0022046400    0.0089442800
   0.0000183500    0.0061956400   -0.0023143400
# File: 8    
# 1       0.0000000000000000   0.0212132034355964   0.0212132034355964
# 3       0.0000000000000000  -0.0212132034355964  -0.0212132034355964
  -0.0134559400   -0.0492541400   -0.0507207700
   0.0134598900    0.0134639300    0.0149343700
   0.0134559400    0.0492541400    0.0507207700
  -0.0134598900   -0.0134639300   -0.0149343700
   0.0134606300    0.0134626700    0.0119907000
  -0.0134608500   -0.0284547800   -0.0269858500
  -0.0134606300   -0.0134626700   -0.0119907000
   0.0134608500    0.0284547800    0.0269858500
   0.0000012300   -0.0086195600   -0.0001218300
  -0.0001981400   -0.0000100800   -0.0111526100
  -0.0000004700    0.0112638900    0.0001105600
  -0.0001964700   -0.0000221800    0.0084820300
   0.0001981400    0.0000100800    0.0111526100
  -0.0000012300    0.0086195600    0.0001218300
   0.0001964700    0.0000221800   -0.0084820300
   0.0000004700   -0.0112638900   -0.0001105600
# File: 9    
# 1       0.0000000000000000   0.0212132034355964   0.0212132034355964
# 3       0.0212132034355964   0.0000000000000000   0.0212132034355964
   0.0154563900   -0.0487270500   -0.0332643500
   0.0020031800    0.0020061800    0.0159988400
  -0.0352690600    0.0005315700   -0.0467171500
  -0.0129274000    0.0154640100    0.0025367500
   0.0139917000   -0.0114566300    0.0025363800
   0.0155223400    0.0005330300    0.0309919700
   0.0020038100    0.0020015100   -0.0109257700
  -0.0114612500    0.0289866400    0.0175254800
  -0.0010925100   -0.0013546400   -0.0022982100
  -0.0012167300   -0.0010741500    0.0063205400
  -0.0012228600    0.0100661700   -0.0023201000
   0.0099559400   -0.0011104300    0.0064602200
   0.0075145300   -0.0010791400    0.0088111100
  -0.0012018300    0.0073920500   -0.0022978000
  -0.0009685600   -0.0011067800    0.0089529700
  -0.0010877000   -0.0010723500   -0.0023108700
# File: 10   
# 1       0.0000000000000000   0.0212132034355964   0.0212132034355964
# 3      -0.0212132034355964   0.0000000000000000  -0.0212132034355964
  -0.0154697700   -0.0487149700   -0.0641878600
  -0.0020041700    0.0289290800    0.0149346400
   0.0621851000    0.0005293100    0.0507230800
  -0.0139932200   -0.0114573500   -0.0014716700
   0.0129278600    0.0154650200   -0.0014711100
  -0.0424499000    0.0005319300   -0.0269845500
  -0.0020044400   -0.0249199300   -0.0119904300
   0.0114568400    0.0289875900    0.0404486600
   0.0010765800   -0.0014024500   -0.0001284300
   0.0008920300   -0.0011070400   -0.0111439300
   0.0012236800    0.0100152000    0.0001259400
  -0.0073031900   -0.0010806200    0.0083531600
  -0.0101486700   -0.0011147000    0.0112914800
   0.0012029600    0.0074373100    0.0001063200
   0.0013015800   -0.0010744700   -0.0084894200
   0.0011067400   -0.0010239000   -0.0001158700
# File: 11   
# 1       0.0000000000000000   0.0212132034355964   0.0212132034355964
# 3       0.0212132034355964   0.0212132034355964   0.0000000000000000
   0.0020027300   -0.0481987600   -0.0352717300
  -0.0114593200    0.0040079400    0.0154666300
  -0.0352717300   -0.0481987600    0.0020027300
  -0.0129273200    0.0040078200    0.0139923100
   0.0139923100    0.0040078200   -0.0129273200
   0.0155229500    0.0295188400    0.0020036800
   0.0154666300    0.0040079400   -0.0114593200
   0.0020036800    0.0295188400    0.0155229500
  -0.0011108400    0.0088612800   -0.0012109700
  -0.0012578000   -0.0021816600   -0.0009236900
  -0.0012109700    0.0088612800   -0.0011108400
   0.0099127200   -0.0021905100    0.0075558200
   0.0075558200   -0.0021905100    0.0099127200
  -0.0012153700    0.0061750500   -0.0010798000
  -0.0009236900   -0.0021816600   -0.0012578000
  -0.0010798000    0.0061750500   -0.0012153700
# File: 12   
# 1       0.0000000000000000   0.0212132034355964   0.0212132034355964
# 3      -0.0212132034355964  -0.0212132034355964   0.0000000000000000
  -0.0020001600   -0.0492522200   -0.0621830100
   0.0114576100    0.0269262100    0.0154676200
   0.0621830100    0.0492522200    0.0020001600
  -0.0139930400   -0.0000006700   -0.0129276500
   0.0129276500    0.0000006700    0.0139930400
  -0.0424488200   -0.0284544100    0.0020034000
  -0.0154676200   -0.0269262100   -0.0114576100
  -0.0020034000    0.0284544100    0.0424488200
   0.0010945500   -0.0086413300   -0.0012151300
   0.0009268500    0.0000000000   -0.0009268500
   0.0012110300    0.0112414800   -0.0011005700
  -0.0072630200    0.0000000000    0.0072630200
  -0.0101933700    0.0000000000    0.0101933700
   0.0012151300    0.0086413300   -0.0010945500
   0.0012530300    0.0000000000   -0.0012530300
   0.0011005700   -0.0112414800   -0.0012110300
# File: 13   
# 1       0.0000000000000000   0.0212132034355964   0.0212132034355964
# 7       0.0212132034355964   0.0000000000000000   0.0212132034355964
   0.0005347800   -0.0621859000   -0.0467171100
   0.0289864400    0.0154647700    0.0444553500
   0.0154637200    0.0139931100    0.0025370000
  -0.0249188500    0.0020037000   -0.0109252500
   0.0289276200    0.0020039500    0.0159998100
  -0.0114560700   -0.0129277900    0.0025362000
  -0.0487193400   -0.0114611700   -0.0601797300
   0.0005331200    0.0424476600    0.0309906900
   0.0074191400   -0.0012247500   -0.0023212300
  -0.0014009300   -0.0010793500   -0.0023018200
  -0.0011152700    0.0102271800    0.0090813400
  -0.0010747200   -0.0009631600    0.0063259600
  -0.0011084400   -0.0012262800    0.0089461600
  -0.0010802400    0.0072325900    0.0061800300
  -0.0010266600   -0.0011025500   -0.0023074200
   0.0100357000   -0.0012020200   -0.0022999800
# File: 14   
# 1       0.0000000000000000   0.0212132034355964   0.0212132034355964
# 7      -0.0212132034355964   0.0000000000000000  -0.0212132034355964
  -0.0005317400   -0.0352675000   -0.0507230200
  -0.0289875400    0.0154692500   -0.0135185100
   0.0114569200   -0.0129268600    0.0014712500
  -0.0020019600    0.0020037600    0.0119914700
  -0.0020064200    0.0020035600   -0.0149338800
  -0.0154647700    0.0139928200    0.0014712700
   0.0487258500   -0.0114517000    0.0372682600
  -0.0005328200    0.0155239500    0.0269865000
  -0.0100816300   -0.0012032200   -0.0001058500
   0.0010698300   -0.0010844200    0.0001191500
   0.0011123900    0.0098771600   -0.0086381100
   0.0010745400   -0.0009001600    0.0084849400
   0.0011080100   -0.0013002200    0.0111514200
   0.0010802300    0.0075850600   -0.0110204000
   0.0013558700   -0.0010959600    0.0001251600
  -0.0073767500   -0.0012255400   -0.0001296600
# File: 15   
# 1       0.0000000000000000   0.0212132034355964   0.0212132034355964
# 8       0.0212132034355964   0.0000000000000000   0.0212132034355964
   0.0289607500   -0.0487473700   -0.0197984700
   0.0005323700    0.0020052800    0.0174704800
   0.0020009000    0.0005328400   -0.0094574000
  -0.0114575100    0.0154637800    0.0010643600
   0.0154637800   -0.0114575100    0.0010643600
   0.0020052800    0.0005323700    0.0174704800
   0.0005328400    0.0020009000   -0.0094574000
  -0.0487473700    0.0289607500   -0.0197984700
  -0.0012219600   -0.0012048400   -0.0024245900
   0.0072570900   -0.0009534100   -0.0020432500
  -0.0012206600    0.0102307800   -0.0023120100
  -0.0009560700   -0.0012219800    0.0175008900
  -0.0012219800   -0.0009560700    0.0175008900
  -0.0009534100    0.0072570900   -0.0020432500
   0.0102307800   -0.0012206600   -0.0023120100
  -0.0012048400   -0.0012219600   -0.0024245900
# File: 16   
# 1       0.0000000000000000   0.0212132034355964   0.0212132034355964
# 8      -0.0212132034355964   0.0000000000000000  -0.0212132034355964
  -0.0289792200   -0.0487151100   -0.0777015100
  -0.0005325000    0.0289327700    0.0134628900
   0.0249232500    0.0005332200    0.0134617900
  -0.0154645300   -0.0114568600   -0.0000002900
   0.0114568600    0.0154645300    0.0000002900
  -0.0289327700    0.0005325000   -0.0134628900
  -0.0005332200   -0.0249232500   -0.0134617900
   0.0487151100    0.0289792200    0.0777015100
   0.0012051800   -0.0012051800    0.0000000000
  -0.0102155000   -0.0012232100   -0.0001259900
   0.0012232100    0.0102155000    0.0001259900
   0.0009646200   -0.0009646200    0.0000000000
   0.0012334000   -0.0012334000    0.0000000000
   0.0009558500    0.0072420800   -0.0001401600
  -0.0072420800   -0.0009558500    0.0001401600
   0.0012223500   -0.0012223500    0.0000000000
# File: 17   
# 1       0.0000000000000000   0.0212132034355964   0.0212132034355964
# 9       0.0212132034355964   0.0000000000000000   0.0212132034355964
  -0.0012233300   -0.0487042800   -0.0499475700
   0.0073505200    0.0154904100    0.0144514200
   0.0123726100    0.0005368400    0.0009162500
  -0.0146104700    0.0020044700    0.0106112600
   0.0124486000    0.0020058900    0.0078827300
  -0.0145564500    0.0005062200    0.0009071400
   0.0100757700   -0.0114349900   -0.0126044400
  -0.0012162000    0.0289613400    0.0277702300
  -0.0659903300   -0.0011883700   -0.0671971200
   0.0021591800    0.0021158700    0.0042394600
   0.0085096400    0.0100332000    0.0074126400
   0.0053554000   -0.0043214900    0.0097417400
   0.0053168800    0.0020837000    0.0123870700
   0.0021204200    0.0074144100    0.0010241800
   0.0025115200   -0.0042904800    0.0042519100
   0.0293762400   -0.0012127400    0.0281531000
# File: 18   
# 1       0.0000000000000000   0.0212132034355964   0.0212132034355964
# 9      -0.0212132034355964   0.0000000000000000  -0.0212132034355964
   0.0012248100   -0.0486893500   -0.0475030300
  -0.0100766900    0.0154415800    0.0166109700
   0.0145466400    0.0005581200    0.0030916600
  -0.0124396500    0.0020032800   -0.0068220800
   0.0146002800    0.0020014400   -0.0095441400
  -0.0123639600    0.0005287700    0.0031002800
  -0.0073508400   -0.0114802400   -0.0104410200
   0.0012169600    0.0289608000    0.0302011600
   0.0659740000   -0.0012376600    0.0647724800
  -0.0024904700   -0.0042977500   -0.0064211800
  -0.0085091000    0.0100651700   -0.0096070200
  -0.0053550600    0.0021300300    0.0050742000
  -0.0053162000   -0.0042783000    0.0077157100
  -0.0021200900    0.0073988900   -0.0032158100
  -0.0021824500    0.0021088600   -0.0064336400
  -0.0293581800   -0.0012136600   -0.0305785500
# File: 19   
# 1       0.0000000000000000   0.0212132034355964   0.0212132034355964
# 9       0.0000000000000000   0.0212132034355964   0.0212132034355964
   0.0000084200   -0.0499371600   -0.0499371600
  -0.0000061100    0.0143735200    0.0143735200
   0.0134845900    0.0078940000    0.0009700200
  -0.0134351200    0.0008282300    0.0106211100
   0.0134845900    0.0009700200    0.0078940000
  -0.0134351200    0.0106211100    0.0008282300
  -0.0000375000   -0.0125514200   -0.0125514200
  -0.0000255900    0.0277712300    0.0277712300
   0.0000409700   -0.0672215100   -0.0672215100
  -0.0001927600    0.0074626500    0.0074626500
   0.0031912000    0.0123776800    0.0042089000
  -0.0032294300    0.0042637200    0.0097529600
   0.0031912000    0.0042089000    0.0123776800
  -0.0032294300    0.0097529600    0.0042637200
   0.0001814800    0.0010321400    0.0010321400
   0.0000086100    0.0281539200    0.0281539200
# File: 20   
# 1       0.0000000000000000   0.0212132034355964   0.0212132034355964
# 9       0.0000000000000000  -0.0212132034355964  -0.0212132034355964
   0.0000435000   -0.0475125700   -0.0475125700
   0.0000358000    0.0165595900    0.0165595900
   0.0134344400   -0.0095552200    0.0031678500
  -0.0134841900    0.0030485100   -0.0068328400
   0.0134344400    0.0031678500   -0.0095552200
  -0.0134841900   -0.0068328400    0.0030485100
   0.0000074600   -0.0103653300   -0.0103653300
  -0.0000256600    0.0302013400    0.0302013400
  -0.0000585800    0.0647980300    0.0647980300
  -0.0001370400   -0.0096440800   -0.0096440800
  -0.0031913400    0.0077240400   -0.0064031800
   0.0032298500   -0.0064550300    0.0050617200
  -0.0031913400   -0.0064031800    0.0077240400
   0.0032298500    0.0050617200   -0.0064550300
   0.0001483300   -0.0032140600   -0.0032140600
   0.0000086700   -0.0305787900   -0.0305787900
# File: 21   
# 1       0.0000000000000000   0.0212132034355964   0.0212132034355964
# 10      0.0212132034355964   0.0000000000000000   0.0212132034355964
   0.0073734400   -0.0488789200   -0.0499131200
  -0.0012105000    0.0155163100    0.0142736200
   0.0122869700    0.0005320500    0.0121354800
  -0.0145561000    0.0020398700   -0.0005660100
   0.0123693900    0.0020413800   -0.0005663400
  -0.0145053900    0.0005230300    0.0093920500
  -0.0012135500   -0.0115054500   -0.0126961000
   0.0102244100    0.0289830400    0.0278149700
   0.0023242500    0.0019858100    0.0041094500
  -0.0661119000   -0.0010358600   -0.0670424800
   0.0052641600    0.0068039700    0.0012583200
   0.0085955400   -0.0010659900    0.0159177700
   0.0020727200   -0.0011060200    0.0121140500
   0.0053564100    0.0105586100    0.0012501000
   0.0293919800   -0.0009606800    0.0284070400
   0.0023381800   -0.0044311300    0.0041111900
# File: 22   
# 1       0.0000000000000000   0.0212132034355964   0.0212132034355964
# 10     -0.0212132034355964   0.0000000000000000  -0.0212132034355964
  -0.0100698400   -0.0485521900   -0.0473893900
   0.0012095900    0.0154665400    0.0166583500
   0.0144942700    0.0005322200   -0.0054050400
  -0.0123629200    0.0020011700    0.0016319300
   0.0145494900    0.0019310500    0.0016302100
  -0.0122865600    0.0005437400   -0.0081089400
   0.0012133700   -0.0114606400   -0.0102189900
  -0.0075081300    0.0289805900    0.0300143700
  -0.0023406900   -0.0044126500   -0.0065359900
   0.0657418500   -0.0011632900    0.0648462000
  -0.0052635400    0.0133005800   -0.0034517200
  -0.0085842100   -0.0011252300   -0.0010998400
  -0.0020627800   -0.0010886200    0.0079936400
  -0.0053554000    0.0042609800   -0.0034412700
  -0.0290549300   -0.0012187900   -0.0305853700
  -0.0023195700    0.0020045400   -0.0065381600
# File: 23   
# 1       0.0000000000000000   0.0212132034355964   0.0212132034355964
# 10      0.0000000000000000   0.0212132034355964   0.0212132034355964
   0.0000148800   -0.0498089600   -0.0498089600
   0.0000380500    0.0142510400    0.0142510400
   0.0134558300   -0.0006317300    0.0121143400
  -0.0134624700    0.0093395700   -0.0005115500
   0.0134558300    0.0121143400   -0.0006317300
  -0.0134624700   -0.0005115500    0.0093395700
  -0.0000196400   -0.0126752900   -0.0126752900
   0.0002524900    0.0278956600    0.0278956600
  -0.0000215200    0.0073402200    0.0073402200
  -0.0000361700   -0.0670958000   -0.0670958000
  -0.0032382800    0.0153827300    0.0012217000
   0.0031837700    0.0012591700    0.0127332300
  -0.0032382800    0.0012217000    0.0153827300
   0.0031837700    0.0127332300    0.0012591700
  -0.0000948300    0.0282763400    0.0282763400
  -0.0000109600    0.0009093400    0.0009093400
# File: 24   
# 1       0.0000000000000000   0.0212132034355964   0.0212132034355964
# 10      0.0000000000000000  -0.0212132034355964  -0.0212132034355964
   0.0000157800   -0.0476403600   -0.0476403600
   0.0000126200    0.0166822000    0.0166822000
   0.0134624100    0.0015662000   -0.0053820200
  -0.0134558800   -0.0080563100    0.0017073200
   0.0134624100   -0.0053820200    0.0015662000
  -0.0134558800    0.0017073200   -0.0080563100
  -0.0000313200   -0.0102415400   -0.0102415400
  -0.0002823200    0.0300718600    0.0300718600
   0.0000038200   -0.0097665200   -0.0097665200
  -0.0002930200    0.0649232100    0.0649232100
   0.0032383100    0.0047159700   -0.0034161300
  -0.0031837900   -0.0034506000    0.0020785100
   0.0032383100   -0.0034161300    0.0047159700
  -0.0031837900    0.0020785100   -0.0034506000
   0.0004240700   -0.0304549600   -0.0304549600
   0.0000282500   -0.0033368100   -0.0033368100
# File: 25   
# 1       0.0000000000000000   0.0212132034355964   0.0212132034355964
# 11      0.0212132034355964   0.0000000000000000   0.0212132034355964
  -0.0010976400   -0.0487035600   -0.0498168800
  -0.0011872500    0.0154273100    0.0256989900
   0.0122335900    0.0005647300    0.0007776400
  -0.0059732800    0.0020412700   -0.0005263900
   0.0237036900    0.0019655900   -0.0006495100
  -0.0146662000    0.0005101100    0.0007980200
  -0.0010538300   -0.0114209200   -0.0039631400
  -0.0012258200    0.0291003300    0.0277630300
   0.0085008300   -0.0012215600    0.0072964600
   0.0051330300   -0.0043306400    0.0012283800
  -0.0659843700    0.0101203000   -0.0670810100
   0.0023380700    0.0021128600    0.0127015400
   0.0023448000   -0.0043245000    0.0153225900
   0.0293628600    0.0072773600    0.0282679200
   0.0054384300    0.0021050400    0.0012708200
   0.0021330800   -0.0012237400    0.0009115500
# File: 26   
# 1       0.0000000000000000   0.0212132034355964   0.0212132034355964
# 11     -0.0212132034355964   0.0000000000000000  -0.0212132034355964
   0.0010978000   -0.0486824900   -0.0476320100
   0.0010524900    0.0155035700    0.0079549600
   0.0146853600    0.0005511500    0.0032303400
  -0.0236677600    0.0019666400    0.0017257100
   0.0059381500    0.0020399900    0.0015799100
  -0.0122539300    0.0005040000    0.0032093600
   0.0011886100   -0.0114946300   -0.0216746400
   0.0012234800    0.0288228600    0.0302058800
  -0.0085184100   -0.0012045300   -0.0097226700
  -0.0054645500    0.0021479400   -0.0034115700
   0.0659879600    0.0099651400    0.0648928100
  -0.0023365000   -0.0043055500    0.0021117500
  -0.0023452700    0.0021286100    0.0047763300
  -0.0293626400    0.0075482600   -0.0304561300
  -0.0051085200   -0.0042881500   -0.0034516800
  -0.0021162600   -0.0012028100   -0.0033383500
# File: 27   
# 1       0.0000000000000000   0.0212132034355964   0.0212132034355964
# 11      0.0000000000000000   0.0212132034355964   0.0212132034355964
   0.0000000000   -0.0385278300   -0.0499097200
   0.0000000000    0.0142511600    0.0255968800
   0.0135004600   -0.0006806400    0.0007888300
  -0.0133251300    0.0009016700   -0.0005823300
   0.0133251300    0.0009016700   -0.0005823300
  -0.0135004600   -0.0006806400    0.0007888300
   0.0000000000   -0.0124744600   -0.0037960700
   0.0000000000    0.0392104500    0.0276884000
   0.0031779800    0.0011187600    0.0040897700
  -0.0034142500    0.0042116600    0.0012626600
   0.0000000000   -0.0586389900   -0.0670202600
   0.0000000000    0.0074929800    0.0159173100
   0.0000000000    0.0009557500    0.0120073300
   0.0000000000    0.0366280300    0.0283982800
   0.0034142500    0.0042116600    0.0012626600
  -0.0031779800    0.0011187600    0.0040897700
# File: 28   
# 1       0.0000000000000000   0.0212132034355964   0.0212132034355964
# 11      0.0000000000000000  -0.0212132034355964  -0.0212132034355964
   0.0000000000   -0.0618450000   -0.0473647300
   0.0000000000    0.0165444200    0.0080469000
   0.0134717800    0.0017442500    0.0032183500
  -0.0135601000    0.0031056500    0.0016478500
   0.0135601000    0.0031056500    0.0016478500
  -0.0134717800    0.0017442500    0.0032183500
   0.0000000000   -0.0103162600   -0.0218563600
   0.0000000000    0.0214408300    0.0301368100
  -0.0031941600   -0.0035422500   -0.0065149100
   0.0030817600   -0.0063884900   -0.0034432100
   0.0000000000    0.0789265500    0.0647936700
   0.0000000000   -0.0096753900   -0.0010989900
   0.0000000000   -0.0031371300    0.0081015300
   0.0000000000   -0.0217763300   -0.0305749700
  -0.0030817600   -0.0063884900   -0.0034432100
   0.0031941600   -0.0035422500   -0.0065149100
# File: 29   
# 1       0.0000000000000000   0.0212132034355964   0.0212132034355964
# 12      0.0212132034355964   0.0000000000000000   0.0212132034355964
  -0.0011589300   -0.0485526300   -0.0414218500
  -0.0010773500    0.0155851500    0.0143784700
   0.0208198900    0.0005328400    0.0010103200
  -0.0146546200    0.0020177400   -0.0006807400
   0.0122203400    0.0019884200   -0.0006839500
  -0.0036551800    0.0005427600    0.0008059400
  -0.0010764800   -0.0116482500   -0.0125398100
  -0.0009066900    0.0289893200    0.0363496400
   0.0053427000   -0.0044363400    0.0011261000
   0.0083814200   -0.0011285000    0.0074609600
   0.0023375800    0.0132597000    0.0042001900
  -0.0660238000   -0.0011581300   -0.0558610300
   0.0293685500   -0.0012317200    0.0394032600
   0.0023338100    0.0042905500    0.0042875100
   0.0023820700   -0.0010821700    0.0010452600
   0.0053666900    0.0020312600    0.0011197300
# File: 30   
# 1       0.0000000000000000   0.0212132034355964   0.0212132034355964
# 12     -0.0212132034355964   0.0000000000000000  -0.0212132034355964
   0.0010533000   -0.0488798700   -0.0535200100
   0.0010764600    0.0153743800    0.0165529000
   0.0033605900    0.0005314300    0.0031262800
  -0.0122651100    0.0020417200    0.0017447400
   0.0146980900    0.0019671600    0.0017477600
  -0.0205499800    0.0005240000    0.0030707900
   0.0010781600   -0.0112961200   -0.0103758100
   0.0010290100    0.0289743800    0.0188566800
  -0.0053586200    0.0020084000   -0.0035505800
  -0.0087105900   -0.0010527900   -0.0096443600
  -0.0023369900    0.0068470400   -0.0063896100
   0.0660117600   -0.0010495300    0.0708940700
  -0.0293571800   -0.0009605700   -0.0192709600
  -0.0023325200    0.0105269900   -0.0064742500
  -0.0020492100   -0.0010998700   -0.0032234600
  -0.0053471700   -0.0044567400   -0.0035441900
# File: 31   
# 1       0.0000000000000000   0.0212132034355964   0.0212132034355964
# 12      0.0000000000000000   0.0212132034355964   0.0212132034355964
   0.0000000000   -0.0497078300   -0.0414190700
   0.0000000000    0.0227810600    0.0144732900
   0.0135992400   -0.0005392300    0.0009192000
  -0.0134246100    0.0007860700   -0.0006868300
   0.0134246100    0.0007860700   -0.0006868300
  -0.0135992400   -0.0005392300    0.0009192000
   0.0000000000   -0.0016824500   -0.0126499700
   0.0000000000    0.0280862800    0.0362186500
  -0.0032448400    0.0041513000    0.0011301400
   0.0030083800    0.0012314500    0.0042721800
   0.0000000000    0.0186334600    0.0074185900
   0.0000000000   -0.0671806900   -0.0559329700
   0.0000000000    0.0281369900    0.0395304700
   0.0000000000    0.0096739900    0.0010916300
  -0.0030083800    0.0012314500    0.0042721800
   0.0032448400    0.0041513000    0.0011301400
# File: 32   
# 1       0.0000000000000000   0.0212132034355964   0.0212132034355964
# 12      0.0000000000000000  -0.0212132034355964  -0.0212132034355964
   0.0000000000   -0.0478328800   -0.0535016500
   0.0000000000    0.0054142500    0.0165838300
   0.0133476500    0.0016048300    0.0030880000
  -0.0134452300    0.0032210900    0.0017504600
   0.0134452300    0.0032210900    0.0017504600
  -0.0133476500    0.0016048300    0.0030880000
   0.0000000000   -0.0185219000   -0.0104022600
   0.0000000000    0.0300007000    0.0189837900
   0.0032264200   -0.0065763700   -0.0035537200
  -0.0033366600   -0.0034121800   -0.0064486300
   0.0000000000    0.0014709900   -0.0096034700
   0.0000000000    0.0649627500    0.0709304200
   0.0000000000   -0.0303173100   -0.0193927400
   0.0000000000    0.0051486600   -0.0032701200
   0.0033366600   -0.0034121800   -0.0064486300
  -0.0032264200   -0.0065763700   -0.0035537200
# File: 33   
# 9       0.0000000000000000   0.0212132034355964   0.0212132034355964
# 1       0.0212132034355964   0.0000000000000000   0.0212132034355964
  -0.0487044200   -0.0012233400   -0.0499476000
   0.0005368200    0.0123728700    0.0009162700
   0.0154903300    0.0073504600    0.0144514600
   0.0020043500   -0.0146104000    0.0106112700
   0.0020057500    0.0124488400    0.0078827000
  -0.0114351600    0.0100757400   -0.0126044900
   0.0005062700   -0.0145564200    0.0009071000
   0.0289612700   -0.0012161500    0.0277703400
  -0.0011884500   -0.0659901900   -0.0671970600
   0.0100332500    0.0085095000    0.0074125700
   0.0021159400    0.0021591300    0.0042395200
  -0.0043213500    0.0053552700    0.0097416900
   0.0020838900    0.0053166900    0.0123870100
  -0.0042902200    0.0025115400    0.0042518700
   0.0074144600    0.0021201500    0.0010242200
  -0.0012127500    0.0293763100    0.0281531300
# File: 34   
# 9       0.0000000000000000   0.0212132034355964   0.0212132034355964
# 1      -0.0212132034355964   0.0000000000000000  -0.0212132034355964
   0.0487580500   -0.0012072600    0.0475200700
  -0.0005068700   -0.0145589200   -0.0031044300
  -0.0154893700    0.0073730400   -0.0165285200
  -0.0020047800    0.0122719100    0.0095651000
  -0.0020068400   -0.0145249500    0.0068443400
   0.0114357300    0.0100978500    0.0102661000
  -0.0005365300    0.0123693900   -0.0030945100
  -0.0290118100   -0.0012169200   -0.0302007800
   0.0011864400   -0.0660423600   -0.0648232900
  -0.0073970100    0.0085951000    0.0096916600
   0.0043075700    0.0021852800    0.0064308800
  -0.0020980700    0.0053095200   -0.0077099400
   0.0043370500    0.0053519500   -0.0050713200
  -0.0021284400    0.0024959500    0.0064141800
  -0.0100589000    0.0021247700    0.0032218400
   0.0012137900    0.0293756500    0.0305786300
# File: 35   
# 9       0.0000000000000000   0.0212132034355964   0.0212132034355964
# 1       0.0000000000000000   0.0212132034355964   0.0212132034355964
   0.0000084200   -0.0499371600   -0.0499371600
  -0.0000061100    0.0143735200    0.0143735200
   0.0134845900    0.0078940000    0.0009700200
  -0.0134351200    0.0008282300    0.0106211100
   0.0134845900    0.0009700200    0.0078940000
  -0.0134351200    0.0106211100    0.0008282300
  -0.0000375000   -0.0125514200   -0.0125514200
  -0.0000255900    0.0277712300    0.0277712300
   0.0000409700   -0.0672215100   -0.0672215100
  -0.0001927600    0.0074626500    0.0074626500
   0.0031912000    0.0123776800    0.0042089000
  -0.0032294300    0.0042637200    0.0097529600
   0.0031912000    0.0042089000    0.0123776800
  -0.0032294300    0.0097529600    0.0042637200
   0.0001814800    0.0010321400    0.0010321400
   0.0000086100    0.0281539200    0.0281539200
# File: 36   
# 9       0.0000000000000000   0.0212132034355964   0.0212132034355964
# 1       0.0000000000000000  -0.0212132034355964  -0.0212132034355964
   0.0000428700    0.0475124500    0.0475124500
   0.0000363100   -0.0165594500   -0.0165594500
  -0.0134839600    0.0068328400   -0.0030483700
   0.0134343700   -0.0031677500    0.0095552100
  -0.0134839600   -0.0030483700    0.0068328400
   0.0134343700    0.0095552100   -0.0031677500
   0.0000074300    0.0103651700    0.0103651700
  -0.0000255900   -0.0302011300   -0.0302011300
  -0.0000611300   -0.0647980300   -0.0647980300
  -0.0001426800    0.0096440300    0.0096440300
   0.0032319200   -0.0050630600    0.0064570700
  -0.0031894300    0.0064010000   -0.0077226500
   0.0032319200    0.0064570700   -0.0050630600
  -0.0031894300   -0.0077226500    0.0064010000
   0.0001483500    0.0032139200    0.0032139200
   0.0000086400    0.0305787400    0.0305787400
# File: 37   
# 9       0.0000000000000000   0.0212132034355964   0.0212132034355964
# 2       0.0212132034355964   0.0000000000000000   0.0212132034355964
   0.0005647800    0.0122337400    0.0007775900
  -0.0487036600   -0.0010975300   -0.0498168600
   0.0020411800   -0.0059732500   -0.0005263300
   0.0154271800   -0.0011872200    0.0256990200
  -0.0114211000   -0.0010538400   -0.0039631800
   0.0019654900    0.0237038400   -0.0006495000
   0.0291004000   -0.0012257500    0.0277629700
   0.0005100700   -0.0146660600    0.0007980400
   0.0101200800   -0.0659844800   -0.0670808900
  -0.0012215500    0.0085009300    0.0072963400
   0.0021129700    0.0023380000    0.0127015300
  -0.0043305000    0.0051329400    0.0012284900
   0.0021051900    0.0054383300    0.0012708300
  -0.0043240900    0.0023446300    0.0153225400
  -0.0012239200    0.0021329500    0.0009115200
   0.0072774700    0.0293627700    0.0282678900
# File: 38   
# 9       0.0000000000000000   0.0212132034355964   0.0212132034355964
# 2      -0.0212132034355964   0.0000000000000000  -0.0212132034355964
  -0.0005125900   -0.0146646400   -0.0032096100
   0.0487172700   -0.0010967100    0.0476326100
  -0.0020406900    0.0206999600   -0.0015522300
  -0.0154229700   -0.0011503700   -0.0055242200
   0.0114264300   -0.0010243200    0.0186909500
  -0.0019650200   -0.0035232000   -0.0016874100
  -0.0291201700   -0.0009563400   -0.0299388100
  -0.0005610300    0.0122315300   -0.0032318800
  -0.0074551900   -0.0660187000   -0.0649244200
   0.0012142500    0.0085869800    0.0098087100
   0.0043068300    0.0023365500   -0.0046815800
  -0.0020914200    0.0051995600    0.0034488500
   0.0043180200    0.0055546700    0.0034028200
  -0.0021033900    0.0023333100   -0.0020251100
   0.0012224400    0.0021288800    0.0033338000
  -0.0099327700    0.0293628400    0.0304575300
# File: 39   
# 9       0.0000000000000000   0.0212132034355964   0.0212132034355964
# 2       0.0000000000000000   0.0212132034355964   0.0212132034355964
   0.0000381300    0.0142508900    0.0142508900
   0.0000148300   -0.0498087700   -0.0498087700
  -0.0134622200    0.0093394500   -0.0005115400
   0.0134556500   -0.0006316900    0.0121142700
  -0.0134622200   -0.0005115400    0.0093394500
   0.0134556500    0.0121142700   -0.0006316900
   0.0002525900    0.0278954400    0.0278954400
  -0.0000197400   -0.0126751000   -0.0126751000
  -0.0000365800   -0.0670958300   -0.0670958300
  -0.0000211100    0.0073402200    0.0073402200
   0.0031837700    0.0012591700    0.0127332300
  -0.0032383800    0.0153827000    0.0012217800
   0.0031837700    0.0127332300    0.0012591700
  -0.0032383800    0.0012217800    0.0153827000
  -0.0000111200    0.0009093500    0.0009093500
  -0.0000946500    0.0282764300    0.0282764300
# File: 40   
# 9       0.0000000000000000   0.0212132034355964   0.0212132034355964
# 2       0.0000000000000000  -0.0212132034355964  -0.0212132034355964
   0.0000132100   -0.0166821500   -0.0166821500
   0.0000149700    0.0476403200    0.0476403200
   0.0134624200    0.0053820200   -0.0015662300
  -0.0134558000   -0.0017071800    0.0080564800
   0.0134624200   -0.0015662300    0.0053820200
  -0.0134558000    0.0080564800   -0.0017071800
  -0.0002822200   -0.0300717400   -0.0300717400
  -0.0000314300    0.0102415600    0.0102415600
  -0.0002958300   -0.0649233000   -0.0649233000
  -0.0000015600    0.0097665100    0.0097665100
   0.0032403300    0.0034147400   -0.0047139400
  -0.0031817500   -0.0020807200    0.0034519200
   0.0032403300   -0.0047139400    0.0034147400
  -0.0031817500    0.0034519200   -0.0020807200
   0.0000281000    0.0033368100    0.0033368100
   0.0004244000    0.0304549000    0.0304549000
# File: 41   
# 9       0.0000000000000000   0.0212132034355964   0.0212132034355964
# 3       0.0212132034355964   0.0000000000000000   0.0212132034355964
   0.0155161400   -0.0012104800    0.0142734000
   0.0020398500   -0.0145556700   -0.0005659900
  -0.0488788200    0.0073733900   -0.0499128900
   0.0005319500    0.0122869200    0.0121354600
   0.0005229900   -0.0145051000    0.0093919900
   0.0289826800    0.0102244400    0.0278147900
   0.0020413500    0.0123692900   -0.0005663700
  -0.0115054100   -0.0012135200   -0.0126958700
  -0.0010359700   -0.0661119800   -0.0670423200
  -0.0010659500    0.0085954200    0.0159177300
   0.0019859300    0.0023243400    0.0041093600
   0.0068041800    0.0052640400    0.0012583200
   0.0105586900    0.0053561100    0.0012501900
  -0.0044310400    0.0023380500    0.0041112000
  -0.0011059600    0.0020726300    0.0121140300
  -0.0009606000    0.0293921200    0.0284069800
# File: 42   
# 9       0.0000000000000000   0.0212132034355964   0.0212132034355964
# 3      -0.0212132034355964   0.0000000000000000  -0.0212132034355964
  -0.0154633700   -0.0012221600   -0.0167067200
  -0.0020122500    0.0123696800   -0.0016216100
   0.0488829500    0.0073490000    0.0478498400
  -0.0005323200   -0.0146248600    0.0080377600
  -0.0005237700    0.0124295500    0.0053271400
  -0.0289805800    0.0099655600   -0.0301448900
  -0.0020689800   -0.0145553300   -0.0016206700
   0.0114535600   -0.0012190800    0.0102632400
   0.0010329500   -0.0662054800   -0.0649759900
   0.0010578800    0.0085069400   -0.0014601000
   0.0044375600    0.0023329000    0.0065609700
  -0.0105817600    0.0053972700    0.0034190900
  -0.0067784800    0.0053080300    0.0034232700
  -0.0019876400    0.0023564300    0.0065548500
   0.0011050700    0.0021666900   -0.0052321800
   0.0009591700    0.0296448400    0.0303259900
# File: 43   
# 9       0.0000000000000000   0.0212132034355964   0.0212132034355964
# 3       0.0000000000000000   0.0212132034355964   0.0212132034355964
   0.0134988000   -0.0006806000    0.0007888400
  -0.0133236100    0.0009017800   -0.0005822400
   0.0000000000   -0.0385265000   -0.0499086100
   0.0000000000    0.0142496000    0.0255959500
   0.0000000000   -0.0124727300   -0.0037940000
   0.0000000000    0.0392087300    0.0276859500
   0.0133236100    0.0009017800   -0.0005822400
  -0.0134988000   -0.0006806000    0.0007888400
   0.0000000000   -0.0586384900   -0.0670200800
   0.0000000000    0.0074930100    0.0159172300
   0.0031777200    0.0011187500    0.0040895800
  -0.0034139900    0.0042116300    0.0012627600
   0.0034139900    0.0042116300    0.0012627600
  -0.0031777200    0.0011187500    0.0040895800
   0.0000000000    0.0009556400    0.0120081600
   0.0000000000    0.0366276100    0.0283975200
# File: 44   
# 9       0.0000000000000000   0.0212132034355964   0.0212132034355964
# 3       0.0000000000000000  -0.0212132034355964  -0.0212132034355964
  -0.0134451400   -0.0017504500   -0.0032210900
   0.0133475600   -0.0030879700   -0.0016047900
   0.0000000000    0.0535013900    0.0478330500
   0.0000000000   -0.0165836200   -0.0054142900
   0.0000000000    0.0104022300    0.0185218100
   0.0000000000   -0.0189836700   -0.0300006400
  -0.0133475600   -0.0030879700   -0.0016047900
   0.0134451400   -0.0017504500   -0.0032210900
   0.0000000000   -0.0709301500   -0.0649630100
   0.0000000000    0.0096031300   -0.0014707000
   0.0032263900    0.0035536800    0.0065764600
  -0.0033366400    0.0064485900    0.0034120800
   0.0033366400    0.0064485900    0.0034120800
  -0.0032263900    0.0035536800    0.0065764600
   0.0000000000    0.0032704100   -0.0051487500
   0.0000000000    0.0193925700    0.0303172400
# File: 45   
# 9       0.0000000000000000   0.0212132034355964   0.0212132034355964
# 4       0.0212132034355964   0.0000000000000000   0.0212132034355964
   0.0020177300   -0.0146545600   -0.0006807700
   0.0155851200   -0.0010773000    0.0143785400
   0.0005327500    0.0208200200    0.0010102900
  -0.0485528400   -0.0011588700   -0.0414217800
   0.0289891900   -0.0009065900    0.0363496100
   0.0005426900   -0.0036551500    0.0008059600
  -0.0116482600   -0.0010765100   -0.0125398000
   0.0019883300    0.0122205000   -0.0006839300
  -0.0011582000   -0.0660239800   -0.0558609900
  -0.0011284300    0.0083813200    0.0074610100
   0.0132597300    0.0023375000    0.0042001100
  -0.0044361400    0.0053428300    0.0011260200
   0.0020312200    0.0053665400    0.0011197700
   0.0042908200    0.0023335500    0.0042875500
  -0.0010821300    0.0023821000    0.0010452700
  -0.0012315800    0.0293686100    0.0394031500
# File: 46   
# 9       0.0000000000000000   0.0212132034355964   0.0212132034355964
# 4      -0.0212132034355964   0.0000000000000000  -0.0212132034355964
  -0.0019668600    0.0122196500   -0.0017513600
  -0.0155455300   -0.0011088400   -0.0165639300
  -0.0005314900   -0.0060849500   -0.0030872500
   0.0485459600   -0.0011885700    0.0618714400
  -0.0289740500   -0.0011652700   -0.0215807800
  -0.0005441100    0.0238272200   -0.0031442300
   0.0116167600   -0.0011116000    0.0103522600
  -0.0020378900   -0.0146510900   -0.0017473200
   0.0011845400   -0.0659774300   -0.0790278700
   0.0011212400    0.0083904900    0.0096404300
  -0.0042037100    0.0023371000    0.0064617400
  -0.0019837600    0.0053046200    0.0035490400
   0.0043907000    0.0053193900    0.0035526700
  -0.0133721100    0.0023444400    0.0063681400
   0.0010818000    0.0021879300    0.0031931200
   0.0012185100    0.0293569100    0.0219139100
# File: 47   
# 9       0.0000000000000000   0.0212132034355964   0.0212132034355964
# 4       0.0000000000000000   0.0212132034355964   0.0212132034355964
  -0.0134245700    0.0007860400   -0.0006868400
   0.0135990200   -0.0005392400    0.0009192100
  -0.0000000000    0.0227808300    0.0144732700
  -0.0000000000   -0.0497078500   -0.0414188500
  -0.0000000000    0.0280862700    0.0362184500
  -0.0000000000   -0.0016822200   -0.0126499700
  -0.0135990200   -0.0005392400    0.0009192100
   0.0134245700    0.0007860400   -0.0006868400
  -0.0000000000   -0.0671805600   -0.0559330400
  -0.0000000000    0.0186333600    0.0074186900
   0.0030084400    0.0012314800    0.0042722000
  -0.0032448600    0.0041512300    0.0011301200
   0.0032448600    0.0041512300    0.0011301200
  -0.0030084400    0.0012314800    0.0042722000
  -0.0000000000    0.0096741300    0.0010914800
  -0.0000000000    0.0281369900    0.0395305900
# File: 48   
# 9       0.0000000000000000   0.0212132034355964   0.0212132034355964
# 4       0.0000000000000000  -0.0212132034355964  -0.0212132034355964
   0.0134703400   -0.0032182300   -0.0017442000
  -0.0135585800   -0.0016476500   -0.0031055200
   0.0000000000   -0.0080446700   -0.0165429000
   0.0000000000    0.0473640000    0.0618450500
   0.0000000000   -0.0301343700   -0.0214378900
   0.0000000000    0.0218556300    0.0103149500
   0.0135585800   -0.0016476500   -0.0031055200
  -0.0134703400   -0.0032182300   -0.0017442000
   0.0000000000   -0.0647937800   -0.0789272700
   0.0000000000    0.0010982200    0.0096748500
   0.0030815800    0.0034430800    0.0063880600
  -0.0031940200    0.0065145500    0.0035422200
   0.0031940200    0.0065145500    0.0035422200
  -0.0030815800    0.0034430800    0.0063880600
   0.0000000000   -0.0081026400    0.0031369900
   0.0000000000    0.0305741200    0.0217751100
# File: 49   
# 9       0.0000000000000000   0.0212132034355964   0.0212132034355964
# 9       0.0212132034355964   0.0000000000000000   0.0212132034355964
  -0.0011648800   -0.0011648800   -0.0024043200
   0.0073790900   -0.0010371500   -0.0020717300
  -0.0010371500    0.0073790900   -0.0020717300
  -0.0012650600   -0.0012650600    0.0231425200
  -0.0009991300   -0.0009991300    0.0122017900
  -0.0011646500    0.0100415000   -0.0023334200
   0.0100415000   -0.0011646500   -0.0023334200
  -0.0012662900   -0.0012662900   -0.0024585000
  -0.0658842700   -0.0658842700   -0.1323994300
   0.0023315200    0.0117692400    0.0138917900
   0.0117692400    0.0023315200    0.0138917900
   0.0021200700    0.0021200700    0.0046771300
   0.0085436100    0.0085436100    0.0046700900
  -0.0010858500    0.0023396400    0.0074464200
   0.0023396400   -0.0010858500    0.0074464200
   0.0293426200    0.0293426200    0.0587046400
# File: 50   
# 9       0.0000000000000000   0.0212132034355964   0.0212132034355964
# 9      -0.0212132034355964   0.0000000000000000  -0.0212132034355964
   0.0012167000   -0.0012167000   -0.0000267200
  -0.0100879300   -0.0011682500    0.0000000000
   0.0010399300    0.0073610700    0.0000000000
   0.0010937600   -0.0010937600   -0.0000140300
   0.0010937600   -0.0010937600    0.0000140300
   0.0011682500    0.0100879300    0.0000000000
  -0.0073610700   -0.0010399300    0.0000000000
   0.0012167000   -0.0012167000    0.0000267200
   0.0660077400   -0.0660077400    0.0000000000
  -0.0023402800    0.0053341400    0.0032113900
  -0.0053341400    0.0023402800   -0.0032113900
  -0.0085495000    0.0085495000    0.0000000000
  -0.0021223500    0.0021223500    0.0000000000
  -0.0053341400    0.0023402800    0.0032113900
  -0.0023402800    0.0053341400   -0.0032113900
  -0.0293671500    0.0293671500    0.0000000000
# File: 51   
# 9       0.0000000000000000   0.0212132034355964   0.0212132034355964
# 10      0.0212132034355964   0.0000000000000000   0.0212132034355964
   0.0073451800   -0.0012279700   -0.0022687600
  -0.0012437100   -0.0010716000   -0.0023154800
  -0.0011329300    0.0073700700    0.0090105400
  -0.0011274000   -0.0011869900    0.0089931900
  -0.0010601800   -0.0010102200    0.0062650800
  -0.0010730100    0.0100841500    0.0062396400
  -0.0011883300   -0.0011150900   -0.0023043900
   0.0101038800   -0.0012042200   -0.0023722100
   0.0023360400   -0.0627931700   -0.0606678600
  -0.0660118800    0.0085410900   -0.0574640000
   0.0085445600   -0.0008722900    0.0076740600
   0.0053432300    0.0053299900    0.0108922900
   0.0053340700    0.0053338700    0.0044596800
   0.0021251800    0.0055502400    0.0076712900
   0.0293671700    0.0021168800    0.0314852900
   0.0023381200    0.0261552600    0.0347016300
# File: 52   
# 9       0.0000000000000000   0.0212132034355964   0.0212132034355964
# 10     -0.0212132034355964   0.0000000000000000  -0.0212132034355964
  -0.0100164800   -0.0012046600   -0.0000333400
   0.0012747500   -0.0010642600    0.0001281100
   0.0010035500    0.0073592600   -0.0083565800
   0.0011265300   -0.0011224700    0.0111779500
   0.0010592000   -0.0010971500    0.0084580800
   0.0012053700    0.0100931800   -0.0112978100
   0.0011575200   -0.0011226500    0.0001169800
  -0.0074268000   -0.0012284300   -0.0001915900
  -0.0023370700   -0.0692275600   -0.0713481900
   0.0659981700    0.0085683700    0.0745636700
  -0.0021206200    0.0055492200    0.0029961500
  -0.0117629200    0.0053352300   -0.0062141000
   0.0010895500    0.0053344900    0.0002150000
  -0.0085440000   -0.0008720000    0.0029951100
  -0.0293685200    0.0021264300   -0.0272466200
  -0.0023382500    0.0325730100    0.0240371600
# File: 53   
# 9       0.0000000000000000   0.0212132034355964   0.0212132034355964
# 11      0.0000000000000000   0.0212132034355964   0.0212132034355964
   0.0000259100    0.0061300900   -0.0022727200
  -0.0000264600   -0.0022540500    0.0090007300
   0.0000259100    0.0061300900   -0.0022727200
  -0.0000264600   -0.0022540500    0.0090007300
   0.0000277400   -0.0021409600    0.0062650900
  -0.0000254700    0.0088917700   -0.0023681400
   0.0000277400   -0.0021409600    0.0062650900
  -0.0000254700    0.0088917700   -0.0023681400
   0.0032109800   -0.0636749800   -0.0606761700
  -0.0032131200    0.0138861500    0.0108924600
   0.0032109800   -0.0636749800   -0.0606761700
  -0.0032131200    0.0138861500    0.0108924600
   0.0032122400    0.0074579200    0.0044601000
  -0.0032118200    0.0317040700    0.0346986600
   0.0032122400    0.0074579200    0.0044601000
  -0.0032118200    0.0317040700    0.0346986600
# File: 54   
# 9       0.0000000000000000   0.0212132034355964   0.0212132034355964
# 11      0.0000000000000000  -0.0212132034355964  -0.0212132034355964
   0.0000239800   -0.0112835800   -0.0000270300
   0.0000564600   -0.0000640500   -0.0084577400
   0.0000238900    0.0085958700    0.0001957600
   0.0000580300   -0.0000870600    0.0111714800
  -0.0000564600    0.0000640500    0.0084577400
  -0.0000239800    0.0112835800    0.0000270300
  -0.0000580300    0.0000870600   -0.0111714800
  -0.0000238900   -0.0085958700   -0.0001957600
  -0.0032136300   -0.0683421300   -0.0713383300
   0.0032073400    0.0032211600    0.0062159100
   0.0032136300    0.0683421300    0.0713383300
  -0.0032073400   -0.0032211600   -0.0062159100
   0.0032120700    0.0032122500    0.0002141600
  -0.0032111700   -0.0270299200   -0.0240399400
  -0.0032120700   -0.0032122500   -0.0002141600
   0.0032111700    0.0270299200    0.0240399400
# File: 55   
# 9       0.0000000000000000   0.0212132034355964   0.0212132034355964
# 11      0.0212132034355964   0.0000000000000000   0.0212132034355964
  -0.0010740800   -0.0012444100   -0.0023133200
  -0.0011873700   -0.0011296300    0.0089939900
  -0.0012302500    0.0073449900   -0.0022663500
   0.0073694500   -0.0011353200    0.0090109400
   0.0100849400   -0.0010705600    0.0062394700
  -0.0012019900    0.0101043300   -0.0023746700
  -0.0010099400   -0.0010579200    0.0062644900
  -0.0011127400   -0.0011876400   -0.0023066800
   0.0085413700   -0.0660124400   -0.0574638600
   0.0053297300    0.0053430100    0.0108926900
  -0.0627933200    0.0023358300   -0.0606682600
  -0.0008728000    0.0085448400    0.0076743000
   0.0055506700    0.0021247800    0.0076710100
   0.0261554200    0.0023383000    0.0347019800
   0.0053343000    0.0053341800    0.0044591700
   0.0021166000    0.0293676700    0.0314850900
# File: 56   
# 9       0.0000000000000000   0.0212132034355964   0.0212132034355964
# 11     -0.0212132034355964   0.0000000000000000  -0.0212132034355964
   0.0011225500   -0.0011588200   -0.0001163600
   0.0010985500   -0.0010598400   -0.0084567200
   0.0012277700    0.0074282100    0.0001916900
  -0.0100945900   -0.0012054400    0.0112964000
  -0.0073579500   -0.0010034100    0.0083580000
   0.0012052900    0.0100151200    0.0000332100
   0.0011211400   -0.0011259000   -0.0111792800
   0.0010644100   -0.0012733800   -0.0001287400
  -0.0085684700   -0.0659980900   -0.0745637500
  -0.0053351400    0.0117630500    0.0062140700
   0.0692275200    0.0023371800    0.0713479900
  -0.0055491600    0.0021206100   -0.0029963000
   0.0008720000    0.0085440200   -0.0029949000
  -0.0325729000    0.0023380700   -0.0240370500
  -0.0053346300   -0.0010897600   -0.0002149300
  -0.0021263900    0.0293683900    0.0272466700
# File: 57   
# 9       0.0000000000000000   0.0212132034355964   0.0212132034355964
# 11      0.0212132034355964   0.0212132034355964   0.0000000000000000
  -0.0010218300    0.0061264300   -0.0012250200
  -0.0010688700   -0.0021875800   -0.0011177500
  -0.0012250200    0.0061264300   -0.0010218300
   0.0074180800   -0.0022063300    0.0100366100
   0.0100366100   -0.0022063300    0.0074180800
  -0.0012091300    0.0088936300   -0.0011847200
  -0.0011177500   -0.0021875800   -0.0010688700
  -0.0011847200    0.0088936300   -0.0012091300
   0.0053324000   -0.0636727300   -0.0627993500
   0.0021189300    0.0106750200    0.0085519700
  -0.0627993500   -0.0636727300    0.0053324000
  -0.0008705700    0.0106679900    0.0055512900
   0.0055512900    0.0106679900   -0.0008705700
   0.0261543000    0.0317035600    0.0053336600
   0.0085519700    0.0106750200    0.0021189300
   0.0053336600    0.0317035600    0.0261543000
# File: 58   
# 9       0.0000000000000000   0.0212132034355964   0.0212132034355964
# 11     -0.0212132034355964  -0.0212132034355964   0.0000000000000000
   0.0012049300   -0.0112802200   -0.0012079100
   0.0011004200    0.0000000000   -0.0011004200
   0.0012238100    0.0085994800   -0.0010042600
  -0.0101403600    0.0000000000    0.0101403600
  -0.0073108800    0.0000000000    0.0073108800
   0.0012079100    0.0112802200   -0.0012049300
   0.0010874500    0.0000000000   -0.0010874500
   0.0010042600   -0.0085994800   -0.0012238100
  -0.0053351000   -0.0683427100   -0.0692193700
  -0.0021258200    0.0064309300    0.0085542400
   0.0692193700    0.0683427100    0.0053351000
  -0.0055474600   -0.0000021700   -0.0008734600
   0.0008734600    0.0000021700    0.0055474600
  -0.0325755000   -0.0270286900    0.0053322400
  -0.0085542400   -0.0064309300    0.0021258200
  -0.0053322400    0.0270286900    0.0325755000
# File: 59   
# 9       0.0000000000000000   0.0212132034355964   0.0212132034355964
# 15      0.0212132034355964   0.0000000000000000   0.0212132034355964
   0.0101082500   -0.0012090000   -0.0023767900
  -0.0011983700   -0.0011300700   -0.0023191900
  -0.0010486900    0.0072704000    0.0062711000
  -0.0010858400   -0.0011298900    0.0090086800
  -0.0011022500   -0.0010697000    0.0062542600
  -0.0011598400    0.0101857200    0.0089797700
  -0.0012339400   -0.0010576900   -0.0023009600
   0.0073404000   -0.0012241700   -0.0022643500
   0.0023382300   -0.0692185500   -0.0606785900
   0.0293644900    0.0085501500    0.0379162700
   0.0085464000    0.0055500300    0.0076722600
  -0.0010865100    0.0053332500    0.0044613100
   0.0117646200    0.0053318700    0.0108915500
   0.0021233300   -0.0008717600    0.0076718800
  -0.0660083800    0.0021121400   -0.0638881300
   0.0023381000    0.0325772800    0.0347009400
# File: 60   
# 9       0.0000000000000000   0.0212132034355964   0.0212132034355964
# 15     -0.0212132034355964   0.0000000000000000  -0.0212132034355964
  -0.0073322800   -0.0012242700   -0.0001868700
   0.0012293500   -0.0011083900    0.0001322500
   0.0011788000    0.0074583300   -0.0110684800
   0.0010849100   -0.0012411200    0.0111623700
   0.0011017200   -0.0009781500    0.0084680700
   0.0010288800    0.0099919800   -0.0085908300
   0.0012040900   -0.0010782600    0.0001137700
  -0.0101144100   -0.0012088300   -0.0000383000
  -0.0023409300   -0.0627999200   -0.0713351000
  -0.0293711600    0.0085595600   -0.0208154700
  -0.0021221100   -0.0008731600    0.0029972900
  -0.0053318400    0.0053323800    0.0002169200
  -0.0053405600    0.0053370900   -0.0062153800
  -0.0085424100    0.0055495900    0.0029938400
   0.0660054600    0.0021301700    0.0681300500
  -0.0023375000    0.0261530100    0.0240358600
# File: 61   
# 9       0.0000000000000000   0.0212132034355964   0.0212132034355964
# 16      0.0212132034355964   0.0000000000000000   0.0212132034355964
  -0.0011903400   -0.0012417300   -0.0024316900
   0.0101134000   -0.0012222700   -0.0023893100
  -0.0009626400    0.0073582600   -0.0019993100
  -0.0011640400   -0.0010347400    0.0174796100
  -0.0010347400   -0.0011640400    0.0174796100
  -0.0012222700    0.0101134000   -0.0023893100
   0.0073582600   -0.0009626400   -0.0019993100
  -0.0012417300   -0.0011903400   -0.0024316900
   0.0293477200   -0.0660253600   -0.0366678100
   0.0023352900    0.0053450100    0.0138841000
   0.0053349500    0.0023370700    0.0074506600
   0.0021233700    0.0085460500    0.0046737600
   0.0085460500    0.0021233700    0.0046737600
   0.0053450100    0.0023352900    0.0138841000
   0.0023370700    0.0053349500    0.0074506600
  -0.0660253600    0.0293477200   -0.0366678100
# File: 62   
# 9       0.0000000000000000   0.0212132034355964   0.0212132034355964
# 16     -0.0212132034355964   0.0000000000000000  -0.0212132034355964
   0.0012419400   -0.0012419400    0.0000000000
  -0.0073470400   -0.0009625000    0.0000744300
   0.0009625000    0.0073470400   -0.0000744300
   0.0013021100   -0.0013021100    0.0000000000
   0.0009105100   -0.0009105100    0.0000000000
   0.0012222700    0.0101018200    0.0000537300
  -0.0101018200   -0.0012222700   -0.0000537300
   0.0011916400   -0.0011916400    0.0000000000
  -0.0293621300   -0.0660002600   -0.0953722200
  -0.0023412200    0.0117635600    0.0032196300
   0.0010903800    0.0023386300    0.0032144500
  -0.0085469500    0.0021202600    0.0000006500
  -0.0021202600    0.0085469500   -0.0000006500
  -0.0117635600    0.0023412200   -0.0032196300
  -0.0023386300   -0.0010903800   -0.0032144500
   0.0660002600    0.0293621300    0.0953722200
