# File: 1    
# 1       0.0122546968999545   0.0122546986644485   0.0244876451406380
  -0.0631689700   -0.0643298500   -0.1152959900
  -0.0000621900   -0.0000343500   -0.0002195800
   0.0000990400    0.0000549800   -0.0002163900
   0.0003167400    0.0003185200   -0.0009097700
   0.0004331100    0.0002688400    0.0004001600
  -0.0001252500    0.0004027300    0.0003602000
   0.0002505900   -0.0001783800    0.0002532800
  -0.0000516600   -0.0000105500    0.0000517800
   0.0004760800    0.0002053700    0.0004181100
  -0.0032662400    0.0017848100    0.0029115400
  -0.0001753400   -0.0000889500    0.0003703200
  -0.0004987200    0.0005410300    0.0000443700
  -0.0006473300   -0.0020795600    0.0011291100
   0.0006421100    0.0007394000    0.0017912300
   0.0001121300    0.0003589000    0.0002489500
   0.0003972700   -0.0003181200    0.0005488700
   0.0044497500    0.0034840100   -0.0062247200
   0.0013990700   -0.0020374800   -0.0042413300
  -0.0014198400    0.0026801300   -0.0043156600
  -0.0002954100    0.0006138700   -0.0023125500
  -0.0000401900   -0.0000499600    0.0001379300
  -0.0010219400    0.0002383300    0.0005620600
   0.0000393000   -0.0003193700    0.0005764900
   0.0001628000   -0.0001197300    0.0001312300
  -0.0005806000    0.0014487400   -0.0000358200
   0.0004194700   -0.0001797400    0.0008802400
   0.0075497200   -0.0084293200    0.0073559600
   0.0002076800   -0.0012560900    0.0004374000
  -0.0045739400   -0.0033066400    0.0035442000
   0.0005545600    0.0007457200    0.0004242700
   0.0026818100    0.0040668500    0.0041419300
  -0.0010972000   -0.0002324000    0.0004555200
   0.0504564200    0.0716588500    0.0556821400
  -0.0009616800   -0.0001306900    0.0001619100
  -0.0000569400   -0.0010516200    0.0001882500
   0.0000174000    0.0003374200   -0.0009683300
  -0.0003580900   -0.0008486300   -0.0012640500
  -0.0001387800    0.0003890700   -0.0019567200
  -0.0001127000    0.0002263800   -0.0012386700
  -0.0003335800   -0.0002209700   -0.0006334700
  -0.0009748900   -0.0019758500   -0.0005777200
   0.0003095100    0.0004706900   -0.0008994700
   0.0007267100   -0.0003285100   -0.0008171600
  -0.0003285500    0.0023421800    0.0014669600
   0.0006936700    0.0006356800   -0.0006867500
   0.0006704000   -0.0004382200   -0.0014129300
   0.0001395000   -0.0005531700   -0.0014166200
   0.0001710500    0.0000213400   -0.0006144200
  -0.0001695900   -0.0006692300    0.0006841900
   0.0007670600   -0.0012936400   -0.0009819800
   0.0004016800    0.0000335100   -0.0000771600
  -0.0008480900   -0.0007078600    0.0007144500
  -0.0008971100   -0.0008164000    0.0011260400
   0.0343969300   -0.0236605800    0.0280705900
   0.0010789400   -0.0016000900    0.0005446400
  -0.0001219000   -0.0005825200    0.0004183700
   0.0000771500    0.0004843300    0.0008318000
  -0.0000338200   -0.0005231100    0.0004834100
  -0.0003766900    0.0013229400    0.0002048900
   0.0006144500   -0.0000341800    0.0001851700
  -0.0003359600   -0.0005433700    0.0016235300
  -0.0012018100    0.0010265700    0.0007695200
  -0.0269762000    0.0216527000    0.0260996200
   0.0005390600    0.0003952200    0.0008866400
# File: 2    
# 1      -0.0122546968999545  -0.0122546986644485  -0.0244876451406380
   0.0524156400    0.0512647200    0.1093425500
   0.0000228600    0.0000035500    0.0002007400
  -0.0001214900   -0.0001021500    0.0002015900
  -0.0003699900   -0.0003678800    0.0009119600
  -0.0004864200   -0.0003280300   -0.0004611000
   0.0000868200   -0.0004399000   -0.0003528300
  -0.0002651800    0.0001229500   -0.0002514100
   0.0000210900   -0.0000271600   -0.0000875600
  -0.0005500700   -0.0002149100   -0.0004029300
   0.0033207200   -0.0018199000   -0.0028734100
   0.0001263700    0.0000792200   -0.0003547000
   0.0005024400   -0.0005378800   -0.0000078600
   0.0005873100    0.0020764000   -0.0010930600
  -0.0006503900   -0.0006903300   -0.0018239700
  -0.0001534600   -0.0003370900   -0.0002173500
  -0.0004574700    0.0003088400   -0.0005300200
  -0.0044463100   -0.0034848500    0.0064140500
  -0.0014342700    0.0020902500    0.0042936700
   0.0014448500   -0.0026582800    0.0043864100
   0.0002777400   -0.0006539400    0.0022844100
   0.0000416700    0.0000967700   -0.0001276600
   0.0010726800   -0.0002155900   -0.0005601000
  -0.0000686500    0.0004662600   -0.0005901400
  -0.0001256100    0.0001469900   -0.0001339200
   0.0006119300   -0.0014735700    0.0000145800
  -0.0003908200    0.0002048000   -0.0009115400
  -0.0076146900    0.0088355000   -0.0073796300
  -0.0002240900    0.0014727300   -0.0003855200
   0.0046792600    0.0032959200   -0.0036413900
  -0.0005215600   -0.0007675300   -0.0004172200
  -0.0026066900   -0.0040592600   -0.0042241100
   0.0011326300    0.0002572800   -0.0004458400
  -0.0414503100   -0.0606844700   -0.0478518800
   0.0000872800   -0.0000011500   -0.0015220900
  -0.0008032300    0.0009641500   -0.0015678100
  -0.0008458300   -0.0003804900   -0.0004315300
  -0.0005720800    0.0007325600   -0.0001342200
  -0.0007082100   -0.0004718500    0.0005613800
  -0.0007218400   -0.0003529900   -0.0000903600
  -0.0005486400    0.0001301500   -0.0007210500
   0.0017969200    0.0019554300   -0.0008803500
   0.0004304000   -0.0005101000   -0.0004626400
   0.0001223000    0.0001794200   -0.0005509900
   0.0016609700   -0.0019823600   -0.0036368900
   0.0000858400   -0.0007170200   -0.0007422600
   0.0000649200    0.0003233200   -0.0000317000
   0.0005840900    0.0004683600    0.0000263000
   0.0006047500   -0.0001013700   -0.0007973600
   0.0002549400   -0.0000778700    0.0006966000
  -0.0007132700    0.0006095700    0.0025037100
  -0.0002247100   -0.0007998500    0.0014164900
   0.0009238700   -0.0001120000    0.0007727900
   0.0010188700    0.0001092600    0.0002380300
  -0.0368047000    0.0258337600   -0.0281819200
  -0.0010255200    0.0008634400    0.0009114600
   0.0002163600   -0.0002138500    0.0009426700
   0.0000195600    0.0004320600    0.0005373300
   0.0001037600    0.0014179600    0.0008862800
   0.0005950500   -0.0005591800    0.0012967300
  -0.0005546200    0.0009628600    0.0011845000
   0.0003753600    0.0014792400   -0.0003291200
   0.0013424500   -0.0001444000    0.0006244300
   0.0293712800   -0.0223543700   -0.0258851700
  -0.0005429200    0.0004578500    0.0004419300
# File: 3    
# 9       0.0122546968999545   0.0122546986644485   0.0244876451406380
  -0.0001484100    0.0004060100    0.0006037500
   0.0003744900    0.0017172200    0.0010608300
   0.0001010200    0.0000504700    0.0001401500
  -0.0017776600   -0.0018062400    0.0018066400
  -0.0006018500   -0.0007711600    0.0004360800
   0.0029841600   -0.0029346100    0.0024610500
  -0.0001068600    0.0000462000    0.0004584400
   0.0002376700    0.0003115500    0.0002777300
  -0.0583229300   -0.0578896700   -0.1269960300
  -0.0002931400   -0.0001764900    0.0001628200
  -0.0002007400   -0.0002835400    0.0001632000
   0.0004489300    0.0004635800   -0.0006100100
  -0.0000247800   -0.0000319800    0.0007991300
  -0.0000017400    0.0003427300    0.0007570600
   0.0003001100    0.0000660700    0.0007736500
  -0.0002274800   -0.0002663200    0.0006183400
   0.0022035100    0.0009776200    0.0019389000
  -0.0019556500   -0.0028596800    0.0018517700
   0.0005802600   -0.0002588700    0.0001732200
   0.0000309300    0.0000027300    0.0001279500
  -0.0048130400    0.0042982000    0.0036000000
   0.0004158100    0.0001987800    0.0000196000
  -0.0009899700    0.0000680200    0.0002707500
   0.0001136500   -0.0003030500    0.0002576100
   0.0041587700   -0.0032973600   -0.0062805700
   0.0074124700    0.0075052900   -0.0096775800
   0.0003997400    0.0001298400   -0.0027360300
  -0.0031124900    0.0036134600   -0.0059560200
  -0.0014290900   -0.0002415600    0.0010558700
   0.0003326000    0.0002136900    0.0006539600
   0.0000964800   -0.0000853700    0.0006432000
  -0.0003239700   -0.0013971500    0.0010200300
  -0.0009538200   -0.0005296600   -0.0011600200
  -0.0217162000    0.0250103600    0.0341200900
  -0.0008095200   -0.0002393100   -0.0000666800
  -0.0006804100    0.0003470900   -0.0012427100
   0.0000843200   -0.0003996800   -0.0017867200
  -0.0009464100    0.0011633000   -0.0021399300
  -0.0001738500   -0.0000999800   -0.0013541000
  -0.0005955400   -0.0000204100   -0.0009512000
   0.0208496900   -0.0216106300    0.0328806100
   0.0007415700   -0.0003246100   -0.0011060600
  -0.0001067700   -0.0005067800   -0.0009397300
  -0.0002037000   -0.0001748500    0.0000091800
   0.0013258800   -0.0009178100   -0.0022335000
   0.0002531100   -0.0002440100   -0.0009922100
  -0.0001738500    0.0002784300   -0.0014217000
   0.0003673300    0.0001279600   -0.0014516300
   0.0547351800    0.0486625300    0.0726615000
   0.0003069200   -0.0000821300    0.0006119600
   0.0005674700   -0.0003697800    0.0003442000
  -0.0005289500   -0.0007973400    0.0013403300
  -0.0001169300   -0.0006752000    0.0001074200
   0.0008208100    0.0000834600   -0.0009349600
   0.0005828800    0.0002137400   -0.0007897700
   0.0001877500   -0.0002582500    0.0004815100
   0.0007297800   -0.0002975700    0.0002531700
  -0.0005429500    0.0001628600    0.0013621700
   0.0005884300    0.0004124900    0.0046575500
  -0.0003878900    0.0008967200    0.0000733100
  -0.0000476300    0.0001671200    0.0000868800
   0.0005631800    0.0012098400   -0.0006042800
  -0.0000739000    0.0004916700    0.0003693700
  -0.0005068000    0.0005120300   -0.0000595700
# File: 4    
# 9      -0.0122546968999545  -0.0122546986644485  -0.0244876451406380
   0.0001373600   -0.0004435900   -0.0006385600
  -0.0003645200   -0.0018019500   -0.0010816700
  -0.0001292300   -0.0000952400   -0.0001449200
   0.0018206700    0.0017937600   -0.0018660600
   0.0005672500    0.0008056100   -0.0004427200
  -0.0029659200    0.0029770600   -0.0024784300
   0.0000758000   -0.0001001900   -0.0004895800
  -0.0002847500   -0.0003540000   -0.0003026300
   0.0460592800    0.0464938700    0.1210740600
   0.0002670100    0.0001865000   -0.0001433300
   0.0001776100    0.0002855500   -0.0001438000
  -0.0005160700   -0.0005014800    0.0006442400
  -0.0000050200    0.0000444000   -0.0007898600
  -0.0000364000   -0.0003599100   -0.0007410500
  -0.0003469700   -0.0000797800   -0.0007519200
   0.0001949600    0.0002672500   -0.0005981900
  -0.0022556300   -0.0009027100   -0.0019997400
   0.0019848200    0.0029746700   -0.0018646600
  -0.0005832800    0.0003163000   -0.0001557000
  -0.0000921600    0.0000025500   -0.0000914900
   0.0050009400   -0.0042507700   -0.0035815100
  -0.0004311300   -0.0001673000   -0.0000352700
   0.0011141100   -0.0000800700   -0.0002058700
  -0.0001561700    0.0003701000   -0.0002363700
  -0.0042572700    0.0033288900    0.0064632200
  -0.0074182700   -0.0074905200    0.0098889500
  -0.0004908300   -0.0002057400    0.0024952600
   0.0031283800   -0.0036978700    0.0060988100
   0.0015582700    0.0002575600   -0.0010712200
  -0.0003435200   -0.0002152000   -0.0006515200
  -0.0000965600    0.0001075800   -0.0006608800
   0.0003460800    0.0014905600   -0.0010339400
   0.0000161700    0.0004118400   -0.0002127800
   0.0238503100   -0.0272955100   -0.0378161600
   0.0000145100    0.0001227500   -0.0013184200
  -0.0001444600   -0.0003050600   -0.0002351800
  -0.0009583900    0.0003117200    0.0004549700
   0.0000982600   -0.0013262200    0.0008101500
  -0.0007089000    0.0000299000   -0.0000209100
  -0.0002458800   -0.0000716300   -0.0004358200
  -0.0219930600    0.0242567000   -0.0364059600
   0.0000936700    0.0002460600   -0.0004142400
   0.0008146500    0.0003727600   -0.0004834000
   0.0009474100    0.0001730400   -0.0014158000
  -0.0006452500    0.0009243500    0.0008977700
   0.0004976000    0.0001944700   -0.0004164400
   0.0009308000   -0.0003618300    0.0000411400
   0.0003769000   -0.0002120600    0.0000643100
  -0.0443404100   -0.0394497100   -0.0604353200
  -0.0003046000   -0.0006448400    0.0008183400
  -0.0005068700   -0.0004245500    0.0011122800
   0.0007552400    0.0001646100    0.0000318900
   0.0001590000   -0.0000898700    0.0012040000
  -0.0007434900   -0.0008137200    0.0023639000
  -0.0004879200   -0.0009528700    0.0021964200
  -0.0000898900   -0.0004806100    0.0009315700
  -0.0007121100    0.0012714300    0.0011274400
   0.0007334700    0.0008076400   -0.0000034700
   0.0000989500    0.0010986400   -0.0039341700
   0.0005336600   -0.0000437700    0.0013313500
   0.0000987300    0.0007094300    0.0012564800
  -0.0005078700   -0.0003450700    0.0020079700
   0.0001399200    0.0003823600    0.0010118900
   0.0005710200    0.0003837400    0.0014225300
# File: 5    
# 17      0.0122546968999545   0.0122546986644485   0.0244876451406380
   0.0001436200   -0.0000618700   -0.0024144200
  -0.0018437600    0.0021707300   -0.0047655900
   0.0020840900   -0.0019101000   -0.0038330800
   0.0043093400    0.0039019500   -0.0062244900
  -0.0002110700    0.0000700800    0.0001297900
   0.0002125700   -0.0010568400    0.0005558900
  -0.0003977500    0.0000401100    0.0005758100
  -0.0000220900    0.0000106100    0.0001308300
   0.0039012500   -0.0046094700    0.0039873800
   0.0004060700   -0.0013880800   -0.0000888400
  -0.0001909700    0.0003959200    0.0002157100
  -0.0000198500    0.0001362700    0.0001032200
   0.0006695000    0.0018836700    0.0020032800
  -0.0002849500    0.0002520600    0.0003550900
  -0.0026060200   -0.0015821500    0.0018422500
   0.0000020100    0.0004158800   -0.0000473500
  -0.0832714900   -0.0820349900   -0.1347698300
   0.0005343000   -0.0001060700   -0.0004921600
   0.0002362100    0.0009233200   -0.0004910700
   0.0004072900    0.0004256500   -0.0039106200
   0.0010564700    0.0004522100    0.0019758800
   0.0000426600    0.0016626400    0.0015265100
   0.0009881100   -0.0001294700    0.0011158300
  -0.0006829700   -0.0004890700    0.0006269500
  -0.0154454000    0.0153978900    0.0155335600
   0.0020880400   -0.0009019400    0.0000086200
  -0.0034286400   -0.0010707000    0.0018438600
  -0.0001178100    0.0013664600    0.0017858700
   0.0095790900    0.0031267400    0.0099686100
  -0.0066844100   -0.0091523600    0.0071947700
  -0.0002507700   -0.0011359700    0.0007651800
   0.0020270500    0.0010950000    0.0010096900
   0.0079808400    0.0048069400   -0.0008160300
  -0.0001312200   -0.0016632200   -0.0019692200
  -0.0000381000   -0.0017613200   -0.0010749000
  -0.0029317100   -0.0018530300    0.0004449600
  -0.0004529700    0.0001811500   -0.0006646300
  -0.0006104900   -0.0002664800   -0.0007427200
  -0.0011313700   -0.0003066600   -0.0022049900
   0.0005033100    0.0011226900   -0.0012796300
   0.0837808400    0.0591676000    0.0601507400
   0.0001075900    0.0013694400   -0.0002883500
   0.0007244800    0.0002917200   -0.0004545800
   0.0014918000    0.0003775600   -0.0010172400
  -0.0006872200   -0.0009146700   -0.0021522400
   0.0010883400   -0.0000217900   -0.0023375000
   0.0001945600    0.0009074700   -0.0018675400
   0.0004788300   -0.0002313300   -0.0009322200
  -0.0018234400   -0.0000469900   -0.0009860900
   0.0012753100   -0.0020865000   -0.0008132200
  -0.0001836700   -0.0007585900    0.0007908200
   0.0009087900   -0.0005582900    0.0006655400
  -0.0247159500    0.0409425000    0.0313184200
  -0.0012335900   -0.0006619900    0.0006989000
  -0.0021849200   -0.0007337600    0.0000767300
  -0.0011483200    0.0013219900    0.0010942500
   0.0011863400   -0.0010233900   -0.0022773800
  -0.0006059400   -0.0000514700    0.0003988200
  -0.0007457700    0.0007811000    0.0001868300
  -0.0007107300    0.0008050500    0.0012416800
   0.0236318400   -0.0266729500    0.0263431800
   0.0008109900    0.0002263200    0.0006054000
   0.0008533700    0.0006608100    0.0004920200
   0.0010884500   -0.0014480200    0.0011530400
# File: 6    
# 17     -0.0122546968999545  -0.0122546986644485  -0.0244876451406380
  -0.0002029800    0.0000433800    0.0024000300
   0.0018176800   -0.0022495700    0.0047870900
  -0.0021244300    0.0018767800    0.0038308800
  -0.0042496200   -0.0038663500    0.0061771600
   0.0001782500   -0.0000962000   -0.0001459700
  -0.0002415900    0.0010365900   -0.0005724200
   0.0003869500   -0.0000703400   -0.0005967800
  -0.0000025600   -0.0000360500   -0.0001454700
  -0.0038668600    0.0046323000   -0.0038864400
  -0.0004416900    0.0013769600    0.0000992400
   0.0001420500   -0.0004244700   -0.0001894200
  -0.0000179100   -0.0001330200   -0.0000691800
  -0.0006569300   -0.0019009900   -0.0020121500
   0.0002423300   -0.0002613400   -0.0003386100
   0.0025445300    0.0015546500   -0.0018286200
  -0.0000193900   -0.0004286600    0.0000674100
   0.0697825400    0.0709986300    0.1286309500
  -0.0005453500    0.0001469900    0.0005048300
  -0.0002411800   -0.0008885500    0.0005059500
  -0.0004281800   -0.0004098300    0.0039271600
  -0.0011027700   -0.0004230100   -0.0020029200
  -0.0000541300   -0.0016091900   -0.0014989200
  -0.0009994700    0.0001326100   -0.0010879300
   0.0006753800    0.0005105800   -0.0006305700
   0.0156491900   -0.0151848600   -0.0152893000
  -0.0021042700    0.0008931900   -0.0000272100
   0.0033774500    0.0010322800   -0.0019183900
   0.0001303200   -0.0013725700   -0.0017705100
  -0.0097747000   -0.0029073100   -0.0101532800
   0.0066446500    0.0091022200   -0.0072650000
   0.0002531100    0.0011273800   -0.0007871300
  -0.0020048100   -0.0010822100   -0.0010305100
  -0.0075763400   -0.0037037700   -0.0015436500
  -0.0007428700    0.0015926500    0.0005529400
  -0.0008475900    0.0016733100   -0.0003673800
   0.0020830100    0.0018034000   -0.0018460600
  -0.0004197000   -0.0002588500   -0.0007206300
  -0.0002830600    0.0001577300   -0.0006954700
   0.0001982500    0.0002275600    0.0007448900
  -0.0013716900   -0.0011907900   -0.0001198600
  -0.0724130300   -0.0497649800   -0.0532131000
   0.0006572700   -0.0014467600   -0.0011254300
   0.0000271700   -0.0003705800   -0.0009498800
  -0.0007116300   -0.0004483300   -0.0004139900
   0.0014600300    0.0008279700    0.0007268700
  -0.0002835000   -0.0000474900    0.0008803600
   0.0005698600   -0.0009533000    0.0004422000
   0.0002744600    0.0001644600   -0.0004717000
   0.0019648600   -0.0006994300    0.0024586000
  -0.0011945500    0.0013030100    0.0022274700
   0.0002798800    0.0000175500    0.0006133000
  -0.0008218300   -0.0002101000    0.0007840900
   0.0273046400   -0.0433142000   -0.0307055900
   0.0013164100   -0.0000989000    0.0007185000
   0.0022574600   -0.0000410900    0.0013705800
   0.0012415700   -0.0020670800    0.0003240700
  -0.0011065200    0.0020206600    0.0037763700
   0.0006943200    0.0009549600    0.0009837900
   0.0008427100    0.0001405400    0.0011874900
   0.0007904600    0.0000989800    0.0001566300
  -0.0244244400    0.0292852900   -0.0253829400
  -0.0007338200    0.0006699400    0.0007999900
  -0.0007743100    0.0001841800    0.0008850600
  -0.0010030800    0.0023734600    0.0002385300
# File: 7    
# 25      0.0122546968999545   0.0122546986644485   0.0244876451406380
   0.0000873900   -0.0004966000    0.0005852500
   0.0009850600    0.0004727000    0.0002535300
   0.0039069900    0.0019318600    0.0039170800
  -0.0036703500   -0.0044672900    0.0038598300
  -0.0016515000    0.0003963600    0.0001690300
  -0.0001311700    0.0000504500    0.0011010500
  -0.0080601500    0.0079957500    0.0076366100
   0.0008031900   -0.0008431200   -0.0002512600
  -0.0034652700    0.0038036900   -0.0060799000
   0.0002988000    0.0003305000   -0.0025768700
   0.0071935700    0.0079305700   -0.0098776000
   0.0040311800   -0.0030112800   -0.0062609900
  -0.0002597000   -0.0014842500    0.0010935400
   0.0001699600    0.0003769000    0.0006765800
  -0.0000683800    0.0000690100    0.0006673200
  -0.0014505700   -0.0003313600    0.0010567900
   0.0019574100    0.0092063700    0.0096400800
  -0.0006159300    0.0000756000    0.0008793000
  -0.0088698700   -0.0070915000    0.0075980500
   0.0009269000    0.0021013500    0.0009040900
   0.0158683100   -0.0144312700    0.0159657100
  -0.0006253300   -0.0038068300    0.0014467600
  -0.0009536000    0.0015678200   -0.0002329500
   0.0010406300    0.0000821100    0.0020363300
  -0.1353745300   -0.1356988500   -0.2533229500
   0.0031662800    0.0005123900   -0.0007559100
   0.0000167700    0.0026655200   -0.0007625700
   0.0003625700    0.0003605200   -0.0112198000
   0.0010794800    0.0018126600    0.0042933200
   0.0005816200    0.0033608200    0.0026137400
   0.0041359000    0.0004917300    0.0029369900
  -0.0017614300   -0.0016358300    0.0011331500
  -0.0002442600   -0.0026565500   -0.0004907900
   0.0008718900   -0.0016575300    0.0024188800
   0.0571319800   -0.0412394100    0.0553528000
  -0.0009081400   -0.0017072400   -0.0010888000
  -0.0027272500    0.0018056600   -0.0031808100
  -0.0004079100    0.0009887300   -0.0004899400
   0.0008921100   -0.0016315200   -0.0032017200
  -0.0009475000   -0.0002181600   -0.0011959000
  -0.0403294600    0.0507311000    0.0546970000
  -0.0004901300    0.0008436500   -0.0008425500
   0.0003111000    0.0006508900   -0.0003592700
  -0.0014610100    0.0011675000    0.0020147300
  -0.0028355800   -0.0001088300   -0.0053593600
   0.0000926900   -0.0029047900   -0.0006408100
   0.0002796900   -0.0006189600   -0.0016060300
   0.0005313700   -0.0009603100   -0.0000840300
  -0.0034226200    0.0003855400    0.0011849800
   0.0057503500    0.0083209200    0.0099823200
  -0.0016562600   -0.0019733600    0.0047479100
  -0.0013428400   -0.0012158800   -0.0002856500
   0.0005165300   -0.0013727500   -0.0008557700
   0.0003091000   -0.0004291000    0.0000447400
   0.0025242200    0.0004285900    0.0000452700
   0.0004958400   -0.0014495400    0.0010291400
   0.1065855400    0.1163407500    0.1095908300
  -0.0000455400    0.0014269400    0.0007184600
   0.0011621300    0.0000537200    0.0010890900
   0.0012240800    0.0020405000    0.0025257400
  -0.0021277000   -0.0006865900   -0.0010044300
   0.0012596500    0.0005669200   -0.0015664700
  -0.0005584500    0.0028125000   -0.0023030100
  -0.0000878600   -0.0000298900   -0.0000099000
# File: 8    
# 25     -0.0122546968999545  -0.0122546986644485  -0.0244876451406380
  -0.0001054900    0.0004591500   -0.0006028200
  -0.0009984500   -0.0004734800   -0.0002828200
  -0.0039012400   -0.0019592700   -0.0039109200
   0.0036015500    0.0043619600   -0.0038775200
   0.0014997400   -0.0003509000   -0.0002930500
   0.0001208900   -0.0000852800   -0.0010926900
   0.0078131900   -0.0078337500   -0.0074711800
  -0.0008462600    0.0008107800    0.0002162400
   0.0034215200   -0.0038407700    0.0061086300
  -0.0002803600   -0.0003056600    0.0026336400
  -0.0070376700   -0.0077339900    0.0096479100
  -0.0041054500    0.0029906500    0.0062888300
   0.0002135900    0.0014797100   -0.0010713000
  -0.0001987300   -0.0003788600   -0.0006408700
   0.0000471000   -0.0000629800   -0.0006482600
   0.0014147400    0.0003129200   -0.0010351100
  -0.0018195200   -0.0093429600   -0.0097587500
   0.0005798300   -0.0000492700   -0.0008814000
   0.0087394800    0.0070540600   -0.0075990400
  -0.0009078200   -0.0020326900   -0.0009061700
  -0.0155285300    0.0144132300   -0.0155923400
   0.0006760000    0.0036508900   -0.0015939900
   0.0009371300   -0.0015593400    0.0002289400
  -0.0010777500   -0.0000150400   -0.0019967900
   0.1192063100    0.1188904700    0.2450656600
  -0.0031169900   -0.0004803900    0.0007580500
   0.0000087700   -0.0026334700    0.0007513800
  -0.0003745300   -0.0003768000    0.0112073300
  -0.0011214700   -0.0018705300   -0.0043745700
  -0.0006082400   -0.0033215800   -0.0025636800
  -0.0040290500   -0.0004931800   -0.0028800200
   0.0017345200    0.0016562000   -0.0011930300
  -0.0006123600    0.0025633800   -0.0009311300
  -0.0017799300    0.0016108700   -0.0038271000
  -0.0599453800    0.0450061800   -0.0579513400
  -0.0000585800    0.0015776100   -0.0002223200
   0.0017791200   -0.0018308600    0.0017049700
  -0.0005141400   -0.0010650000   -0.0008360800
  -0.0017522400    0.0016137400    0.0018578500
   0.0000760300    0.0001396500   -0.0002161000
   0.0445328200   -0.0524569900   -0.0572218400
   0.0011839900   -0.0009303800   -0.0005764400
   0.0004298500   -0.0007975900   -0.0009778500
   0.0022501700   -0.0012815100   -0.0034455900
   0.0036669100    0.0000070400    0.0040125000
   0.0007139800    0.0027871100   -0.0008126200
   0.0004733200    0.0005439400    0.0001777800
   0.0002460000    0.0008475900   -0.0012999400
   0.0033866800   -0.0010775300    0.0001760000
  -0.0042884700   -0.0076747100   -0.0094548300
   0.0017692600    0.0012572800   -0.0033412700
   0.0014744200    0.0003775900    0.0016498500
  -0.0004320800    0.0005665200    0.0022257900
  -0.0002257900   -0.0003181300    0.0013704800
  -0.0024283900   -0.0011843500    0.0013761800
  -0.0004532800    0.0006904800    0.0003696800
  -0.0933456200   -0.1020747400   -0.0966599100
   0.0000904800   -0.0005170500    0.0006643600
  -0.0010795200    0.0008235100    0.0002807500
  -0.0010692300   -0.0010859200   -0.0010972600
   0.0022453800    0.0015883000    0.0023709500
  -0.0011305600    0.0003520100    0.0029332000
   0.0006603700   -0.0018534300    0.0036373300
   0.0001799700    0.0009155500    0.0014236200
# File: 9    
# 33      0.0299999999999999   0.0000000021597766   0.0000000000000000
   0.0247161100    0.0272699800    0.0269426800
  -0.0009091100    0.0005684900   -0.0004965400
  -0.0001237000    0.0004780300    0.0002720700
  -0.0009992600   -0.0002000700    0.0011285000
  -0.0002554000    0.0006841500   -0.0001489400
  -0.0008226100    0.0015068400   -0.0000059900
   0.0008580900   -0.0007907800    0.0003204700
  -0.0002468400    0.0000855100    0.0001798200
  -0.0006188100    0.0003491800   -0.0004753000
   0.0248832800   -0.0258035500   -0.0253136100
  -0.0011006900   -0.0000926300    0.0000717100
  -0.0000142400   -0.0009014600    0.0001466800
   0.0002812500   -0.0003006400    0.0006646400
   0.0000674700   -0.0007271400   -0.0003150300
   0.0008700300    0.0006608900   -0.0004297700
  -0.0000881400   -0.0002845800   -0.0000245000
   0.0626326400    0.0460470900   -0.0451954100
  -0.0000854700    0.0001058400    0.0003505700
   0.0002155000    0.0007960600    0.0001044900
  -0.0009954700   -0.0007311200   -0.0021709100
  -0.0004945500    0.0006062900   -0.0000661500
   0.0001503800   -0.0005906900    0.0000195900
  -0.0010812800    0.0011548900   -0.0008837900
  -0.0009124800    0.0007519200    0.0012312200
   0.0011705600   -0.0009400000    0.0000789800
  -0.0003705000   -0.0002366600    0.0019289700
   0.0829273400   -0.0638886100    0.0640681400
  -0.0015187100   -0.0000779500    0.0002640700
  -0.0017526600   -0.0013654300   -0.0012362800
  -0.0011436900   -0.0028240300    0.0020033000
   0.0002353000    0.0014443800    0.0006698400
  -0.0006773100   -0.0000637700   -0.0002592800
  -0.2539982200    0.0103491600   -0.0109837400
  -0.0004916500    0.0000567500   -0.0008952200
  -0.0006400900    0.0001879300   -0.0009481600
   0.0042122900   -0.0004301500   -0.0002176000
  -0.0006153200   -0.0005702400   -0.0012000800
  -0.0002364100    0.0001988500   -0.0005900700
   0.0000085800    0.0007701900   -0.0005185300
   0.0001380400   -0.0003850600   -0.0013413600
   0.0067266800    0.0084132600   -0.0022129600
   0.0095093100   -0.0103830500   -0.0034935500
   0.0015397100   -0.0021408400    0.0023510700
   0.0117672500    0.0117602000   -0.0006170300
   0.0005682400   -0.0000163300   -0.0006101200
   0.0011031100    0.0006790500   -0.0018617300
   0.0011176700   -0.0013818300   -0.0001636600
   0.0005682000   -0.0001100300   -0.0008830700
  -0.0002199200   -0.0008000400    0.0007715300
   0.0012027400   -0.0015839000   -0.0008439300
   0.0000834400   -0.0009723500    0.0003973800
  -0.0025463300    0.0039177700   -0.0043418500
   0.0078572500    0.0031568400   -0.0080654500
   0.0101350200   -0.0003252800    0.0111005000
   0.0008613000   -0.0008040100    0.0011209100
   0.0004268100   -0.0004914200    0.0003458900
   0.0015803000    0.0010273400    0.0005528600
   0.0000771400    0.0008742900    0.0006502200
   0.0009226800   -0.0040761400    0.0021043000
   0.0113259600    0.0014735300   -0.0104070500
   0.0011094800   -0.0031189700    0.0056406600
  -0.0000474100    0.0008781000    0.0000721700
   0.0014050500    0.0005843100    0.0002901700
  -0.0002479300    0.0005716100    0.0013732500
# File: 10   
# 33     -0.0299999999999999  -0.0000000021597766   0.0000000000000000
  -0.0267016100   -0.0308750200   -0.0303719200
   0.0008212500   -0.0006247700    0.0005146100
   0.0000936300   -0.0005053100   -0.0002577400
   0.0009616900    0.0001760800   -0.0010999900
   0.0002119500   -0.0007969400    0.0000949100
   0.0008105900   -0.0015673300    0.0000174200
  -0.0009024000    0.0007727400   -0.0003230500
   0.0002061700   -0.0001102700   -0.0002155500
   0.0004807100   -0.0003801600    0.0005195400
  -0.0267155500    0.0291198400    0.0288604100
   0.0010758400    0.0001314200   -0.0001270000
  -0.0000700000    0.0009086000   -0.0000847900
  -0.0002980100    0.0003321500   -0.0006492300
  -0.0001055900    0.0007084000    0.0003216600
  -0.0008994700   -0.0006553400    0.0004527800
   0.0000428800    0.0002776400    0.0000433300
  -0.0595397800   -0.0415604500    0.0407825600
   0.0000036800   -0.0000663300   -0.0003618700
  -0.0000917300   -0.0007455200    0.0000310000
   0.0009974800    0.0007280100    0.0022475200
   0.0004887000   -0.0005887800    0.0000761600
  -0.0002481600    0.0006722600   -0.0000116700
   0.0009678900   -0.0009481500    0.0007704700
   0.0009350300   -0.0007652000   -0.0012353800
  -0.0010660400    0.0009927200   -0.0002213700
   0.0003424900    0.0003472800   -0.0019699400
  -0.0799629600    0.0596015900   -0.0597023600
   0.0014770200    0.0000205600   -0.0002439000
   0.0017887300    0.0013706400    0.0011427500
   0.0011031300    0.0027611300   -0.0020411000
  -0.0003824700   -0.0015247900   -0.0007733100
   0.0007088900    0.0000302300    0.0002522700
   0.2507511200   -0.0095869100    0.0086520600
  -0.0003545400   -0.0001087100   -0.0005039200
  -0.0002328100   -0.0002665900   -0.0004384400
  -0.0051824600    0.0003443700   -0.0011641200
  -0.0002684200    0.0005287900   -0.0001431500
  -0.0006549400   -0.0002631800   -0.0008078900
  -0.0008682800   -0.0008614400   -0.0008365500
  -0.0010248800    0.0003067900   -0.0000441900
  -0.0056371300   -0.0081353100    0.0008335600
  -0.0089630100    0.0106241800    0.0019786900
  -0.0004267200    0.0015491700   -0.0036489500
  -0.0112648800   -0.0122789800   -0.0006859100
   0.0002199800   -0.0000412600   -0.0007896400
  -0.0002654100   -0.0007681200    0.0003969600
  -0.0002504100    0.0013485700   -0.0011399000
   0.0002207600    0.0000659600   -0.0005283300
   0.0003258000    0.0000526400    0.0006122500
  -0.0012106500    0.0005866000    0.0021537900
  -0.0000294600    0.0002080800    0.0010783900
   0.0025771500   -0.0048791200    0.0059252700
  -0.0075309100   -0.0038967700    0.0091580700
  -0.0103051000   -0.0003113200   -0.0099854400
  -0.0007898700    0.0000759600    0.0003140600
  -0.0003470000   -0.0002650700    0.0010581200
  -0.0015372900   -0.0001511000    0.0007993300
   0.0000515000    0.0000210600    0.0007831600
  -0.0003041500    0.0047174600   -0.0001685600
  -0.0115565800   -0.0006959800    0.0121920700
  -0.0009040700    0.0039324100   -0.0041596000
   0.0001606100   -0.0000007200    0.0013533800
  -0.0012658600    0.0005705700    0.0013372400
   0.0003339400    0.0003410500   -0.0000190300
# File: 11   
# 33     -0.0000000021597766   0.0299999999999999  -0.0000000000000000
   0.0348328000    0.0443698800    0.0367175200
   0.0001059200   -0.0005345200    0.0001194100
  -0.0000740600   -0.0005523400   -0.0009602200
  -0.0008629100   -0.0011444000    0.0014572500
   0.0001156900   -0.0002653100   -0.0009213700
  -0.0004054900    0.0004527500    0.0005007100
  -0.0000700800   -0.0002340300    0.0004761100
   0.0000211600   -0.0001907600   -0.0001585100
  -0.0012701800    0.0003391600   -0.0000908800
  -0.0301671600    0.0333977600    0.0320894600
   0.0005438500   -0.0009985300   -0.0000424500
   0.0000098100   -0.0001143400    0.0005092500
  -0.0002881100    0.0002186500   -0.0004052900
   0.0008456100    0.0008581700    0.0006639400
  -0.0010599100   -0.0001621000    0.0005366800
  -0.0001544900   -0.0000896800    0.0001608900
   0.0388014300    0.0354324100   -0.0321758800
   0.0007017100   -0.0009830100   -0.0018426400
  -0.0004916500   -0.0011096100   -0.0011990200
  -0.0008101000   -0.0009524700   -0.0013522900
   0.0005470000   -0.0005161700    0.0002509700
   0.0020657600   -0.0011720300   -0.0006878600
  -0.0014049500    0.0010862000   -0.0001679600
  -0.0000320800    0.0004024700    0.0012196700
   0.0010024200   -0.0032951900   -0.0020725000
   0.0000527900   -0.0005838500   -0.0017758500
  -0.0569376200    0.0681229700   -0.0561719900
  -0.0003217400   -0.0006723100   -0.0015978700
  -0.0007866700   -0.0004425800    0.0028334300
   0.0007029300    0.0005636700    0.0006298800
  -0.0025477300   -0.0005207900   -0.0004743100
  -0.0005287600   -0.0003893300    0.0002456600
   0.0095414100   -0.2478783900    0.0111437600
  -0.0003453400   -0.0004179800    0.0002916900
  -0.0002146900    0.0000476400   -0.0001234200
  -0.0008272400    0.0047570200   -0.0022362800
  -0.0009928200    0.0003886500   -0.0005644300
  -0.0002051000   -0.0000231900   -0.0009258300
   0.0003746800    0.0009527800   -0.0011483900
  -0.0007962300    0.0001492400   -0.0004977500
   0.0088722600    0.0094478700   -0.0018838600
  -0.0102904900    0.0111157600    0.0017703700
  -0.0012037100    0.0030784000   -0.0037982500
   0.0122254500    0.0112378100   -0.0014757100
   0.0002905100   -0.0001764600   -0.0007916300
  -0.0009821800    0.0016940600   -0.0013897400
   0.0011057900    0.0016937900    0.0003127300
   0.0003837400   -0.0001725600   -0.0006907200
   0.0000398600   -0.0003735800    0.0008569100
   0.0003367800    0.0112124000    0.0129844100
   0.0008782400    0.0011961800    0.0012669300
  -0.0034799700    0.0000199400   -0.0020343000
  -0.0005329800    0.0006281300    0.0013840400
  -0.0020456200    0.0009626100   -0.0023900500
   0.0005574400   -0.0004828500    0.0006394600
  -0.0003200400   -0.0006768000    0.0015139900
  -0.0007669700    0.0005327800    0.0005558100
   0.0000604500    0.0001734100    0.0007946200
   0.0036485400   -0.0020835400    0.0039260200
  -0.0000955900    0.0017230400    0.0018301700
   0.0004306100    0.0082841400   -0.0090751400
  -0.0004527100    0.0012851300    0.0009441300
   0.0022485400    0.0105513400    0.0123985900
   0.0004222000    0.0008324600    0.0000979600
# File: 12   
# 33      0.0000000021597766  -0.0299999999999999   0.0000000000000000
  -0.0395120600   -0.0480799700   -0.0415035500
  -0.0001455800    0.0004951900   -0.0001110700
   0.0000471900    0.0005789100    0.0008738900
   0.0008388700    0.0010918500   -0.0013896100
  -0.0001158100    0.0002386500    0.0008769900
   0.0003536100   -0.0004307000   -0.0004911100
  -0.0000137200    0.0002466900   -0.0005054800
  -0.0000607600    0.0001670000    0.0001328800
   0.0012024900   -0.0003034900    0.0001317100
   0.0265798000   -0.0312119000   -0.0280886600
  -0.0005927800    0.0009875000   -0.0000351800
  -0.0000392400    0.0001833900   -0.0004307500
   0.0002449600   -0.0002495900    0.0004229800
  -0.0008914800   -0.0008876200   -0.0006521000
   0.0010145100    0.0001532500   -0.0005128800
   0.0001152800    0.0000784300   -0.0001400000
  -0.0352936600   -0.0337926600    0.0291711600
  -0.0007517500    0.0010073500    0.0018719100
   0.0005891100    0.0012028100    0.0013112400
   0.0007397200    0.0009651300    0.0013957700
  -0.0005602200    0.0005334100   -0.0002606300
  -0.0020507400    0.0011852600    0.0007132600
   0.0013704200   -0.0010634000    0.0001763300
   0.0001557400   -0.0004895500   -0.0012654500
  -0.0009397700    0.0032654500    0.0020155000
  -0.0001392600    0.0006080100    0.0017310800
   0.0609333200   -0.0704806200    0.0599228100
   0.0002529000    0.0006044300    0.0015028900
   0.0008298000    0.0004564600   -0.0028749500
  -0.0006486700   -0.0004605700   -0.0006958000
   0.0025913300    0.0005304800    0.0004070800
   0.0005604700    0.0003713200   -0.0002474900
  -0.0103769800    0.2502508600   -0.0132422400
  -0.0005115700    0.0003134300   -0.0016717300
  -0.0006688200   -0.0001718000   -0.0012542900
  -0.0000527600   -0.0047700700    0.0008289000
   0.0001039900   -0.0004784000   -0.0008086500
  -0.0006677100   -0.0000474700   -0.0004743900
  -0.0012567700   -0.0010794500   -0.0002630500
  -0.0001059500   -0.0002220700   -0.0008489000
  -0.0076742100   -0.0092419800    0.0005204800
   0.0107150500   -0.0108945300   -0.0032706800
   0.0024862500   -0.0036356700    0.0025177200
  -0.0118119100   -0.0116402400    0.0001910300
   0.0004668600    0.0000939000   -0.0005985900
   0.0017503900   -0.0018061900    0.0000323400
  -0.0003406700   -0.0018066500   -0.0017645800
   0.0003605200    0.0000981100   -0.0006927700
   0.0000454300   -0.0004019800    0.0005832900
  -0.0001143800   -0.0116676900   -0.0111501400
  -0.0007501800   -0.0019167900    0.0001334300
   0.0036309500   -0.0012097900    0.0039911300
   0.0003428000   -0.0013865000    0.0003258500
   0.0022609800   -0.0017036500    0.0039016900
  -0.0004633200   -0.0002788900    0.0007520100
   0.0004306500   -0.0000937100   -0.0000904600
   0.0008600600    0.0004187900    0.0008676700
   0.0000572700    0.0007200900    0.0005739100
  -0.0034633000    0.0030413600   -0.0024711400
   0.0003542300   -0.0006902200   -0.0005607300
  -0.0004421800   -0.0070998700    0.0101761800
   0.0005636800   -0.0003653700    0.0004497700
  -0.0020651200   -0.0098901800   -0.0114096900
  -0.0003273000    0.0000617200    0.0012738700
# File: 13   
# 33      0.0122546968999545   0.0122546986644485   0.0244876451406380
   0.0444359600    0.0510376400    0.0503439500
   0.0007834600   -0.0001183200    0.0001900100
   0.0003620500    0.0006149600    0.0000576600
  -0.0008562500   -0.0008811000    0.0009934700
  -0.0005649400    0.0001262600   -0.0007273700
  -0.0000300000   -0.0002548800   -0.0007706800
   0.0004884300   -0.0004447500   -0.0003234300
  -0.0000343100   -0.0001445200    0.0000799800
  -0.0008735600    0.0002399400   -0.0006164300
  -0.0333606100    0.0347522900    0.0376590400
  -0.0002609200   -0.0005059100    0.0007104000
  -0.0003636300   -0.0003009300   -0.0001004800
  -0.0005588700    0.0001467800   -0.0008163300
   0.0003656000   -0.0006866300   -0.0009798000
   0.0008807800    0.0001272600   -0.0010584200
  -0.0001328000   -0.0000903900   -0.0002118100
   0.0088617300    0.0059983700   -0.0014208600
  -0.0003828500   -0.0013939800   -0.0009744500
  -0.0004622500   -0.0004098100   -0.0005023200
  -0.0000012800   -0.0000164700   -0.0010655400
  -0.0000431900    0.0003573800   -0.0000341100
   0.0026403000   -0.0012903900   -0.0008691500
  -0.0024408900    0.0025775900   -0.0019931800
   0.0005567500    0.0003819600   -0.0000161700
   0.0005875200   -0.0015247400   -0.0004807400
  -0.0010370900    0.0009604200    0.0030501800
   0.0568220300   -0.0446153500    0.0583302600
  -0.0002357000   -0.0010510100   -0.0007772800
  -0.0027146400   -0.0013969200   -0.0005715700
   0.0015374900    0.0021854800   -0.0011726600
  -0.0037267400    0.0000355400   -0.0009138700
  -0.0003235500    0.0000324600   -0.0006983400
  -0.1013890700   -0.0810434600   -0.1990560400
  -0.0005862100    0.0006418600   -0.0007256400
  -0.0006447000    0.0005516300   -0.0007075200
   0.0017113100    0.0005065600   -0.0011067300
  -0.0011766700    0.0000138200   -0.0008085200
  -0.0001836500   -0.0001163700    0.0002052100
   0.0001980100    0.0002960800   -0.0004145100
  -0.0008722700    0.0000478900   -0.0005541600
   0.0075971200    0.0081738100   -0.0004510800
   0.0022041300   -0.0019825000   -0.0018862800
  -0.0023170000    0.0030680900   -0.0034439700
   0.0098298900    0.0100073800   -0.0002610600
   0.0005552800   -0.0000867600   -0.0008644200
  -0.0002626900    0.0001183200    0.0017294700
   0.0019147400    0.0006734300    0.0031000800
   0.0003839800   -0.0000349800   -0.0009403200
   0.0000311100   -0.0004831100    0.0003898300
   0.0016314100    0.0132955500    0.0144463500
   0.0003072200    0.0001045800    0.0017215600
   0.0001732800    0.0006475100   -0.0000080200
  -0.0048649900   -0.0025176400    0.0050249700
   0.0127567700    0.0006457600    0.0122600100
   0.0007965400   -0.0000698800    0.0014747000
  -0.0004334700   -0.0010824300    0.0012675900
  -0.0001059100    0.0004544900    0.0015324700
  -0.0000702100    0.0005651000    0.0003152500
   0.0045534000   -0.0067512700    0.0052747100
  -0.0052533600    0.0001320200    0.0057828400
   0.0001937800   -0.0048235000    0.0063109800
  -0.0001363700    0.0012976000    0.0011632700
   0.0041043000    0.0129430200    0.0137812300
  -0.0005637400    0.0003592000    0.0011277900
# File: 14   
# 33     -0.0122546968999545  -0.0122546986644485  -0.0244876451406380
  -0.0542100100   -0.0620771400   -0.0594292600
  -0.0008270300    0.0000782700   -0.0002119200
  -0.0003746300   -0.0006411700   -0.0000836200
   0.0008043200    0.0008607900   -0.0009634600
   0.0005946600   -0.0001500800    0.0006377200
  -0.0000264200    0.0002364300    0.0007790400
  -0.0005562900    0.0004410100    0.0003036300
   0.0000116200    0.0001233000   -0.0001078500
   0.0007739200   -0.0002434700    0.0006819000
   0.0294492000   -0.0325476400   -0.0353902700
   0.0002210700    0.0005097200   -0.0007136500
   0.0003961200    0.0003091000    0.0001312800
   0.0005722400   -0.0001555400    0.0008257500
  -0.0004499800    0.0006538300    0.0009616800
  -0.0009555600   -0.0001189900    0.0010949200
   0.0000963500    0.0000821900    0.0002224500
  -0.0099984000   -0.0070374100    0.0017891400
   0.0002898200    0.0014764200    0.0010944100
   0.0005434100    0.0004224900    0.0005986000
  -0.0000755400   -0.0000138100    0.0010265300
   0.0000259900   -0.0003407200    0.0000146800
  -0.0025960600    0.0013215900    0.0008716300
   0.0023639900   -0.0022591800    0.0019101200
  -0.0004898900   -0.0004443200   -0.0000170600
  -0.0005544900    0.0015575300    0.0005340300
   0.0010076100   -0.0009311000   -0.0029591700
  -0.0554378100    0.0416882600   -0.0574260400
   0.0001493800    0.0011817200    0.0008430700
   0.0029427200    0.0015940900    0.0004205500
  -0.0015203000   -0.0022342500    0.0011399900
   0.0038328800   -0.0001934000    0.0007715800
   0.0003415500   -0.0000750400    0.0006935400
   0.1130358000    0.0948131700    0.2027418900
  -0.0002819900   -0.0007277700   -0.0006728100
  -0.0002523100   -0.0006450500   -0.0006918600
  -0.0025786500   -0.0005638000   -0.0003179000
   0.0002747300   -0.0000895700   -0.0005749500
  -0.0007216400    0.0000559700   -0.0016108100
  -0.0010863300   -0.0004755400   -0.0009325000
  -0.0000078700   -0.0001070600   -0.0007991800
  -0.0066930100   -0.0081822300   -0.0010185800
  -0.0012220000    0.0017132100    0.0004231700
   0.0032835400   -0.0033257400    0.0020424200
  -0.0093448500   -0.0105288700   -0.0009515200
   0.0001971900    0.0000127300   -0.0005115500
   0.0010920600   -0.0002092500   -0.0031062800
  -0.0010819100   -0.0008047200   -0.0044911900
   0.0003815000   -0.0000108300   -0.0004496500
   0.0000729700   -0.0002564100    0.0009939700
  -0.0014853300   -0.0136083400   -0.0126145800
  -0.0001500800   -0.0008849600   -0.0003711400
  -0.0000529800   -0.0015969000    0.0017145500
   0.0049163900    0.0017815000   -0.0035185600
  -0.0132765100   -0.0012952200   -0.0112788700
  -0.0007030300   -0.0006726300   -0.0000569400
   0.0005186500    0.0003832500    0.0001548500
   0.0002143700    0.0004815000   -0.0001449000
   0.0001430000    0.0003116600    0.0010594000
  -0.0037699000    0.0073145800   -0.0032016600
   0.0052846700    0.0007057300   -0.0043926500
  -0.0001208100    0.0058303800   -0.0049753100
   0.0002760800   -0.0003953100    0.0002354900
  -0.0038849600   -0.0126320100   -0.0130169500
   0.0006787600    0.0005350300    0.0002906900
