# File: 1    
# 1       0.0000000000000000   0.0212132034355964   0.0212132034355964
   0.0000000000   -0.0455848700   -0.0455848700
   0.0000000000    0.0151647200    0.0151647200
   0.0132581300    0.0005313400    0.0019039600
  -0.0132581300    0.0019039600    0.0005313400
   0.0132581300    0.0019039600    0.0005313400
  -0.0132581300    0.0005313400    0.0019039600
   0.0000000000   -0.0113560800   -0.0113560800
   0.0000000000    0.0289085600    0.0289085600
  -0.0000084700   -0.0011707500   -0.0011707500
  -0.0001492000   -0.0008987300   -0.0008987300
   0.0000000000    0.0082428700   -0.0008941800
   0.0000000000   -0.0009134100    0.0057007400
   0.0000000000   -0.0008941800    0.0082428700
   0.0000000000    0.0057007400   -0.0009134100
   0.0001492000   -0.0008987300   -0.0008987300
   0.0000084700   -0.0011707500   -0.0011707500
# File: 2    
# 9       0.0000000000000000   0.0212132034355964   0.0212132034355964
   0.0000251100   -0.0011734100   -0.0011734100
   0.0000042900   -0.0009007800   -0.0009007800
  -0.0000000000    0.0056549300   -0.0008580300
  -0.0000000000   -0.0009631100    0.0082760600
  -0.0000000000   -0.0008580300    0.0056549300
  -0.0000000000    0.0082760600   -0.0009631100
  -0.0000042900   -0.0009007800   -0.0009007800
  -0.0000251100   -0.0011734100   -0.0011734100
  -0.0000000000   -0.0624891100   -0.0624891100
  -0.0000000000    0.0084761900    0.0084761900
   0.0032379500    0.0022481000    0.0052296200
  -0.0032379500    0.0052296200    0.0022481000
   0.0032379500    0.0052296200    0.0022481000
  -0.0032379500    0.0022481000    0.0052296200
  -0.0000000000    0.0019912700    0.0019912700
  -0.0000000000    0.0291047400    0.0291047400
