# File: 3    
# 1       0.0000000000000000   0.0212132034355964   0.0212132034355964
# 1       0.0212132034355964   0.0000000000000000   0.0212132034355964
  -0.0455141300   -0.0455141300   -0.0916568900
   0.0005266900    0.0284164700    0.0170640300
   0.0284164700    0.0005266900    0.0170640300
  -0.0113496700   -0.0113496700    0.0010631400
   0.0151530200    0.0151530200    0.0010572700
  -0.0246111700    0.0005326600   -0.0094521600
   0.0005326600   -0.0246111700   -0.0094521600
   0.0288767100    0.0288767100    0.0577479800
  -0.0011851400   -0.0011851400   -0.0023440400
   0.0079400500   -0.0008905600   -0.0017745000
  -0.0008905600    0.0079400500   -0.0017745000
  -0.0009324600   -0.0009324600    0.0089668100
  -0.0008985100   -0.0008985100    0.0194436500
  -0.0009094900    0.0059967000   -0.0018127500
   0.0059967000   -0.0009094900   -0.0018127500
  -0.0011511500   -0.0011511500   -0.0023271400
# File: 4    
# 1       0.0000000000000000   0.0212132034355964   0.0212132034355964
# 1      -0.0212132034355964   0.0000000000000000  -0.0212132034355964
   0.0455850300   -0.0455850300    0.0000000000
  -0.0005314300    0.0019040200    0.0132582700
  -0.0019040200    0.0005314300   -0.0132582700
  -0.0151646600    0.0151646600    0.0000000000
   0.0113561000   -0.0113561000    0.0000000000
  -0.0019040200    0.0005314300    0.0132582700
  -0.0005314300    0.0019040200   -0.0132582700
  -0.0289087000    0.0289087000    0.0000000000
   0.0011707800   -0.0011707800    0.0000084800
  -0.0057006800   -0.0009133100    0.0000000000
   0.0008944000    0.0082429100    0.0000000000
   0.0008987400   -0.0008987400    0.0001490900
   0.0008987400   -0.0008987400   -0.0001490900
   0.0009133100    0.0057006800    0.0000000000
  -0.0082429100   -0.0008944000    0.0000000000
   0.0011707800   -0.0011707800   -0.0000084800
# File: 5    
# 1       0.0000000000000000   0.0212132034355964   0.0212132034355964
# 2       0.0212132034355964   0.0000000000000000   0.0212132034355964
   0.0005302600   -0.0323318100   -0.0436785600
  -0.0455882600    0.0151548400   -0.0304270100
   0.0151623800   -0.0127268000    0.0024356000
   0.0019061100    0.0019032800    0.0156958300
   0.0019014800    0.0019037900   -0.0108252400
  -0.0113548600    0.0137887900    0.0024352200
   0.0289088900   -0.0113594000    0.0175496900
   0.0005316800    0.0156464600    0.0308143800
   0.0082588600   -0.0011801600   -0.0020744700
  -0.0012956100   -0.0009000900   -0.0020634500
  -0.0009273100    0.0081496500    0.0049543100
  -0.0008824900   -0.0010177700    0.0048050200
  -0.0009139700   -0.0007822200    0.0073386000
  -0.0008766300    0.0058062300    0.0071879400
  -0.0010457500   -0.0008954600   -0.0020755900
   0.0056852300   -0.0011593200   -0.0020722700
# File: 6    
# 1       0.0000000000000000   0.0212132034355964   0.0212132034355964
# 2      -0.0212132034355964   0.0000000000000000  -0.0212132034355964
  -0.0005282000   -0.0588442700   -0.0474844300
   0.0455766400    0.0151680300    0.0607469200
   0.0113557400    0.0137902400    0.0013730300
  -0.0284251000    0.0019041900   -0.0146343100
   0.0246161800    0.0019045300    0.0118873400
  -0.0151634000   -0.0127276100    0.0013725200
  -0.0289098100   -0.0113552300   -0.0402687700
  -0.0005306200    0.0421700600    0.0270068700
  -0.0057310400   -0.0011598100   -0.0002460000
   0.0009968000   -0.0009139300    0.0002653100
   0.0009113200    0.0083396300   -0.0092786500
   0.0008823500   -0.0011038000    0.0065919700
   0.0009144200   -0.0007043700    0.0091426300
   0.0008985000    0.0055983500   -0.0064662800
   0.0013437600   -0.0008847500    0.0002777400
  -0.0082075500   -0.0011812500   -0.0002859000
# File: 7    
# 1       0.0000000000000000   0.0212132034355964   0.0212132034355964
# 3       0.0000000000000000   0.0212132034355964   0.0212132034355964
   0.0132544800   -0.0450562900   -0.0436785800
  -0.0132587100    0.0170693100    0.0156960900
   0.0132544800   -0.0450562900   -0.0436785800
  -0.0132587100    0.0170693100    0.0156960900
   0.0132583800   -0.0094530200   -0.0108250400
  -0.0132591400    0.0294393200    0.0308141200
   0.0132583800   -0.0094530200   -0.0108250400
  -0.0132591400    0.0294393200    0.0308141200
  -0.0000171900    0.0070733100   -0.0020601700
  -0.0001148900   -0.0017950500    0.0048129900
  -0.0000171900    0.0070733100   -0.0020601700
  -0.0001148900   -0.0017950500    0.0048129900
   0.0001189400   -0.0018092300    0.0073291900
   0.0000181200    0.0045316600   -0.0020886100
   0.0001189400   -0.0018092300    0.0073291900
   0.0000181200    0.0045316600   -0.0020886100
# File: 8    
# 1       0.0000000000000000   0.0212132034355964   0.0212132034355964
# 3       0.0000000000000000  -0.0212132034355964  -0.0212132034355964
  -0.0132543200   -0.0461141000   -0.0474821400
   0.0132579700    0.0132619100    0.0146337700
   0.0132543200    0.0461141000    0.0474821400
  -0.0132579700   -0.0132619100   -0.0146337700
   0.0132588100    0.0132607800    0.0118874600
  -0.0132589700   -0.0283781600   -0.0270078700
  -0.0132588100   -0.0132607800   -0.0118874600
   0.0132589700    0.0283781600    0.0270078700
   0.0000015800   -0.0068701900   -0.0002614400
  -0.0001823100   -0.0000205200   -0.0091520400
  -0.0000001700    0.0094136000    0.0002708400
  -0.0001806400   -0.0000318500    0.0065838500
   0.0001823100    0.0000205200    0.0091520400
  -0.0000015800    0.0068701900    0.0002614400
   0.0001806400    0.0000318500   -0.0065838500
   0.0000001700   -0.0094136000   -0.0002708400
# File: 9    
# 1       0.0000000000000000   0.0212132034355964   0.0212132034355964
# 3       0.0212132034355964   0.0000000000000000   0.0212132034355964
   0.0151548000   -0.0455881500   -0.0304270500
   0.0019033200    0.0019061400    0.0156958600
  -0.0323317300    0.0005303000   -0.0436783900
  -0.0127268700    0.0151622300    0.0024355000
   0.0137887100   -0.0113548400    0.0024351200
   0.0156463900    0.0005316400    0.0308143800
   0.0019037900    0.0019014900   -0.0108252800
  -0.0113593400    0.0289087900    0.0175497200
  -0.0009002100   -0.0012955700   -0.0020633400
  -0.0010177300   -0.0008822800    0.0048049900
  -0.0011801300    0.0082590300   -0.0020744500
   0.0081495000   -0.0009274600    0.0049542500
   0.0058063900   -0.0008766700    0.0071880800
  -0.0011591100    0.0056852000   -0.0020723500
  -0.0007823300   -0.0009140200    0.0073385100
  -0.0008954800   -0.0010458100   -0.0020755600
# File: 10   
# 1       0.0000000000000000   0.0212132034355964   0.0212132034355964
# 3      -0.0212132034355964   0.0000000000000000  -0.0212132034355964
  -0.0151680100   -0.0455766400   -0.0607474500
  -0.0019041500    0.0284256700    0.0146343700
   0.0588448200    0.0005283300    0.0474844300
  -0.0137902300   -0.0113558100   -0.0013731000
   0.0127276500    0.0151634200   -0.0013724300
  -0.0421705900    0.0005305500   -0.0270068700
  -0.0019046000   -0.0246167700   -0.0118874100
   0.0113552700    0.0289098900    0.0402692900
   0.0008848800   -0.0013437300   -0.0002777500
   0.0007042900   -0.0009142700   -0.0091427100
   0.0011810400    0.0082077600    0.0002860300
  -0.0055986600   -0.0008986600    0.0064662500
  -0.0083392800   -0.0009111500    0.0092787000
   0.0011599000    0.0057309800    0.0002459800
   0.0011035900   -0.0008824800   -0.0065919300
   0.0009140600   -0.0009970800   -0.0002654000
# File: 11   
# 1       0.0000000000000000   0.0212132034355964   0.0212132034355964
# 3       0.0212132034355964   0.0212132034355964   0.0000000000000000
   0.0019026800   -0.0450606100   -0.0323343700
  -0.0113571500    0.0038080600    0.0151643200
  -0.0323343700   -0.0450606100    0.0019026800
  -0.0127264300    0.0038080400    0.0137889300
   0.0137889300    0.0038080400   -0.0127264300
   0.0156470600    0.0294394800    0.0019037200
   0.0151643200    0.0038080600   -0.0113571500
   0.0019037200    0.0294394800    0.0156470600
  -0.0009078900    0.0070967100   -0.0011683100
  -0.0010490100   -0.0017972400   -0.0007480200
  -0.0011683100    0.0070967100   -0.0009078900
   0.0081064100   -0.0018051700    0.0058475400
   0.0058475400   -0.0018051700    0.0081064100
  -0.0011725400    0.0045107300   -0.0008969400
  -0.0007480200   -0.0017972400   -0.0010490100
  -0.0008969400    0.0045107300   -0.0011725400
# File: 12   
# 1       0.0000000000000000   0.0212132034355964   0.0212132034355964
# 3      -0.0212132034355964  -0.0212132034355964   0.0000000000000000
  -0.0019006800   -0.0461119800   -0.0588423800
   0.0113556700    0.0265222500    0.0151655900
   0.0588423800    0.0461119800    0.0019006800
  -0.0137897400   -0.0000010200   -0.0127270500
   0.0127270500    0.0000010200    0.0137897400
  -0.0421690300   -0.0283777500    0.0019030700
  -0.0151655900   -0.0265222500   -0.0113556700
  -0.0019030700    0.0283777500    0.0421690300
   0.0009121900   -0.0068924500   -0.0011723400
   0.0007496500   -0.0000000000   -0.0007496500
   0.0011683800    0.0093906700   -0.0008972900
  -0.0055584100   -0.0000000000    0.0055584100
  -0.0083839900   -0.0000000000    0.0083839900
   0.0011723400    0.0068924500   -0.0009121900
   0.0010455500   -0.0000000000   -0.0010455500
   0.0008972900   -0.0093906700   -0.0011683800
# File: 13   
# 1       0.0000000000000000   0.0212132034355964   0.0212132034355964
# 7       0.0212132034355964   0.0000000000000000   0.0212132034355964
   0.0005333100   -0.0588453800   -0.0436783800
   0.0289088700    0.0151630800    0.0440757700
   0.0151622900    0.0137902800    0.0024359200
  -0.0246150800    0.0019036100   -0.0108248500
   0.0284240500    0.0019040000    0.0156967500
  -0.0113542900   -0.0127275000    0.0024349600
  -0.0455807100   -0.0113595800   -0.0569391100
   0.0005318800    0.0421680800    0.0308132200
   0.0057132900   -0.0011816600   -0.0020957500
  -0.0013427000   -0.0008873600   -0.0020670000
  -0.0009121900    0.0084180400    0.0074754400
  -0.0008829100   -0.0007958900    0.0048118900
  -0.0009159900   -0.0010082000    0.0073305000
  -0.0008978700    0.0055278700    0.0046571100
  -0.0009994300   -0.0009098000   -0.0020722800
   0.0082274800   -0.0011596200   -0.0020541900
# File: 14   
# 1       0.0000000000000000   0.0212132034355964   0.0212132034355964
# 7      -0.0212132034355964   0.0000000000000000  -0.0212132034355964
  -0.0005305700   -0.0323302900   -0.0474842700
  -0.0289097500    0.0151672200   -0.0137426400
   0.0113551600   -0.0127262600    0.0013727200
  -0.0019018700    0.0019037700    0.0118882300
  -0.0019063300    0.0019035600   -0.0146332400
  -0.0151629600    0.0137895800    0.0013726900
   0.0455868800   -0.0113499500    0.0342312300
  -0.0005315300    0.0156479000    0.0270085500
  -0.0082737900   -0.0011602500   -0.0002659900
   0.0010432200   -0.0008920500    0.0002687700
   0.0009296000    0.0080711800   -0.0067274200
   0.0008821700   -0.0007341700    0.0065859100
   0.0009156900   -0.0010804600    0.0091515400
   0.0008772800    0.0058767800   -0.0090310000
   0.0012967800   -0.0009036400    0.0002743000
  -0.0056699900   -0.0011829300   -0.0002693800
# File: 15   
# 1       0.0000000000000000   0.0212132034355964   0.0212132034355964
# 8       0.0212132034355964   0.0000000000000000   0.0212132034355964
   0.0288837800   -0.0456086300   -0.0167367200
   0.0005310200    0.0019052300    0.0170690800
   0.0019010700    0.0005315000   -0.0094557700
  -0.0113560400    0.0151625400    0.0010618200
   0.0151625400   -0.0113560400    0.0010618200
   0.0019052300    0.0005310200    0.0170690800
   0.0005315000    0.0019010700   -0.0094557700
  -0.0456086300    0.0288837800   -0.0167367200
  -0.0011789900   -0.0011618900   -0.0023391700
   0.0055661700   -0.0007617700   -0.0016689800
  -0.0010281900    0.0084067600   -0.0019164800
  -0.0007537400   -0.0010388200    0.0139862200
  -0.0010388200   -0.0007537400    0.0139862200
  -0.0007617700    0.0055661700   -0.0016689800
   0.0084067600   -0.0010281900   -0.0019164800
  -0.0011618900   -0.0011789900   -0.0023391700
# File: 16   
# 1       0.0000000000000000   0.0212132034355964   0.0212132034355964
# 8      -0.0212132034355964   0.0000000000000000  -0.0212132034355964
  -0.0289020500   -0.0455764800   -0.0744848900
  -0.0005315100    0.0284287900    0.0132611300
   0.0246193500    0.0005315400    0.0132601700
  -0.0151629400   -0.0113552600    0.0000000800
   0.0113552600    0.0151629400   -0.0000000800
  -0.0284287900    0.0005315100   -0.0132611300
  -0.0005315400   -0.0246193500   -0.0132601700
   0.0455764800    0.0289020500    0.0744848900
   0.0011623900   -0.0011623900    0.0000000000
  -0.0083918100   -0.0010303000   -0.0001359700
   0.0010303000    0.0083918100    0.0001359700
   0.0007825800   -0.0007825800    0.0000000000
   0.0010299800   -0.0010299800    0.0000000000
   0.0007642200    0.0055514400   -0.0001492700
  -0.0055514400   -0.0007642200    0.0001492700
   0.0011795300   -0.0011795300    0.0000000000
# File: 17   
# 1       0.0000000000000000   0.0212132034355964   0.0212132034355964
# 9       0.0212132034355964   0.0000000000000000   0.0212132034355964
  -0.0011798800   -0.0455655400   -0.0467653400
   0.0056416700    0.0151888300    0.0143304300
   0.0123638500    0.0005229600    0.0010091500
  -0.0142016400    0.0019045200    0.0088009900
   0.0124275700    0.0019058700    0.0061726800
  -0.0141616600    0.0005174900    0.0010003100
   0.0082669100   -0.0113330500   -0.0122957400
  -0.0011729200    0.0288837500    0.0277357900
  -0.0624710500   -0.0011456800   -0.0636353700
   0.0020842500    0.0023362400    0.0043278500
   0.0084334100    0.0082253000    0.0075393700
   0.0052499400   -0.0041667200    0.0079443500
   0.0052132800    0.0023148900    0.0104881600
   0.0019877000    0.0057073600    0.0010742000
   0.0024045200   -0.0041260600    0.0043390700
   0.0291140400   -0.0011701600    0.0279340900
# File: 18   
# 1       0.0000000000000000   0.0212132034355964   0.0212132034355964
# 9      -0.0212132034355964   0.0000000000000000  -0.0212132034355964
   0.0011811900   -0.0455511700   -0.0444075800
  -0.0082678300    0.0151394100    0.0161023700
   0.0141522800    0.0005443700    0.0027990300
  -0.0124187800    0.0019032600   -0.0051141600
   0.0141919300    0.0019014700   -0.0077367100
  -0.0123551400    0.0005400800    0.0028073100
  -0.0056419900   -0.0113786900   -0.0105199600
   0.0011737400    0.0288832000    0.0300802500
   0.0624553100   -0.0011945600    0.0612962100
  -0.0023838300   -0.0041333500   -0.0061251000
  -0.0084328000    0.0082580200   -0.0093278600
  -0.0052501400    0.0023405200    0.0034582000
  -0.0052125500   -0.0041034100    0.0059988400
  -0.0019876400    0.0056927800   -0.0029006100
  -0.0021073000    0.0023292300   -0.0061364700
  -0.0290964700   -0.0011711600   -0.0302737600
# File: 19   
# 1       0.0000000000000000   0.0212132034355964   0.0212132034355964
# 9       0.0000000000000000   0.0212132034355964   0.0212132034355964
   0.0000087900   -0.0467549200   -0.0467549200
  -0.0000189800    0.0142641300    0.0142641300
   0.0132826800    0.0061838200    0.0010504500
  -0.0132326500    0.0009349200    0.0088109700
   0.0132826800    0.0010504500    0.0061838200
  -0.0132326500    0.0088109700    0.0009349200
  -0.0000248500   -0.0122562100   -0.0122562100
  -0.0000252000    0.0277361600    0.0277361600
   0.0000410600   -0.0636597300   -0.0636597300
  -0.0001777700    0.0075781800    0.0075781800
   0.0032186900    0.0104792800    0.0043090000
  -0.0032568900    0.0043408000    0.0079557900
   0.0032186900    0.0043090000    0.0104792800
  -0.0032568900    0.0079557900    0.0043408000
   0.0001647300    0.0010925800    0.0010925800
   0.0000085600    0.0279347700    0.0279347700
# File: 20   
# 1       0.0000000000000000   0.0212132034355964   0.0212132034355964
# 9       0.0000000000000000  -0.0212132034355964  -0.0212132034355964
   0.0000422500   -0.0444164600   -0.0444164600
   0.0000233100    0.0160644600    0.0160644600
   0.0132321300   -0.0077478000    0.0028616900
  -0.0132822500    0.0027676100   -0.0051250000
   0.0132321300    0.0028616900   -0.0077478000
  -0.0132822500   -0.0051250000    0.0027676100
   0.0000200300   -0.0104559300   -0.0104559300
  -0.0000252100    0.0300800700    0.0300800700
  -0.0000579500    0.0613217800    0.0613217800
  -0.0001210200   -0.0093748000   -0.0093748000
  -0.0032189500    0.0060067000   -0.0060970400
   0.0032573400   -0.0061669500    0.0034458000
  -0.0032189500   -0.0060970400    0.0060067000
   0.0032573400    0.0034458000   -0.0061669500
   0.0001333400   -0.0028899800   -0.0028899800
   0.0000087000   -0.0302741600   -0.0302741600
# File: 21   
# 1       0.0000000000000000   0.0212132034355964   0.0212132034355964
# 10      0.0212132034355964   0.0000000000000000   0.0212132034355964
   0.0056742400   -0.0457249900   -0.0465786800
  -0.0011674500    0.0152144500    0.0140152600
   0.0122920600    0.0005308700    0.0102263100
  -0.0141621900    0.0019274100   -0.0003745700
   0.0123611700    0.0019537300   -0.0003745400
  -0.0141245000    0.0005216900    0.0075836200
  -0.0011706600   -0.0114039100   -0.0125513700
   0.0084151100    0.0289052600    0.0279439000
   0.0022342200    0.0020563600    0.0040480100
  -0.0625899100   -0.0008559400   -0.0633434300
   0.0051620100    0.0049686700    0.0013709900
   0.0085171800   -0.0008839900    0.0141330000
   0.0019430600   -0.0009021100    0.0101742900
   0.0052509600    0.0088787300    0.0013421900
   0.0291167400   -0.0007707100    0.0283348900
   0.0022479800   -0.0044155200    0.0040501200
# File: 22   
# 1       0.0000000000000000   0.0212132034355964   0.0212132034355964
# 10     -0.0212132034355964   0.0000000000000000  -0.0212132034355964
  -0.0082730100   -0.0454295400   -0.0444731000
   0.0011666300    0.0151639900    0.0163129800
   0.0141120800    0.0005310700   -0.0037954000
  -0.0123529800    0.0018883500    0.0014378800
   0.0141542200    0.0018440700    0.0014358900
  -0.0122896900    0.0005424000   -0.0064005000
   0.0011702200   -0.0113580800   -0.0101598200
  -0.0057985300    0.0289026600    0.0297561000
  -0.0022499500   -0.0043973700   -0.0063889200
   0.0622537300   -0.0009575000    0.0615325400
  -0.0051612500    0.0115206900   -0.0031585300
  -0.0085066100   -0.0009420400   -0.0027283800
  -0.0019332800   -0.0008863600    0.0063176700
  -0.0052503300    0.0025277200   -0.0031682100
  -0.0288115500   -0.0010240400   -0.0301289700
  -0.0022297000    0.0020739800   -0.0063912500
# File: 23   
# 1       0.0000000000000000   0.0212132034355964   0.0212132034355964
# 10      0.0000000000000000   0.0212132034355964   0.0212132034355964
   0.0000224000   -0.0464770000   -0.0464770000
   0.0000372400    0.0139919000    0.0139919000
   0.0132528100   -0.0004264700    0.0102047800
  -0.0132610500    0.0075314400   -0.0003323900
   0.0132528100    0.0102047800   -0.0004264700
  -0.0132610500   -0.0003323900    0.0075314400
  -0.0000197800   -0.0125296800   -0.0125296800
   0.0002640800    0.0280103400    0.0280103400
  -0.0000207200    0.0073061600    0.0073061600
  -0.0000465700   -0.0633843800   -0.0633843800
  -0.0032646000    0.0134712900    0.0013348400
   0.0032124200    0.0013503900    0.0109216900
  -0.0032646000    0.0013348400    0.0134712900
   0.0032124200    0.0109216900    0.0013503900
  -0.0001058900    0.0282067200    0.0282067200
  -0.0000099300    0.0008203800    0.0008203800
# File: 24   
# 1       0.0000000000000000   0.0212132034355964   0.0212132034355964
# 10      0.0000000000000000  -0.0212132034355964  -0.0212132034355964
  -0.0000172800   -0.0446931600   -0.0446931600
   0.0000127700    0.0163365100    0.0163365100
   0.0132608700    0.0013841000   -0.0037722400
  -0.0132525700   -0.0063484200    0.0014996900
   0.0132608700   -0.0037722400    0.0013841000
  -0.0132525700    0.0014996900   -0.0063484200
  -0.0000306500   -0.0101822600   -0.0101822600
  -0.0002685700    0.0298006900    0.0298006900
   0.0000037800   -0.0096467700   -0.0096467700
  -0.0002515900    0.0615960900    0.0615960900
   0.0032646000    0.0030116900   -0.0031230900
  -0.0032124500   -0.0031767200    0.0004771000
   0.0032646000   -0.0031230900    0.0030116900
  -0.0032124500    0.0004771000   -0.0031767200
   0.0004035100   -0.0300010000   -0.0300010000
   0.0000271100   -0.0031622200   -0.0031622200
# File: 25   
# 1       0.0000000000000000   0.0212132034355964   0.0212132034355964
# 11      0.0212132034355964   0.0000000000000000   0.0212132034355964
  -0.0008942200   -0.0455674800   -0.0464746900
  -0.0009802500    0.0151247400    0.0235862700
   0.0120751500    0.0005630400    0.0007209100
  -0.0074817000    0.0019410300   -0.0003468700
   0.0216913600    0.0018654700   -0.0004439600
  -0.0144211800    0.0005088100    0.0007413200
  -0.0008733500   -0.0113199600   -0.0055713000
  -0.0010323400    0.0290346800    0.0278787000
   0.0084249700   -0.0011786200    0.0072630000
   0.0050463600   -0.0041645300    0.0013306800
  -0.0624785800    0.0082996700   -0.0633722200
   0.0022470400    0.0023232200    0.0108918300
   0.0022543900   -0.0041476800    0.0134126700
   0.0291008700    0.0055730900    0.0281886600
   0.0053197600    0.0023251800    0.0013717800
   0.0020017300   -0.0011806600    0.0008232300
# File: 26   
# 1       0.0000000000000000   0.0212132034355964   0.0212132034355964
# 11     -0.0212132034355964   0.0000000000000000  -0.0212132034355964
   0.0008945100   -0.0455685600   -0.0446964300
   0.0008716200    0.0152025500    0.0093642500
   0.0144408800    0.0005499100    0.0030873300
  -0.0216559200    0.0018669400    0.0015176800
   0.0074473800    0.0019401300    0.0013978600
  -0.0120955000    0.0005031400    0.0030663100
   0.0009818700   -0.0113921900   -0.0197630100
   0.0010301500    0.0287582600    0.0299349800
  -0.0084418000   -0.0011616900   -0.0096036100
  -0.0053463000    0.0023666300   -0.0031293300
   0.0624819300    0.0081726900    0.0615896500
  -0.0022460200   -0.0041506600    0.0005082500
  -0.0022547900    0.0023579600    0.0030704900
  -0.0291009800    0.0058390800   -0.0300118100
  -0.0050217300   -0.0041234200   -0.0031683400
  -0.0019853000   -0.0011607600   -0.0031642700
# File: 27   
# 1       0.0000000000000000   0.0212132034355964   0.0212132034355964
# 11      0.0000000000000000   0.0212132034355964   0.0212132034355964
  -0.0000000000   -0.0372042500   -0.0465635400
  -0.0000000000    0.0141549200    0.0234849200
   0.0132968900   -0.0006387800    0.0007320700
  -0.0131358300    0.0009952000   -0.0003903800
   0.0131358300    0.0009952000   -0.0003903800
  -0.0132968900   -0.0006387800    0.0007320700
  -0.0000000000   -0.0121911000   -0.0054038700
  -0.0000000000    0.0373217700    0.0278151700
   0.0032052300    0.0010714200    0.0040290200
  -0.0034260400    0.0043006000    0.0013645800
  -0.0000000000   -0.0568274900   -0.0633235400
  -0.0000000000    0.0075974300    0.0141350800
  -0.0000000000    0.0010299400    0.0100694800
  -0.0000000000    0.0346618900    0.0283157300
   0.0034260400    0.0043006000    0.0013645800
  -0.0032052300    0.0010714200    0.0040290200
# File: 28   
# 1       0.0000000000000000   0.0212132034355964   0.0212132034355964
# 11      0.0000000000000000  -0.0212132034355964  -0.0212132034355964
   0.0000000000   -0.0567847700   -0.0444606400
   0.0000000000    0.0160597900    0.0094525400
   0.0132678300    0.0016997500    0.0030752600
  -0.0133681400    0.0028123200    0.0014531900
   0.0133681400    0.0028123200    0.0014531900
  -0.0132678300    0.0016997500    0.0030752600
   0.0000000000   -0.0104182800   -0.0199420600
   0.0000000000    0.0230697700    0.0298756500
  -0.0032211300   -0.0034090300   -0.0063683000
   0.0031253900   -0.0060928100   -0.0031604400
   0.0000000000    0.0734962000    0.0615063300
   0.0000000000   -0.0094146600   -0.0027290900
   0.0000000000   -0.0028058300    0.0064255300
   0.0000000000   -0.0232226900   -0.0301276800
  -0.0031253900   -0.0060928100   -0.0031604400
   0.0032211300   -0.0034090300   -0.0063683000
# File: 29   
# 1       0.0000000000000000   0.0212132034355964   0.0212132034355964
# 12      0.0212132034355964   0.0000000000000000   0.0212132034355964
  -0.0009632500   -0.0454295800   -0.0399752700
  -0.0008848100    0.0152692000    0.0142684000
   0.0189096400    0.0005316400    0.0010904400
  -0.0144092800    0.0019175000   -0.0006389600
   0.0120617100    0.0018887300   -0.0006421500
  -0.0052590400    0.0005414700    0.0009120600
  -0.0008837600   -0.0115323000   -0.0122449000
  -0.0007266600    0.0289115500    0.0345631200
   0.0052377300   -0.0044210200    0.0010783200
   0.0083180600   -0.0009361800    0.0075764100
   0.0022468400    0.0114798500    0.0043000400
  -0.0624919000   -0.0009633000   -0.0541610800
   0.0291066200   -0.0010262300    0.0373335800
   0.0022429700    0.0025579600    0.0043634700
   0.0022332800   -0.0008905600    0.0011044900
   0.0052618400    0.0021012700    0.0010720200
# File: 30   
# 1       0.0000000000000000   0.0212132034355964   0.0212132034355964
# 12     -0.0212132034355964   0.0000000000000000  -0.0212132034355964
   0.0008815800   -0.0457264400   -0.0487824400
   0.0008840600    0.0150615400    0.0160593900
   0.0049680500    0.0005303300    0.0028204900
  -0.0121067300    0.0019414500    0.0017004000
   0.0144533700    0.0018674200    0.0017034800
  -0.0186425400    0.0005226000    0.0027907700
   0.0008852200   -0.0111834900   -0.0104669500
   0.0008231500    0.0288966400    0.0205880900
  -0.0052529900    0.0020788900   -0.0034172600
  -0.0086155500   -0.0008604200   -0.0093751100
  -0.0022462200    0.0050117500   -0.0060836600
   0.0624811800   -0.0008783100    0.0657742800
  -0.0290954000   -0.0007600300   -0.0208173500
  -0.0022420300    0.0088464100   -0.0061850100
  -0.0019323700   -0.0009067400   -0.0028983500
  -0.0052428000   -0.0044416000   -0.0034107600
# File: 31   
# 1       0.0000000000000000   0.0212132034355964   0.0212132034355964
# 12      0.0000000000000000   0.0212132034355964   0.0212132034355964
   0.0000000000   -0.0463880100   -0.0399811100
   0.0000000000    0.0207696700    0.0143499700
   0.0133816000   -0.0003478100    0.0010118800
  -0.0132211800    0.0007295300   -0.0006448700
   0.0132211800    0.0007295300   -0.0006448700
  -0.0133816000   -0.0003478100    0.0010118800
   0.0000000000   -0.0033841000   -0.0123391100
   0.0000000000    0.0281861600    0.0344304100
  -0.0032723300    0.0040888600    0.0010818600
   0.0030513000    0.0013326100    0.0043589300
   0.0000000000    0.0167482000    0.0075458400
   0.0000000000   -0.0634528100   -0.0542191200
   0.0000000000    0.0280796500    0.0374587700
   0.0000000000    0.0078348600    0.0011387500
  -0.0030513000    0.0013326100    0.0043589300
   0.0032723300    0.0040888600    0.0010818600
# File: 32   
# 1       0.0000000000000000   0.0212132034355964   0.0212132034355964
# 12      0.0000000000000000  -0.0212132034355964  -0.0212132034355964
   0.0000000000   -0.0448503000   -0.0487555100
   0.0000000000    0.0069188800    0.0160746800
   0.0131331800    0.0014107300    0.0027954400
  -0.0132425000    0.0030778700    0.0017058400
   0.0132425000    0.0030778700    0.0017058400
  -0.0131331800    0.0014107300    0.0027954400
   0.0000000000   -0.0167128900   -0.0104805000
   0.0000000000    0.0297149300    0.0207117500
   0.0032541900   -0.0064280100   -0.0034196200
  -0.0033476600   -0.0031288200   -0.0061506200
   0.0000000000   -0.0002578600   -0.0093244600
   0.0000000000    0.0616031300    0.0657997800
   0.0000000000   -0.0298548200   -0.0209353700
   0.0000000000    0.0035753800   -0.0029524500
   0.0033476600   -0.0031288200   -0.0061506200
  -0.0032541900   -0.0064280100   -0.0034196200
# File: 33   
# 9       0.0000000000000000   0.0212132034355964   0.0212132034355964
# 1       0.0212132034355964   0.0000000000000000   0.0212132034355964
  -0.0455655100   -0.0011799100   -0.0467652800
   0.0005228700    0.0123637500    0.0010090700
   0.0151887900    0.0056416200    0.0143304500
   0.0019045800   -0.0142016900    0.0088010800
   0.0019058100    0.0124276100    0.0061726000
  -0.0113329800    0.0082669500   -0.0122956500
   0.0005175600   -0.0141616200    0.0010002900
   0.0288837700   -0.0011730600    0.0277357200
  -0.0011456600   -0.0624710700   -0.0636353400
   0.0082250600    0.0084334600    0.0075391900
   0.0023362100    0.0020844900    0.0043280200
  -0.0041667800    0.0052500300    0.0079443800
   0.0023149200    0.0052132700    0.0104882000
  -0.0041260900    0.0024045500    0.0043390000
   0.0057074100    0.0019877200    0.0010742100
  -0.0011699600    0.0291138800    0.0279340600
# File: 34   
# 9       0.0000000000000000   0.0212132034355964   0.0212132034355964
# 1      -0.0212132034355964   0.0000000000000000  -0.0212132034355964
   0.0456187800   -0.0011643300    0.0444242100
  -0.0005180000   -0.0141643500   -0.0028112800
  -0.0151879200    0.0056643200   -0.0160465200
  -0.0019047600    0.0122762900    0.0077577300
  -0.0019068100   -0.0141430600    0.0051365700
   0.0113338000    0.0082889700    0.0103706700
  -0.0005227200    0.0123604700   -0.0028017900
  -0.0289339900   -0.0011737700   -0.0300800800
   0.0011437000   -0.0625230900   -0.0613471000
  -0.0056908000    0.0085176900    0.0094315400
   0.0041424300    0.0021105400    0.0061341100
  -0.0023279900    0.0052057700   -0.0059925900
   0.0041815700    0.0052473600   -0.0034552000
  -0.0023476100    0.0023898900    0.0061179100
  -0.0082506000    0.0019938800    0.0028878600
   0.0011709300    0.0291134300    0.0302739600
# File: 35   
# 9       0.0000000000000000   0.0212132034355964   0.0212132034355964
# 1       0.0000000000000000   0.0212132034355964   0.0212132034355964
   0.0000087900   -0.0467549200   -0.0467549200
  -0.0000189800    0.0142641300    0.0142641300
   0.0132826800    0.0061838200    0.0010504500
  -0.0132326500    0.0009349200    0.0088109700
   0.0132826800    0.0010504500    0.0061838200
  -0.0132326500    0.0088109700    0.0009349200
  -0.0000248500   -0.0122562100   -0.0122562100
  -0.0000252000    0.0277361600    0.0277361600
   0.0000410600   -0.0636597300   -0.0636597300
  -0.0001777700    0.0075781800    0.0075781800
   0.0032186900    0.0104792800    0.0043090000
  -0.0032568900    0.0043408000    0.0079557900
   0.0032186900    0.0043090000    0.0104792800
  -0.0032568900    0.0079557900    0.0043408000
   0.0001647300    0.0010925800    0.0010925800
   0.0000085600    0.0279347700    0.0279347700
# File: 36   
# 9       0.0000000000000000   0.0212132034355964   0.0212132034355964
# 1       0.0000000000000000  -0.0212132034355964  -0.0212132034355964
   0.0000418300    0.0444168100    0.0444168100
   0.0000235700   -0.0160649300   -0.0160649300
  -0.0132827200    0.0051249300   -0.0027675900
   0.0132325900   -0.0028616700    0.0077478700
  -0.0132827200   -0.0027675900    0.0051249300
   0.0132325900    0.0077478700   -0.0028616700
   0.0000201300    0.0104564400    0.0104564400
  -0.0000253200   -0.0300804600   -0.0300804600
  -0.0000607500   -0.0613218200   -0.0613218200
  -0.0001273900    0.0093751300    0.0093751300
   0.0032597200   -0.0034472400    0.0061693700
  -0.0032167400    0.0060946700   -0.0060051500
   0.0032597200    0.0061693700   -0.0034472400
  -0.0032167400   -0.0060051500    0.0060946700
   0.0001335400    0.0028896500    0.0028896500
   0.0000086800    0.0302739900    0.0302739900
# File: 37   
# 9       0.0000000000000000   0.0212132034355964   0.0212132034355964
# 2       0.0212132034355964   0.0000000000000000   0.0212132034355964
   0.0005629600    0.0120751700    0.0007207800
  -0.0455676000   -0.0008942200   -0.0464746000
   0.0019412000   -0.0074817500   -0.0003467700
   0.0151247900   -0.0009803300    0.0235864500
  -0.0113200200   -0.0008732200   -0.0055714700
   0.0018654500    0.0216915100   -0.0004440000
   0.0290348500   -0.0010324400    0.0278786500
   0.0005088700   -0.0144211800    0.0007413400
   0.0082995900   -0.0624787000   -0.0633722800
  -0.0011786800    0.0084249000    0.0072629400
   0.0023232500    0.0022472800    0.0108919600
  -0.0041646800    0.0050463900    0.0013307000
   0.0023249800    0.0053199300    0.0013717700
  -0.0041476500    0.0022541200    0.0134125700
  -0.0011805300    0.0020017800    0.0008232600
   0.0055732100    0.0291007700    0.0281886900
# File: 38   
# 9       0.0000000000000000   0.0212132034355964   0.0212132034355964
# 2      -0.0212132034355964   0.0000000000000000  -0.0212132034355964
  -0.0005113400   -0.0144196300   -0.0030663300
   0.0455577300   -0.0009135800    0.0446767900
  -0.0019404000    0.0187908200   -0.0013705000
  -0.0151205600   -0.0009444000   -0.0070291200
   0.0113253200   -0.0008439200    0.0168814300
  -0.0018650900   -0.0051286200   -0.0014798900
  -0.0290295900   -0.0007641400   -0.0296688800
  -0.0005593100    0.0120730000   -0.0030885800
  -0.0057376600   -0.0624873200   -0.0615758400
   0.0011706600    0.0085097700    0.0096883800
   0.0041317500    0.0022459600   -0.0029789900
  -0.0023122600    0.0051091100    0.0031652800
   0.0041533800    0.0054332900    0.0031201700
  -0.0023145000    0.0022425900   -0.0004253000
   0.0011790900    0.0019963600    0.0031584700
  -0.0081272200    0.0291007000    0.0299929200
# File: 39   
# 9       0.0000000000000000   0.0212132034355964   0.0212132034355964
# 2       0.0000000000000000   0.0212132034355964   0.0212132034355964
   0.0000373600    0.0139920800    0.0139920800
   0.0000222100   -0.0464772600   -0.0464772600
  -0.0132613300    0.0075313600   -0.0003324100
   0.0132530700   -0.0004264100    0.0102048300
  -0.0132613300   -0.0003324100    0.0075313600
   0.0132530700    0.0102048300   -0.0004264100
   0.0002641300    0.0280106300    0.0280106300
  -0.0000198000   -0.0125300700   -0.0125300700
  -0.0000464100   -0.0633845100   -0.0633845100
  -0.0000208800    0.0073063400    0.0073063400
   0.0032125100    0.0013505900    0.0109217900
  -0.0032646700    0.0134712700    0.0013347900
   0.0032125100    0.0109217900    0.0013505900
  -0.0032646700    0.0013347900    0.0134712700
  -0.0000102000    0.0008202300    0.0008202300
  -0.0001055700    0.0282067500    0.0282067500
# File: 40   
# 9       0.0000000000000000   0.0212132034355964   0.0212132034355964
# 2       0.0000000000000000  -0.0212132034355964  -0.0212132034355964
   0.0000132900   -0.0163367800   -0.0163367800
  -0.0000178500    0.0446933100    0.0446933100
   0.0132611400    0.0037721400   -0.0013841600
  -0.0132528200   -0.0014997000    0.0063484800
   0.0132611400   -0.0013841600    0.0037721400
  -0.0132528200    0.0063484800   -0.0014997000
  -0.0002684800   -0.0298008400   -0.0298008400
  -0.0000306900    0.0101825500    0.0101825500
  -0.0002541300   -0.0615960200   -0.0615960200
  -0.0000028400    0.0096468700    0.0096468700
   0.0032668500    0.0031216000   -0.0030092100
  -0.0032101500   -0.0004794600    0.0031782300
   0.0032668500   -0.0030092100    0.0031216000
  -0.0032101500    0.0031782300   -0.0004794600
   0.0000269700    0.0031621300    0.0031621300
   0.0004036800    0.0300008700    0.0300008700
# File: 41   
# 9       0.0000000000000000   0.0212132034355964   0.0212132034355964
# 3       0.0212132034355964   0.0000000000000000   0.0212132034355964
   0.0152143800   -0.0011674300    0.0140151900
   0.0019275700   -0.0141620000   -0.0003744900
  -0.0457247600    0.0056743500   -0.0465783900
   0.0005307800    0.0122918500    0.0102261300
   0.0005216900   -0.0141243500    0.0075836300
   0.0289051500    0.0084149200    0.0279438400
   0.0019536300    0.0123610600   -0.0003745900
  -0.0114037700   -0.0011706000   -0.0125512500
  -0.0008560500   -0.0625899500   -0.0633433800
  -0.0008839300    0.0085173000    0.0141329500
   0.0020562600    0.0022343000    0.0040481100
   0.0049684700    0.0051618800    0.0013708000
   0.0088788100    0.0052509500    0.0013422000
  -0.0044151900    0.0022477700    0.0040499800
  -0.0009022700    0.0019432200    0.0101743800
  -0.0007707700    0.0291167300    0.0283349000
# File: 42   
# 9       0.0000000000000000   0.0212132034355964   0.0212132034355964
# 3      -0.0212132034355964   0.0000000000000000  -0.0212132034355964
  -0.0151618600   -0.0011787900   -0.0163617400
  -0.0019251100    0.0123615100   -0.0014271800
   0.0457285900    0.0056318400    0.0448758400
  -0.0005309500   -0.0142167000    0.0063296000
  -0.0005224500    0.0124095400    0.0037177300
  -0.0289028600    0.0081572100   -0.0298606700
  -0.0019562300   -0.0141612300   -0.0014266300
   0.0113522600   -0.0011758000    0.0102047900
   0.0008532400   -0.0626597600   -0.0616367300
   0.0008548400    0.0084316300    0.0002721900
   0.0044224500    0.0022421700    0.0064140200
  -0.0089023600    0.0052905300    0.0031455400
  -0.0049420500    0.0052053200    0.0031293900
  -0.0020584700    0.0022651700    0.0064069800
   0.0009216100    0.0020328400   -0.0036574200
   0.0007693500    0.0293645200    0.0298743000
# File: 43   
# 9       0.0000000000000000   0.0212132034355964   0.0212132034355964
# 3       0.0000000000000000   0.0212132034355964   0.0212132034355964
   0.0132971400   -0.0006386800    0.0007320100
  -0.0131361700    0.0009951700   -0.0003903300
   0.0000000000   -0.0372046700   -0.0465637600
   0.0000000000    0.0141551700    0.0234852600
   0.0000000000   -0.0121913100   -0.0054041800
   0.0000000000    0.0373220500    0.0278153900
   0.0131361700    0.0009951700   -0.0003903300
  -0.0132971400   -0.0006386800    0.0007320100
   0.0000000000   -0.0568274800   -0.0633238600
   0.0000000000    0.0075976500    0.0141351500
   0.0032052700    0.0010713700    0.0040290500
  -0.0034260400    0.0043005900    0.0013646000
   0.0034260400    0.0043005900    0.0013646000
  -0.0032052700    0.0010713700    0.0040290500
   0.0000000000    0.0010296800    0.0100694200
   0.0000000000    0.0346620000    0.0283159300
# File: 44   
# 9       0.0000000000000000   0.0212132034355964   0.0212132034355964
# 3       0.0000000000000000  -0.0212132034355964  -0.0212132034355964
  -0.0132424500   -0.0017058400   -0.0030779000
   0.0131329700   -0.0027953800   -0.0014107200
   0.0000000000    0.0487549200    0.0448504200
   0.0000000000   -0.0160743400   -0.0069186900
   0.0000000000    0.0104805000    0.0167126900
   0.0000000000   -0.0207115500   -0.0297148100
  -0.0131329700   -0.0027953800   -0.0014107200
   0.0132424500   -0.0017058400   -0.0030779000
   0.0000000000   -0.0657996200   -0.0616035400
   0.0000000000    0.0093244200    0.0002581300
   0.0032541300    0.0034196600    0.0064281400
  -0.0033475600    0.0061505200    0.0031286800
   0.0033475600    0.0061505200    0.0031286800
  -0.0032541300    0.0034196600    0.0064281400
   0.0000000000    0.0029521400   -0.0035753000
   0.0000000000    0.0209356100    0.0298547000
# File: 45   
# 9       0.0000000000000000   0.0212132034355964   0.0212132034355964
# 4       0.0212132034355964   0.0000000000000000   0.0212132034355964
   0.0019175800   -0.0144090800   -0.0006389500
   0.0152691100   -0.0008848200    0.0142683800
   0.0005315900    0.0189094200    0.0010904100
  -0.0454295300   -0.0009632500   -0.0399751100
   0.0289114600   -0.0007266800    0.0345629200
   0.0005414200   -0.0052588600    0.0009121100
  -0.0115321100   -0.0008837600   -0.0122448700
   0.0018887200    0.0120616800   -0.0006421400
  -0.0009631600   -0.0624918300   -0.0541610800
  -0.0009363200    0.0083181800    0.0075764200
   0.0114796300    0.0022468400    0.0043000200
  -0.0044210900    0.0052376400    0.0010782700
   0.0021015100    0.0052619000    0.0010719800
   0.0025581300    0.0022427900    0.0043634000
  -0.0008906600    0.0022334900    0.0011045900
  -0.0010262900    0.0291063400    0.0373336500
# File: 46   
# 9       0.0000000000000000   0.0212132034355964   0.0212132034355964
# 4      -0.0212132034355964   0.0000000000000000  -0.0212132034355964
  -0.0018672600    0.0120608400   -0.0017067400
  -0.0152550200   -0.0009155600   -0.0160680100
  -0.0005300300   -0.0075924100   -0.0028060600
   0.0454249400   -0.0009705300    0.0567996100
  -0.0288966100   -0.0009842900   -0.0232123700
  -0.0005428800    0.0218135700   -0.0028372400
   0.0115259700   -0.0009186800    0.0104433000
  -0.0019378200   -0.0144061300   -0.0017026700
   0.0009673400   -0.0624725000   -0.0735819700
   0.0009284300    0.0083319900    0.0093712800
  -0.0024695200    0.0022464700    0.0061738800
  -0.0020539100    0.0052012000    0.0034156600
   0.0043756700    0.0052156100    0.0034189800
  -0.0115932600    0.0022540200    0.0060630100
   0.0008904100    0.0020414000    0.0028701500
   0.0010335400    0.0290949900    0.0233591900
# File: 47   
# 9       0.0000000000000000   0.0212132034355964   0.0212132034355964
# 4       0.0000000000000000   0.0212132034355964   0.0212132034355964
  -0.0132213200    0.0007295700   -0.0006449300
   0.0133816100   -0.0003477900    0.0010118900
   0.0000000000    0.0207696000    0.0143500700
   0.0000000000   -0.0463881400   -0.0399810000
   0.0000000000    0.0281863000    0.0344302700
   0.0000000000   -0.0033843200   -0.0123392200
  -0.0133816100   -0.0003477900    0.0010118900
   0.0132213200    0.0007295700   -0.0006449300
   0.0000000000   -0.0634528400   -0.0542192200
   0.0000000000    0.0167481500    0.0075454500
   0.0030512300    0.0013326000    0.0043589100
  -0.0032721800    0.0040887400    0.0010819100
   0.0032721800    0.0040887400    0.0010819100
  -0.0030512300    0.0013326000    0.0043589100
   0.0000000000    0.0078349200    0.0011391500
   0.0000000000    0.0280800700    0.0374589500
# File: 48   
# 9       0.0000000000000000   0.0212132034355964   0.0212132034355964
# 4       0.0000000000000000  -0.0212132034355964  -0.0212132034355964
   0.0132681100   -0.0030752300   -0.0016998400
  -0.0133684600   -0.0014531600   -0.0028122800
   0.0000000000   -0.0094528100   -0.0160602500
   0.0000000000    0.0444607300    0.0567854600
   0.0000000000   -0.0298758000   -0.0230701400
   0.0000000000    0.0199423900    0.0104187000
   0.0133684600   -0.0014531600   -0.0028122800
  -0.0132681100   -0.0030752300   -0.0016998400
   0.0000000000   -0.0615058100   -0.0734965300
   0.0000000000    0.0027288600    0.0094146400
   0.0031254300    0.0031605800    0.0060927400
  -0.0032210300    0.0063680900    0.0034091300
   0.0032210300    0.0063680900    0.0034091300
  -0.0031254300    0.0031605800    0.0060927400
   0.0000000000   -0.0064258500    0.0028058000
   0.0000000000    0.0301277300    0.0232228400
# File: 49   
# 9       0.0000000000000000   0.0212132034355964   0.0212132034355964
# 9       0.0212132034355964   0.0000000000000000   0.0212132034355964
  -0.0011212500   -0.0011212500   -0.0023202700
   0.0056460100   -0.0008546200   -0.0017115100
  -0.0008546200    0.0056460100   -0.0017115100
  -0.0010428700   -0.0010428700    0.0194065100
  -0.0008309200   -0.0008309200    0.0088894600
  -0.0009605700    0.0082605800   -0.0019194400
   0.0082605800   -0.0009605700   -0.0019194400
  -0.0012235400   -0.0012235400   -0.0023695300
  -0.0623727200   -0.0623727200   -0.1253502900
   0.0022406400    0.0117186000    0.0137103300
   0.0117186000    0.0022406400    0.0137103300
   0.0019880600    0.0019880600    0.0044959500
   0.0084671300    0.0084671300    0.0044891500
  -0.0012445900    0.0022488800    0.0072098700
   0.0022488800   -0.0012445900    0.0072098700
   0.0290811800    0.0290811800    0.0581805200
# File: 50   
# 9       0.0000000000000000   0.0212132034355964   0.0212132034355964
# 9      -0.0212132034355964   0.0000000000000000  -0.0212132034355964
   0.0011734000   -0.0011734000   -0.0000244800
  -0.0082788900   -0.0009636800    0.0000000000
   0.0008573100    0.0056521000    0.0000000000
   0.0009007900   -0.0009007900   -0.0000015100
   0.0009007900   -0.0009007900    0.0000015100
   0.0009636800    0.0082788900    0.0000000000
  -0.0056521000   -0.0008573100    0.0000000000
   0.0011734000   -0.0011734000    0.0000244800
   0.0624884600   -0.0624884600    0.0000000000
  -0.0022497900    0.0052297800    0.0032386100
  -0.0052297800    0.0022497900   -0.0032386100
  -0.0084716800    0.0084716800    0.0000000000
  -0.0019909300    0.0019909300    0.0000000000
  -0.0052297800    0.0022497900    0.0032386100
  -0.0022497900    0.0052297800   -0.0032386100
  -0.0291050900    0.0291050900    0.0000000000
# File: 51   
# 9       0.0000000000000000   0.0212132034355964   0.0212132034355964
# 10      0.0212132034355964   0.0000000000000000   0.0212132034355964
   0.0056354800   -0.0011855100   -0.0020449000
  -0.0012126100   -0.0008786100   -0.0020781900
  -0.0009266900    0.0056634900    0.0073821700
  -0.0009349300   -0.0009932700    0.0073774000
  -0.0008667800   -0.0008171700    0.0047491800
  -0.0008921000    0.0082731000    0.0047374000
  -0.0011330300   -0.0009223000   -0.0020693200
   0.0082958800   -0.0011602800   -0.0021225100
   0.0022449100   -0.0592471100   -0.0572538100
  -0.0624937200    0.0084647500   -0.0540213100
   0.0084680100   -0.0009907700    0.0074796300
   0.0052384700    0.0052247000    0.0107251800
   0.0052302600    0.0052301700    0.0042366100
   0.0019932600    0.0054877000    0.0074755900
   0.0291057200    0.0019849500    0.0310913200
   0.0022478900    0.0258661600    0.0343355500
# File: 52   
# 9       0.0000000000000000   0.0212132034355964   0.0212132034355964
# 10     -0.0212132034355964   0.0000000000000000  -0.0212132034355964
  -0.0082073800   -0.0011609800   -0.0001963100
   0.0012178400   -0.0008723300    0.0002769500
   0.0008229800    0.0056473800   -0.0064669000
   0.0009338300   -0.0009284500    0.0091766200
   0.0008661700   -0.0009038000    0.0065554900
   0.0009989300    0.0082870700   -0.0092824700
   0.0011279900   -0.0009288000    0.0002675000
  -0.0057181700   -0.0011856500   -0.0003292000
  -0.0022466000   -0.0657354200   -0.0677243100
   0.0624789300    0.0084909100    0.0709672000
  -0.0019885400    0.0054857400    0.0029826800
  -0.0117134600    0.0052311000   -0.0062277800
   0.0012489500    0.0052303700    0.0002559200
  -0.0084672800   -0.0009901400    0.0029814300
  -0.0291065400    0.0019944400   -0.0271166500
  -0.0022476600    0.0323385800    0.0238798300
# File: 53   
# 9       0.0000000000000000   0.0212132034355964   0.0212132034355964
# 11      0.0000000000000000   0.0212132034355964   0.0212132034355964
   0.0000253200    0.0044646500   -0.0020483800
  -0.0000374000   -0.0018554300    0.0073841300
   0.0000253200    0.0044646500   -0.0020483800
  -0.0000374000   -0.0018554300    0.0073841300
   0.0000387000   -0.0017668100    0.0047495400
  -0.0000249400    0.0071256300   -0.0021189700
   0.0000387000   -0.0017668100    0.0047495400
  -0.0000249400    0.0071256300   -0.0021189700
   0.0032384600   -0.0602465500   -0.0572611700
  -0.0032408900    0.0137047800    0.0107249400
   0.0032384600   -0.0602465500   -0.0572611700
  -0.0032408900    0.0137047800    0.0107249400
   0.0032398400    0.0072219600    0.0042374500
  -0.0032391000    0.0313517700    0.0343324500
   0.0032398400    0.0072219600    0.0042374500
  -0.0032391000    0.0313517700    0.0343324500
# File: 54   
# 9       0.0000000000000000   0.0212132034355964   0.0212132034355964
# 11      0.0000000000000000  -0.0212132034355964  -0.0212132034355964
   0.0000254200   -0.0094318800   -0.0001925000
   0.0000419600   -0.0000494600   -0.0065548500
   0.0000253600    0.0068428800    0.0003310600
   0.0000436700   -0.0000712900    0.0091701700
  -0.0000419600    0.0000494600    0.0065548500
  -0.0000254200    0.0094318800    0.0001925000
  -0.0000436700    0.0000712900   -0.0091701700
  -0.0000253600   -0.0068428800   -0.0003310600
  -0.0032410800   -0.0647324400   -0.0677153800
   0.0032342200    0.0032486800    0.0062294700
   0.0032410800    0.0647324400    0.0677153800
  -0.0032342200   -0.0032486800   -0.0062294700
   0.0032395000    0.0032398000    0.0002549400
  -0.0032384600   -0.0268586400   -0.0238827100
  -0.0032395000   -0.0032398000   -0.0002549400
   0.0032384600    0.0268586400    0.0238827100
# File: 55   
# 9       0.0000000000000000   0.0212132034355964   0.0212132034355964
# 11      0.0212132034355964   0.0000000000000000   0.0212132034355964
  -0.0008799700   -0.0012127100   -0.0020794500
  -0.0009923300   -0.0009337200    0.0073774400
  -0.0011842400    0.0056363300   -0.0020435300
   0.0056633900   -0.0009280900    0.0073812100
   0.0082731200   -0.0008907500    0.0047381900
  -0.0011615000    0.0082949500   -0.0021237900
  -0.0008180500   -0.0008679900    0.0047491100
  -0.0009209500   -0.0011330100   -0.0020681900
   0.0084644000   -0.0624937900   -0.0540216700
   0.0052246700    0.0052390600    0.0107253500
  -0.0592466700    0.0022449100   -0.0572533800
  -0.0009912200    0.0084676300    0.0074797000
   0.0054880400    0.0019935900    0.0074757000
   0.0258658900    0.0022480500    0.0343351300
   0.0052302200    0.0052297500    0.0042363700
   0.0019852100    0.0291057900    0.0310918300
# File: 56   
# 9       0.0000000000000000   0.0212132034355964   0.0212132034355964
# 11     -0.0212132034355964   0.0000000000000000  -0.0212132034355964
   0.0009311800   -0.0011280900   -0.0002661900
   0.0009031000   -0.0008674700   -0.0065553400
   0.0011843000    0.0057175300    0.0003268200
  -0.0082872000   -0.0009965100    0.0092831400
  -0.0056472100   -0.0008254200    0.0064662100
   0.0011623800    0.0082080900    0.0001987200
   0.0009290600   -0.0009324700   -0.0091767700
   0.0008699400   -0.0012176800   -0.0002782600
  -0.0084908900   -0.0624789200   -0.0709672700
  -0.0052312100    0.0117136500    0.0062278600
   0.0657355100    0.0022466800    0.0677242100
  -0.0054859100    0.0019884100   -0.0029826300
   0.0009903100    0.0084672900   -0.0029814200
  -0.0323386500    0.0022476600   -0.0238797600
  -0.0052303200   -0.0012492500   -0.0002560900
  -0.0019943900    0.0291064900    0.0271167700
# File: 57   
# 9       0.0000000000000000   0.0212132034355964   0.0212132034355964
# 11      0.0212132034355964   0.0212132034355964   0.0000000000000000
  -0.0008413100    0.0044599600   -0.0011816100
  -0.0008896900   -0.0018017600   -0.0009112400
  -0.0011816100    0.0044599600   -0.0008413100
   0.0057093000   -0.0018192300    0.0082276900
   0.0082276900   -0.0018192300    0.0057093000
  -0.0011660500    0.0071286900   -0.0009781500
  -0.0009112400   -0.0018017600   -0.0008896900
  -0.0009781500    0.0071286900   -0.0011660500
   0.0052280900   -0.0602450600   -0.0592527400
   0.0019859200    0.0104662500    0.0084758500
  -0.0592527400   -0.0602450600    0.0052280900
  -0.0009895100    0.0104592700    0.0054891100
   0.0054891100    0.0104592700   -0.0009895100
   0.0258651000    0.0313518700    0.0052292100
   0.0084758500    0.0104662500    0.0019859200
   0.0052292100    0.0313518700    0.0258651000
# File: 58   
# 9       0.0000000000000000   0.0212132034355964   0.0212132034355964
# 11     -0.0212132034355964  -0.0212132034355964   0.0000000000000000
   0.0009979200   -0.0094276400   -0.0011648500
   0.0008956900   -0.0000000000   -0.0008956900
   0.0011804400    0.0068477900   -0.0008241700
  -0.0083318500   -0.0000000000    0.0083318500
  -0.0056016500   -0.0000000000    0.0056016500
   0.0011648500    0.0094276400   -0.0009979200
   0.0009063100   -0.0000000000   -0.0009063100
   0.0008241700   -0.0068477900   -0.0011804400
  -0.0052311300   -0.0647335300   -0.0657281400
  -0.0019945500    0.0064853800    0.0084772500
   0.0657281400    0.0647335300    0.0052311300
  -0.0054838900   -0.0000024300   -0.0009914000
   0.0009914000    0.0000024300    0.0054838900
  -0.0323408900   -0.0268575300    0.0052277100
  -0.0084772500   -0.0064853800    0.0019945500
  -0.0052277100    0.0268575300    0.0323408900
# File: 59   
# 9       0.0000000000000000   0.0212132034355964   0.0212132034355964
# 15      0.0212132034355964   0.0000000000000000   0.0212132034355964
   0.0083006400   -0.0011654300   -0.0021266900
  -0.0011670900   -0.0009371500   -0.0020833200
  -0.0008681400    0.0055625500    0.0047404800
  -0.0008928900   -0.0009110000    0.0073915800
  -0.0009093100   -0.0009018600    0.0047393800
  -0.0009532900    0.0083757900    0.0073796300
  -0.0011788600   -0.0008648100   -0.0020646000
   0.0056302100   -0.0011812600   -0.0020408600
   0.0022475400   -0.0657270900   -0.0572641400
   0.0291021600    0.0084735100    0.0375778000
   0.0084699000    0.0054867000    0.0074774500
  -0.0012459400    0.0052286700    0.0042390600
   0.0117154700    0.0052274900    0.0107236200
   0.0019913700   -0.0009894900    0.0074767100
  -0.0624891200    0.0019802700   -0.0605011100
   0.0022473600    0.0323431100    0.0343350100
# File: 60   
# 9       0.0000000000000000   0.0212132034355964   0.0212132034355964
# 15     -0.0212132034355964   0.0000000000000000  -0.0212132034355964
  -0.0056240700   -0.0011814700   -0.0003238400
   0.0011730100   -0.0009157000    0.0002822800
   0.0009716400    0.0057485200   -0.0090778100
   0.0008919800   -0.0010209600    0.0091615600
   0.0009089100   -0.0008111900    0.0065652100
   0.0008490300    0.0081839700   -0.0066765000
   0.0011739700   -0.0008852400    0.0002631700
  -0.0083047800   -0.0011652500   -0.0002019900
  -0.0022507400   -0.0592536700   -0.0677120500
  -0.0291100200    0.0084829000   -0.0206302200
  -0.0019900300   -0.0009917800    0.0029842700
  -0.0052278100    0.0052275300    0.0002584200
  -0.0052357400    0.0052337300   -0.0062295800
  -0.0084657100    0.0054867200    0.0029795600
   0.0624867900    0.0019981800    0.0644790100
  -0.0022464200    0.0258637100    0.0238785000
# File: 61   
# 9       0.0000000000000000   0.0212132034355964   0.0212132034355964
# 16      0.0212132034355964   0.0000000000000000   0.0212132034355964
  -0.0011470700   -0.0011985700   -0.0023453200
   0.0082916100   -0.0010269600   -0.0019872600
  -0.0007722000    0.0056616600   -0.0016286800
  -0.0009813100   -0.0008303400    0.0139616000
  -0.0008303400   -0.0009813100    0.0139616000
  -0.0010269600    0.0082916100   -0.0019872600
   0.0056616600   -0.0007722000   -0.0016286800
  -0.0011985700   -0.0011470700   -0.0023453200
   0.0290856100   -0.0625054800   -0.0334103600
   0.0022443600    0.0052407100    0.0137024300
   0.0052306600    0.0022463100    0.0072150100
   0.0019922300    0.0084687900    0.0044925800
   0.0084687900    0.0019922300    0.0044925800
   0.0052407100    0.0022443600    0.0137024300
   0.0022463100    0.0052306600    0.0072150100
  -0.0625054800    0.0290856100   -0.0334103600
# File: 62   
# 9       0.0000000000000000   0.0212132034355964   0.0212132034355964
# 16     -0.0212132034355964   0.0000000000000000  -0.0212132034355964
   0.0011974700   -0.0011974700   -0.0000000000
  -0.0056507900   -0.0007720900    0.0000834400
   0.0007720900    0.0056507900   -0.0000834400
   0.0010940000   -0.0010940000   -0.0000000000
   0.0007316000   -0.0007316000   -0.0000000000
   0.0010269200    0.0082804300    0.0000640800
  -0.0082804300   -0.0010269200   -0.0000640800
   0.0011494500   -0.0011494500   -0.0000000000
  -0.0291007700   -0.0624820100   -0.0915924400
  -0.0022512200    0.0117130400    0.0032469800
   0.0012487500    0.0022475400    0.0032419000
  -0.0084700200    0.0019884600    0.0000010800
  -0.0019884600    0.0084700200   -0.0000010800
  -0.0117130400    0.0022512200   -0.0032469800
  -0.0022475400   -0.0012487500   -0.0032419000
   0.0624820100    0.0291007700    0.0915924400
