64   
14   

1    
  0.0040848989666515   0.0040848995548162   0.0081625483802127
  -0.0164044400   -0.0165177400   -0.0304270300
  -0.0000469800   -0.0000449800   -0.0001584900
   0.0000082800   -0.0000120600   -0.0001580100
   0.0000889100    0.0000824300   -0.0003490900
   0.0001105900    0.0000423400    0.0000614800
  -0.0000625000    0.0001079800    0.0000688200
   0.0000534000   -0.0000838900    0.0000312500
  -0.0000401100   -0.0000336200   -0.0000306200
   0.0001581900    0.0000785600    0.0001040100
  -0.0011985800    0.0005926100    0.0009478300
  -0.0000716200   -0.0000497600    0.0000789500
  -0.0001770800    0.0002164400   -0.0000437700
  -0.0002275100   -0.0007516500    0.0003618100
   0.0001569200    0.0002768800    0.0005376600
   0.0000143700    0.0001188800    0.0000429400
   0.0001397100   -0.0001145600    0.0001419300
   0.0015135700    0.0011819700   -0.0022126900
   0.0005035800   -0.0007271800   -0.0014832100
  -0.0005112700    0.0009131200   -0.0015150200
  -0.0001295700    0.0001624600   -0.0007813200
  -0.0000130100   -0.0000304200    0.0000068400
  -0.0003559200    0.0000773100    0.0001857600
   0.0000299400   -0.0001393400    0.0002026500
   0.0000474300   -0.0000500500    0.0000060600
  -0.0001939700    0.0004725400   -0.0000435200
   0.0001192900   -0.0000763300    0.0002555000
   0.0024939500   -0.0029940500    0.0023937500
   0.0000919100   -0.0004462600    0.0000836600
  -0.0015975800   -0.0011159200    0.0011457600
   0.0001843900    0.0002255700    0.0001012700
   0.0009613900    0.0012922500    0.0013218000
  -0.0003679500   -0.0000857800    0.0001145600
   0.0135034500    0.0183621400    0.0131953400
   0.0004724800   -0.0007982300   -0.0013046800
   0.0007729100   -0.0011094700   -0.0012952800
   0.0008106600   -0.0006463700   -0.0017123400
   0.0007013700   -0.0010107100   -0.0017661500
   0.0007636800   -0.0006121700   -0.0020513200
   0.0007783000   -0.0006601000   -0.0018209800
   0.0007084700   -0.0008129100   -0.0015752700
  -0.0011508400    0.0000879400   -0.0015980100
  -0.0006652700    0.0009446800   -0.0016795400
  -0.0005273800    0.0006870600   -0.0016449600
  -0.0008438100    0.0015975800   -0.0003295600
  -0.0005681400    0.0009930400   -0.0016073400
  -0.0005722200    0.0006432000   -0.0018971800
  -0.0007526800    0.0005717900   -0.0019108300
  -0.0007463600    0.0007878800   -0.0015859100
   0.0006680100    0.0005356400    0.0015902100
   0.0009826700    0.0003250300    0.0009690500
   0.0008575700    0.0007873200    0.0013016600
   0.0004473100    0.0005332300    0.0015988800
   0.0004047400    0.0005167400    0.0017482000
   0.0107990800   -0.0055995200    0.0095783100
   0.0010983600    0.0002264400    0.0015048000
   0.0006734000    0.0006131800    0.0015092700
  -0.0007552500   -0.0006424100    0.0015884700
  -0.0007851900   -0.0009850700    0.0014365200
  -0.0009350600   -0.0003333000    0.0013101900
  -0.0005763300   -0.0008242800    0.0013783500
  -0.0008699900   -0.0010154100    0.0018740300
  -0.0011850300   -0.0004505900    0.0015347800
  -0.0082105300    0.0054091300    0.0090563600
  -0.0005761400   -0.0006892000    0.0016134600

1    
 -0.0040848989666515  -0.0040848995548162  -0.0081625483802127
   0.0153326700    0.0152182100    0.0298171700
   0.0000130300   -0.0000020700    0.0001199800
  -0.0000411900   -0.0000370400    0.0001203200
  -0.0001249500   -0.0001321900    0.0003127100
  -0.0001465500   -0.0000924900   -0.0001065900
   0.0000279300   -0.0001555300   -0.0001036100
  -0.0000857000    0.0000337500   -0.0000665800
   0.0000067800   -0.0000144300   -0.0000102700
  -0.0001760600   -0.0000783300   -0.0000859500
   0.0011952500   -0.0005974000   -0.0009270100
   0.0000569200    0.0000480800   -0.0000601900
   0.0001676800   -0.0002153900    0.0000650800
   0.0002094600    0.0007506900   -0.0003416800
  -0.0001656000   -0.0002701400   -0.0005232600
  -0.0000275800   -0.0001161500   -0.0000213700
  -0.0001570400    0.0001124600   -0.0001241700
  -0.0015019600   -0.0011801200    0.0022384100
  -0.0004963000    0.0007347800    0.0014936600
   0.0005243200   -0.0009083500    0.0015269300
   0.0001391400   -0.0001636100    0.0007860200
   0.0000242900    0.0000374100   -0.0000001200
   0.0003718100   -0.0000730300   -0.0001796100
  -0.0000221500    0.0001573100   -0.0001986400
  -0.0000329100    0.0000549000   -0.0000005300
   0.0001985400   -0.0004974600    0.0000352900
  -0.0001167200    0.0000572200   -0.0002644300
  -0.0025003200    0.0030143700   -0.0024024600
  -0.0000919500    0.0004459500   -0.0000854800
   0.0016090700    0.0010910100   -0.0011609600
  -0.0001804700   -0.0002494900   -0.0001060000
  -0.0009500700   -0.0013114900   -0.0013351300
   0.0003712000    0.0000667600   -0.0001191500
  -0.0111764700   -0.0187674300   -0.0154232300
   0.0008709500   -0.0007028800   -0.0018391900
   0.0005734500   -0.0003877600   -0.0018534100
   0.0005394300   -0.0008465100   -0.0014394400
   0.0006356900   -0.0004895500   -0.0013840700
   0.0005850800   -0.0008853000   -0.0010993800
   0.0005735600   -0.0008415800   -0.0013225100
   0.0006325600   -0.0006846400   -0.0015698200
  -0.0001447500    0.0014639600   -0.0015896400
  -0.0006405100    0.0006091300   -0.0015013500
  -0.0007676100    0.0008555300   -0.0015362200
  -0.0004101100   -0.0000154100   -0.0029288700
  -0.0007314000    0.0005560700   -0.0015800900
  -0.0007335700    0.0009004000   -0.0012915300
  -0.0005546100    0.0009758600   -0.0012715300
  -0.0005539700    0.0007611700   -0.0016000700
   0.0008287800    0.0007800900    0.0016317900
   0.0005141800    0.0010014900    0.0022717900
   0.0006528300    0.0005305200    0.0019200700
   0.0010500100    0.0007765700    0.0016369700
   0.0010982500    0.0008062900    0.0014735900
  -0.0095580200    0.0072030700   -0.0065122900
   0.0003941700    0.0010917700    0.0017260900
   0.0008274400    0.0007001400    0.0017130400
  -0.0007512300   -0.0006648800    0.0015357600
  -0.0007252100   -0.0003237800    0.0016893700
  -0.0005569500   -0.0009890500    0.0018263200
  -0.0009352300   -0.0004810100    0.0017470200
  -0.0006421400   -0.0002883600    0.0012402600
  -0.0003163100   -0.0008600000    0.0015932800
   0.0069315400   -0.0068884400   -0.0060597700
  -0.0009404000   -0.0006236800    0.0015046900

9    
  0.0040848989666515   0.0040848995548162   0.0081625483802127
  -0.0000528700    0.0001219600    0.0001897400
   0.0001569500    0.0005329500    0.0002987300
   0.0000217700   -0.0000039800    0.0000120400
  -0.0006556300   -0.0006342400    0.0006194900
  -0.0001823000   -0.0002845200    0.0001090400
   0.0009899700   -0.0010977400    0.0008111300
  -0.0000459500    0.0000079500    0.0001263200
   0.0000791300    0.0000843400    0.0000747900
  -0.0155544400   -0.0155072000   -0.0352862600
  -0.0001175300   -0.0000768000    0.0000382800
  -0.0000857600   -0.0001125000    0.0000388900
   0.0001734400    0.0001797400   -0.0002240300
  -0.0000236600   -0.0000267400    0.0002439200
   0.0000000600    0.0001154700    0.0002489100
   0.0000994100    0.0000259000    0.0002531700
  -0.0000780500   -0.0000901800    0.0002028100
   0.0007176700    0.0003761000    0.0006489700
  -0.0006663000   -0.0010101300    0.0006478100
   0.0002008000   -0.0000827900    0.0000726300
   0.0000223000    0.0000060300    0.0000563300
  -0.0017145600    0.0014375600    0.0012137000
   0.0001486800    0.0000647400    0.0000405500
  -0.0003304400    0.0000470900    0.0000910500
   0.0000551500   -0.0001086900    0.0000856200
   0.0014191500   -0.0011265100   -0.0021553900
   0.0024524600    0.0024853500   -0.0033534500
   0.0000916700    0.0000049000   -0.0008643700
  -0.0010513400    0.0012244700   -0.0020434200
  -0.0005010900   -0.0000711200    0.0003827500
   0.0001172800    0.0000610500    0.0002261600
   0.0000428700   -0.0000433300    0.0002247200
  -0.0001024500   -0.0004823900    0.0003579800
   0.0005381100   -0.0008877300   -0.0017340500
  -0.0047717800    0.0062046900    0.0087029900
   0.0005279500   -0.0008194200   -0.0013443800
   0.0005984200   -0.0006167700   -0.0017471200
   0.0008570200   -0.0008481200   -0.0019372800
   0.0004950700   -0.0003327400   -0.0020724300
   0.0007559500   -0.0007713500   -0.0018007700
   0.0006187800   -0.0007341100   -0.0016572100
   0.0048662600   -0.0047375600    0.0082999800
  -0.0005149300    0.0006877900   -0.0017081300
  -0.0007785800    0.0006498900   -0.0016706300
  -0.0008554200    0.0007058500   -0.0013426700
  -0.0003262900    0.0004543100   -0.0021297400
  -0.0006901200    0.0007055900   -0.0016906100
  -0.0008288900    0.0008859900   -0.0018275600
  -0.0006493600    0.0008208200   -0.0018518500
   0.0144680100    0.0126813300    0.0209396400
   0.0008463300    0.0007702900    0.0015755600
   0.0009403300    0.0006686400    0.0014815600
   0.0005150600    0.0004905100    0.0018628500
   0.0007122600    0.0005661600    0.0014579200
   0.0010036500    0.0008093100    0.0010602100
   0.0009264500    0.0008506900    0.0011154200
   0.0007993000    0.0007042700    0.0015608200
  -0.0005043600   -0.0009064900    0.0014459600
  -0.0009847000   -0.0007757500    0.0018096800
  -0.0002174100   -0.0003072500    0.0031678400
  -0.0008860400   -0.0005033400    0.0013770400
  -0.0007933200   -0.0007568300    0.0013661400
  -0.0005703400   -0.0003916000    0.0011311100
  -0.0007816200   -0.0006332400    0.0014539900
  -0.0009421900   -0.0006505500    0.0013170900

9    
 -0.0040848989666515  -0.0040848995548162  -0.0081625483802127
   0.0000222000   -0.0001702800   -0.0002296300
  -0.0001846900   -0.0005844300   -0.0003356800
  -0.0000550200   -0.0000445800   -0.0000470900
   0.0006304400    0.0005887800   -0.0006628500
   0.0001487600    0.0002439100   -0.0001454500
  -0.0010184300    0.0010579000   -0.0008504100
   0.0000128500   -0.0000570100   -0.0001651700
  -0.0001135800   -0.0001327900   -0.0001128600
   0.0143509400    0.0143996400    0.0347180100
   0.0001057300    0.0000788300   -0.0000186800
   0.0000745000    0.0001129900   -0.0000184400
  -0.0001895200   -0.0001832700    0.0002443500
   0.0000110600    0.0000284800   -0.0002247000
  -0.0000135600   -0.0001167600   -0.0002290800
  -0.0001131800   -0.0000260600   -0.0002339700
   0.0000653700    0.0000910900   -0.0001830300
  -0.0007110100   -0.0003649200   -0.0006485400
   0.0006805100    0.0010247400   -0.0006430400
  -0.0001901600    0.0000914200   -0.0000646600
  -0.0000177600   -0.0000032800   -0.0000465800
   0.0017445700   -0.0014302600   -0.0012059400
  -0.0001388600   -0.0000593300   -0.0000369200
   0.0003542000   -0.0000455600   -0.0000792500
  -0.0000486300    0.0001182100   -0.0000772200
  -0.0014283000    0.0011074000    0.0021691500
  -0.0024516600   -0.0025049500    0.0033678500
  -0.0000987600   -0.0000329200    0.0008344600
   0.0010527800   -0.0012544500    0.0020528000
   0.0005156500    0.0000513300   -0.0003898100
  -0.0001179700   -0.0000827000   -0.0002314100
  -0.0000421400    0.0000243400   -0.0002322400
   0.0001061200    0.0004701900   -0.0003648400
   0.0008012400   -0.0006077200   -0.0014245400
   0.0064078900   -0.0079186900   -0.0121016500
   0.0008277000   -0.0006752200   -0.0018159200
   0.0007527300   -0.0008614400   -0.0014221100
   0.0004884500   -0.0006446900   -0.0012171000
   0.0008536200   -0.0011676400   -0.0010827200
   0.0005896400   -0.0007190900   -0.0013574600
   0.0007308400   -0.0007590800   -0.0015028100
  -0.0063628200    0.0065410300   -0.0117145200
  -0.0007816000    0.0008555200   -0.0014992000
  -0.0005307200    0.0008876900   -0.0015266500
  -0.0004501800    0.0008469800   -0.0018535000
  -0.0009863300    0.0010994700   -0.0010591700
  -0.0006147300    0.0008412700   -0.0015047400
  -0.0004755900    0.0006570100   -0.0013648200
  -0.0006564500    0.0007229000   -0.0013416800
  -0.0119624400   -0.0103847200   -0.0166317900
   0.0006386000    0.0005509800    0.0016661600
   0.0005505600    0.0006453500    0.0017618100
   0.0009937500    0.0008413100    0.0013715600
   0.0007776600    0.0007519300    0.0017708500
   0.0004891400    0.0005107300    0.0021799100
   0.0005680300    0.0004700300    0.0021224300
   0.0006952000    0.0006163700    0.0016768300
  -0.0010044700   -0.0003950500    0.0016897600
  -0.0005074300   -0.0005264800    0.0013255400
  -0.0012308500   -0.0009469100   -0.0000889200
  -0.0006097000   -0.0008110300    0.0017620700
  -0.0007130400   -0.0005558100    0.0017655400
  -0.0009353000   -0.0009215400    0.0020078300
  -0.0007234700   -0.0006795300    0.0016831700
  -0.0005624400   -0.0006596500    0.0018167600

17   
  0.0040848989666515   0.0040848995548162   0.0081625483802127
  -0.0000085500   -0.0000805900   -0.0008157700
  -0.0006699400    0.0007749000   -0.0016343100
   0.0007366100   -0.0006952100   -0.0013231400
   0.0014696000    0.0013305800   -0.0021475800
  -0.0000724900    0.0000131800    0.0000288700
   0.0000755000   -0.0003703900    0.0002050700
  -0.0001473900    0.0000189800    0.0002233900
  -0.0000129700   -0.0000048000    0.0000286400
   0.0013048600   -0.0015902200    0.0013602800
   0.0001748300   -0.0004721500   -0.0000321800
  -0.0000400900    0.0001320500    0.0000969100
  -0.0000144800    0.0000736400    0.0000546000
   0.0002442200    0.0005959600    0.0006607900
  -0.0000676900    0.0001055900    0.0001416600
  -0.0008795700   -0.0005325600    0.0006611100
  -0.0000061600    0.0001314000    0.0000082400
  -0.0238725600   -0.0237597200   -0.0400685000
   0.0001829600   -0.0000313400   -0.0001907900
   0.0000980700    0.0003087800   -0.0001908600
   0.0001474800    0.0001451200   -0.0012844800
   0.0003659000    0.0001399800    0.0006477600
   0.0000257000    0.0005530800    0.0004995600
   0.0003288700   -0.0000332600    0.0003588800
  -0.0002114200   -0.0001587100    0.0002054900
  -0.0051810100    0.0049585100    0.0050349600
   0.0006615200   -0.0002926400   -0.0000083900
  -0.0011043700   -0.0002959200    0.0005885400
  -0.0000325600    0.0004382300    0.0005689700
   0.0030823100    0.0010613200    0.0032279400
  -0.0021518600   -0.0030430500    0.0023731700
  -0.0000740900   -0.0003650100    0.0002293600
   0.0006575900    0.0003318600    0.0003289900
   0.0033834900    0.0008648900   -0.0009339000
   0.0007660200   -0.0012691800   -0.0019573400
   0.0008094800   -0.0013051400   -0.0016778600
  -0.0001679800   -0.0013389700   -0.0012112400
   0.0006582900   -0.0006670400   -0.0015537000
   0.0006412300   -0.0008265800   -0.0016011500
   0.0004674300   -0.0008408800   -0.0020857800
   0.0009760000   -0.0003657700   -0.0017590200
   0.0225079300    0.0165499800    0.0150973000
  -0.0007283300    0.0012450000   -0.0014264900
  -0.0005310000    0.0008757900   -0.0014815800
  -0.0002847600    0.0009067300   -0.0016872700
  -0.0009771300    0.0004983600   -0.0020550200
  -0.0004387000    0.0007934600   -0.0021267800
  -0.0007158500    0.0010961700   -0.0019805500
  -0.0005937900    0.0007256700   -0.0016501600
   0.0001188200    0.0007600800    0.0010372900
   0.0011618200    0.0001254400    0.0011283200
   0.0006864400    0.0005616400    0.0016523000
   0.0010409700    0.0005950900    0.0015815200
  -0.0059680900    0.0130053200    0.0107938100
   0.0003404000    0.0005717800    0.0016299400
   0.0000337600    0.0005600400    0.0014320700
   0.0003721400    0.0012372900    0.0017398000
  -0.0003501700   -0.0011261600    0.0005655900
  -0.0009445200   -0.0008275200    0.0014866500
  -0.0009949100   -0.0005586000    0.0014015500
  -0.0009891300   -0.0005208000    0.0017329800
   0.0061012000   -0.0081208100    0.0092680600
  -0.0005057400   -0.0007249900    0.0015603400
  -0.0004776400   -0.0005847200    0.0015322200
  -0.0004065300   -0.0012831500    0.0017109000

17   
 -0.0040848989666515  -0.0040848995548162  -0.0081625483802127
  -0.0000264100    0.0000341800    0.0007757600
   0.0006378900   -0.0008268900    0.0016004500
  -0.0007707200    0.0006482000    0.0012879300
  -0.0014935300   -0.0013711900    0.0021065200
   0.0000392700   -0.0000608800   -0.0000653800
  -0.0001081200    0.0003237700   -0.0002447500
   0.0001160200   -0.0000664800   -0.0002624400
  -0.0000192600   -0.0000417500   -0.0000654800
  -0.0013120200    0.0015924400   -0.0013325400
  -0.0001865600    0.0004714300    0.0000514400
   0.0000264800   -0.0001345000   -0.0000758200
   0.0000009300   -0.0000731400   -0.0000340800
  -0.0002511900   -0.0005963400   -0.0006439300
   0.0000529100   -0.0001059600   -0.0001219900
   0.0008638700    0.0005302200   -0.0006428200
  -0.0000052500   -0.0001311900    0.0000110800
   0.0225450800    0.0226587800    0.0394624900
  -0.0001726800    0.0000379400    0.0001980200
  -0.0000876100   -0.0003025200    0.0001983800
  -0.0001383600   -0.0001406800    0.0012923800
  -0.0003597000   -0.0001345100   -0.0006442700
  -0.0000161400   -0.0005448200   -0.0004904000
  -0.0003185900    0.0000359100   -0.0003499000
   0.0002217700    0.0001631400   -0.0002000800
   0.0052013900   -0.0049567700   -0.0050139100
  -0.0006618900    0.0002710300    0.0000009800
   0.0010986800    0.0002706700   -0.0006026900
   0.0000356500   -0.0004611800   -0.0005728600
  -0.0031006900   -0.0010591500   -0.0032520800
   0.0021478200    0.0030160400   -0.0023865900
   0.0000752900    0.0003431400   -0.0002371100
  -0.0006542000   -0.0003514000   -0.0003367400
  -0.0019116900   -0.0022450100   -0.0023121300
   0.0005793800   -0.0002271500   -0.0011954800
   0.0005338200   -0.0001927500   -0.0014770300
   0.0015156100   -0.0001552400   -0.0019403800
   0.0006881000   -0.0008277700   -0.0015942100
   0.0007017100   -0.0006719500   -0.0015530100
   0.0008714000   -0.0006549300   -0.0010706800
   0.0003721100   -0.0011292300   -0.0013910600
  -0.0227540600   -0.0140511000   -0.0174401800
  -0.0005736700    0.0003059400   -0.0017599600
  -0.0007726500    0.0006737500   -0.0017029100
  -0.0010161600    0.0006421700   -0.0015001300
  -0.0003250200    0.0010477000   -0.0011296200
  -0.0008597300    0.0007556200   -0.0010633200
  -0.0005870100    0.0004566000   -0.0012065700
  -0.0007103300    0.0008229300   -0.0015333900
   0.0013859600    0.0005583800    0.0021971500
   0.0003356700    0.0011909700    0.0020988300
   0.0008124600    0.0007586800    0.0015731100
   0.0004565900    0.0007209800    0.0016487900
   0.0077108900   -0.0118516100   -0.0076525700
   0.0011582800    0.0007446500    0.0015976100
   0.0014647900    0.0007553000    0.0017999500
   0.0011271300    0.0000802100    0.0014889500
  -0.0011570800   -0.0001726200    0.0025718200
  -0.0005601600   -0.0004817700    0.0016367400
  -0.0005100100   -0.0007483600    0.0017223000
  -0.0005197600   -0.0007876000    0.0013951000
  -0.0077034600    0.0069793600   -0.0061921000
  -0.0010031000   -0.0005827500    0.0015673900
  -0.0010300700   -0.0007287300    0.0015914300
  -0.0011000500   -0.0000222100    0.0014160000

25   
  0.0040848989666515   0.0040848995548162   0.0081625483802127
   0.0000211100   -0.0001725100    0.0001862700
   0.0003084300    0.0001418200    0.0000679000
   0.0012351500    0.0006269000    0.0012218800
  -0.0012574400   -0.0015139000    0.0012963300
  -0.0005690900    0.0001426000    0.0000097800
  -0.0000439600   -0.0000021700    0.0003458500
  -0.0027109400    0.0026367400    0.0025107900
   0.0002669900   -0.0002887800   -0.0000895000
  -0.0012024900    0.0013274400   -0.0020630100
   0.0000026000    0.0000182800   -0.0008836500
   0.0024051600    0.0026505100   -0.0033172800
   0.0014172000   -0.0010659000   -0.0021232800
  -0.0000667600   -0.0005067900    0.0003976800
   0.0000501900    0.0001331200    0.0002378500
  -0.0000244100    0.0000280900    0.0002364400
  -0.0004818500   -0.0001027800    0.0003725000
   0.0006558800    0.0029524900    0.0030886500
  -0.0001906900    0.0000040700    0.0002701500
  -0.0029234700   -0.0023281200    0.0025173300
   0.0002880300    0.0006827100    0.0002886900
   0.0051439800   -0.0047891400    0.0051617000
  -0.0001571600   -0.0012307300    0.0004634500
  -0.0003134800    0.0004896400   -0.0000778000
   0.0003610600    0.0000169700    0.0006389300
  -0.0404139300   -0.0404578700   -0.0781194800
   0.0009729900    0.0001675300   -0.0002516600
  -0.0000012900    0.0007819600   -0.0002525600
   0.0000989200    0.0000868800   -0.0036302200
   0.0003095100    0.0005795700    0.0013437400
   0.0002060700    0.0010294800    0.0007932800
   0.0013265800    0.0001555700    0.0009144900
  -0.0005618100   -0.0005292800    0.0003516500
   0.0007343300   -0.0016099400   -0.0014972200
   0.0010814300   -0.0012522400   -0.0005671000
   0.0185071200   -0.0129459500    0.0160680600
   0.0005329400   -0.0012554700   -0.0016687500
  -0.0000469400   -0.0001428200   -0.0024130400
   0.0006833000   -0.0004127300   -0.0015372700
   0.0010943900   -0.0012848900   -0.0024117100
   0.0005083100   -0.0008180300   -0.0017328300
  -0.0126577300    0.0164437300    0.0158490800
  -0.0009300900    0.0010559300   -0.0016065000
  -0.0006414300    0.0010006900   -0.0014462400
  -0.0012506500    0.0011545700   -0.0007013000
  -0.0017269600    0.0007446600   -0.0031380200
  -0.0007503600   -0.0001299500   -0.0015851200
  -0.0006811100    0.0005918000   -0.0018791000
  -0.0006053900    0.0004717100   -0.0013953900
  -0.0003834300    0.0009342800    0.0018079500
   0.0027524200    0.0036043400    0.0053349500
   0.0002148400    0.0001425700    0.0029099100
   0.0003262500    0.0003860400    0.0013402900
   0.0009155700    0.0003378100    0.0010796900
   0.0008305700    0.0006363300    0.0013908000
   0.0015599600    0.0009064700    0.0013673500
   0.0008989800    0.0003243900    0.0017072400
   0.0300136600    0.0330366100    0.0336175100
  -0.0007918600   -0.0003307100    0.0015864300
  -0.0003947100   -0.0007805600    0.0017201600
  -0.0003993700   -0.0001580300    0.0021685800
  -0.0014481500   -0.0010188900    0.0009846500
  -0.0003620700   -0.0006099800    0.0008236500
  -0.0009492000    0.0001259100    0.0005736300
  -0.0007857500   -0.0008120700    0.0013428100

25   
 -0.0040848989666515  -0.0040848995548162  -0.0081625483802127
  -0.0000529200    0.0001242900   -0.0002264500
  -0.0003402300   -0.0001852900   -0.0001070800
  -0.0012641300   -0.0006739200   -0.0012580000
   0.0012199100    0.0014576000   -0.0013339700
   0.0005218400   -0.0001822200   -0.0000592600
   0.0000132300   -0.0000462400   -0.0003820800
   0.0026529800   -0.0026634300   -0.0025285600
  -0.0003005600    0.0002411300    0.0000504800
   0.0011884700   -0.0013311500    0.0020844800
  -0.0000096600   -0.0000158000    0.0009074400
  -0.0023963000   -0.0026280900    0.0033094500
  -0.0014348500    0.0010646000    0.0021440400
   0.0000526100    0.0005068100   -0.0003778300
  -0.0000632800   -0.0001328500   -0.0002164800
   0.0000133900   -0.0000259200   -0.0002172500
   0.0004677000    0.0001025700   -0.0003532100
  -0.0006303200   -0.0029640200   -0.0030951100
   0.0001981200    0.0000008700   -0.0002643500
   0.0029208400    0.0023264200   -0.0025119800
  -0.0002744800   -0.0006728700   -0.0002830700
  -0.0050961700    0.0047883100   -0.0051148400
   0.0001738200    0.0012161500   -0.0004731500
   0.0003233800   -0.0004863400    0.0000835700
  -0.0003544200   -0.0000077500   -0.0006286900
   0.0387652500    0.0387225200    0.0772711100
  -0.0009663800   -0.0001849100    0.0002460100
   0.0000046400   -0.0008001900    0.0002451200
  -0.0000986200   -0.0001104000    0.0036233900
  -0.0003124700   -0.0006066200   -0.0013572900
  -0.0002086000   -0.0010467800   -0.0007938400
  -0.0013138000   -0.0001773100   -0.0009138900
   0.0005594100    0.0005103200   -0.0003629700
   0.0006127700    0.0001117900   -0.0016553000
   0.0002599700   -0.0002416300   -0.0025839800
  -0.0173681700    0.0118433500   -0.0193511200
   0.0008011800   -0.0002469100   -0.0014712100
   0.0013843900   -0.0013475700   -0.0007447200
   0.0006554600   -0.0010823800   -0.0016030300
   0.0002518000   -0.0002058400   -0.0007323700
   0.0008368800   -0.0006793900   -0.0014181000
   0.0117092000   -0.0150677900   -0.0191597400
  -0.0003775200    0.0004945000   -0.0015800300
  -0.0006623700    0.0005413600   -0.0017302700
  -0.0000487700    0.0003904900   -0.0024849200
   0.0004329700    0.0008013900   -0.0000393100
  -0.0005472000    0.0016753700   -0.0016052000
  -0.0006219700    0.0009577300   -0.0013061500
  -0.0006960500    0.0010737300   -0.0017863900
   0.0018691000    0.0003892700    0.0014141500
  -0.0011174700   -0.0021478100   -0.0021918800
   0.0012875300    0.0011779600    0.0003157300
   0.0011771200    0.0009208900    0.0018808300
   0.0005826300    0.0009726900    0.0021417200
   0.0006681500    0.0006807700    0.0018362400
  -0.0000601100    0.0004094400    0.0018599100
   0.0005962300    0.0009918900    0.0015190200
  -0.0301715500   -0.0329743000   -0.0293005900
  -0.0007205900   -0.0009756000    0.0015376400
  -0.0011130700   -0.0005300900    0.0014024100
  -0.0011012500   -0.0011447300    0.0009617300
  -0.0000579500   -0.0002884300    0.0021396800
  -0.0011419500   -0.0006952500    0.0023000400
  -0.0005560600   -0.0014265300    0.0025442300
  -0.0007217300   -0.0004978300    0.0017852600

33   
  0.0100000000000000   0.0000000007199255   0.0000000000000000
   0.0071606800    0.0073687400    0.0074963600
  -0.0002947000    0.0001760000   -0.0002121100
  -0.0000497500    0.0001380100    0.0000530500
  -0.0003583500   -0.0001084200    0.0003741700
  -0.0001035300    0.0002213600   -0.0000516400
  -0.0002983100    0.0004876000   -0.0000127300
   0.0002855100   -0.0003016500    0.0001048800
  -0.0000969100    0.0000101300    0.0000619000
  -0.0001601400    0.0001486000   -0.0001520000
   0.0071652200   -0.0070705300   -0.0066797000
  -0.0004037600   -0.0000291100    0.0000377100
   0.0000296000   -0.0002838100    0.0000396900
   0.0001064300   -0.0000987200    0.0002295600
   0.0000073700   -0.0002268700   -0.0001035600
   0.0002791200    0.0002246500   -0.0001423500
  -0.0000219000   -0.0000980300   -0.0000019700
   0.0185999800    0.0127083500   -0.0124564900
  -0.0000222700    0.0000295900    0.0001071800
   0.0000574200    0.0002594100    0.0000206400
  -0.0003363800   -0.0002592000   -0.0007322100
  -0.0001527600    0.0001950200   -0.0000408700
   0.0000676400   -0.0001963100    0.0000235000
  -0.0003430000    0.0003477800   -0.0002570600
  -0.0002945400    0.0002538500    0.0003877900
   0.0004144800   -0.0003282200    0.0000207500
  -0.0001326200   -0.0001047900    0.0006136300
   0.0256376800   -0.0186628100    0.0186708100
  -0.0004934100   -0.0000252300    0.0000863900
  -0.0005680800   -0.0004390100   -0.0003835300
  -0.0003735800   -0.0009465300    0.0006651500
   0.0000996200    0.0004488900    0.0002216300
  -0.0002262700   -0.0000212500   -0.0000846000
  -0.0759384200    0.0027138800   -0.0051785000
   0.0006195300   -0.0007373700   -0.0016347000
   0.0005696100   -0.0006888300   -0.0016512900
   0.0021633900   -0.0008362000   -0.0014344800
   0.0006033800   -0.0009142800   -0.0017451800
   0.0007141600   -0.0006842700   -0.0015549200
   0.0007979600   -0.0004809200   -0.0015324800
   0.0008615400   -0.0008473300   -0.0017898300
   0.0012510500    0.0033975300   -0.0020705100
   0.0021883800   -0.0023760200   -0.0024980400
  -0.0003215000    0.0002304500   -0.0005840700
   0.0029631000    0.0045128100   -0.0015866300
  -0.0005955800    0.0007788100   -0.0015650600
  -0.0004191200    0.0010121200   -0.0019682400
  -0.0004171300    0.0003503200   -0.0014254900
  -0.0005965800    0.0007450400   -0.0016539000
   0.0006432900    0.0005144000    0.0016797500
   0.0011693400    0.0003031200    0.0010881300
   0.0008076900    0.0004792800    0.0014765800
  -0.0001135200    0.0021106100   -0.0000505100
   0.0031368800    0.0018187900   -0.0010457300
   0.0038970400    0.0006448000    0.0048327800
   0.0010129800    0.0005163200    0.0017191600
   0.0008705500    0.0006379400    0.0015414900
  -0.0002518300   -0.0004773800    0.0015530300
  -0.0007535300   -0.0005085100    0.0015208400
  -0.0006046800   -0.0021321500    0.0018492000
   0.0028542700   -0.0003172900   -0.0019236900
  -0.0004024300   -0.0018175600    0.0031744100
  -0.0007715600   -0.0005121400    0.0013404600
  -0.0002764000   -0.0006206600    0.0014019100
  -0.0008423100   -0.0006328000    0.0018115400

33   
 -0.0100000000000000  -0.0000000007199255   0.0000000000000000
  -0.0074040400   -0.0077722100   -0.0078800000
   0.0002555300   -0.0002253300    0.0001786600
   0.0000168700   -0.0001847400   -0.0000862800
   0.0003252700    0.0000619200   -0.0004069700
   0.0000692700   -0.0002787900    0.0000085100
   0.0002668900   -0.0005386800   -0.0000228200
  -0.0003211600    0.0002550100   -0.0001400200
   0.0000634700   -0.0000566700   -0.0001018800
   0.0001342100   -0.0001524700    0.0001739000
  -0.0073684600    0.0074032100    0.0070477400
   0.0003930100    0.0000350800   -0.0000258200
  -0.0000488000    0.0002835100   -0.0000171100
  -0.0001169700    0.0001031500   -0.0002101600
  -0.0000200000    0.0002256200    0.0001217500
  -0.0002890000   -0.0002225600    0.0001608800
   0.0000072600    0.0000989700    0.0000216500
  -0.0182674400   -0.0122561800    0.0120213100
   0.0000255300   -0.0000232700   -0.0001013600
  -0.0000323400   -0.0002517300    0.0000007100
   0.0003483000    0.0002616300    0.0007474900
   0.0001636400   -0.0001907000    0.0000493100
  -0.0000671000    0.0002072800   -0.0000172000
   0.0003421500   -0.0003228900    0.0002496400
   0.0003082200   -0.0002533800   -0.0003810000
  -0.0004031700    0.0003123300   -0.0000419200
   0.0001319100    0.0000956800   -0.0006236200
  -0.0253156700    0.0182048600   -0.0182313000
   0.0004900900   -0.0000033200   -0.0000899500
   0.0005739300    0.0004178700    0.0003680900
   0.0003691600    0.0009184000   -0.0006741000
  -0.0001143600   -0.0004785100   -0.0002377100
   0.0002305600   -0.0000036500    0.0000788600
   0.0770095300   -0.0041151000    0.0019066600
   0.0007324900   -0.0007552400   -0.0015153700
   0.0007769600   -0.0008074000   -0.0014972100
  -0.0008288100   -0.0006614600   -0.0017124800
   0.0007422900   -0.0005781000   -0.0013972200
   0.0006305100   -0.0008089100   -0.0015926000
   0.0005510200   -0.0010162800   -0.0016115700
   0.0004825800   -0.0006505000   -0.0013574300
  -0.0025196000   -0.0018097900   -0.0011115100
  -0.0035131700    0.0039571800   -0.0006977600
  -0.0009459900    0.0012619200   -0.0025866600
  -0.0042911900   -0.0030083300   -0.0015863100
  -0.0007029300    0.0007726300   -0.0016168700
  -0.0008768800    0.0005347800   -0.0012212600
  -0.0008746000    0.0012022900   -0.0017454000
  -0.0007039300    0.0008082700   -0.0015296100
   0.0008592000    0.0008050400    0.0015438800
   0.0003170300    0.0009890700    0.0021291100
   0.0006874300    0.0008353600    0.0017589000
   0.0016055300   -0.0008154200    0.0032933600
  -0.0016147700   -0.0004999100    0.0042371700
  -0.0024226200    0.0006851100   -0.0016340700
   0.0004841500    0.0008038700    0.0015104900
   0.0006291200    0.0006787500    0.0016843700
  -0.0012588500   -0.0008339800    0.0015664200
  -0.0007482200   -0.0007993800    0.0016108000
  -0.0008442700    0.0007946000    0.0013361900
  -0.0043943100   -0.0010038700    0.0050888000
  -0.0010929200    0.0005002000   -0.0000396700
  -0.0007330400   -0.0007989200    0.0017902500
  -0.0012247600   -0.0006605500    0.0017486600
  -0.0006637700   -0.0006754000    0.0013086300

33   
 -0.0000000007199255   0.0100000000000000  -0.0000000000000000
   0.0100088400    0.0132542400    0.0106173300
   0.0000190500   -0.0001990000    0.0000039200
  -0.0000334400   -0.0002172100   -0.0003472800
  -0.0003265300   -0.0004133400    0.0004678700
   0.0000338000   -0.0001020200   -0.0003145700
  -0.0001381200    0.0001306500    0.0001433500
  -0.0000344400   -0.0001200400    0.0001588800
   0.0000022000   -0.0000831100   -0.0000670200
  -0.0004189300    0.0001396300   -0.0000235800
  -0.0077066600    0.0093789600    0.0079893200
   0.0001979200   -0.0003796300    0.0000039700
   0.0000171100   -0.0000124300    0.0001603500
  -0.0000908800    0.0000997400   -0.0001226300
   0.0002845800    0.0002784900    0.0002345100
  -0.0003524500   -0.0000781800    0.0001909200
  -0.0000539900   -0.0000183600    0.0000589000
   0.0104568800    0.0104243400   -0.0085675200
   0.0002401900   -0.0003172400   -0.0006025500
  -0.0001701600   -0.0003894600   -0.0003940400
  -0.0002597800   -0.0003164900   -0.0004392600
   0.0001811300   -0.0001533300    0.0000810400
   0.0006853700   -0.0003990800   -0.0002395100
  -0.0004680300    0.0003643700   -0.0000646600
  -0.0000257400    0.0001481300    0.0004012800
   0.0003293700   -0.0011100700   -0.0006749000
   0.0000343300   -0.0001984500   -0.0005478800
  -0.0173363800    0.0215146100   -0.0170550600
  -0.0000984800   -0.0001916600   -0.0004891900
  -0.0002506200   -0.0001223700    0.0009154700
   0.0002094500    0.0001639400    0.0002159900
  -0.0008425300   -0.0001933900   -0.0001526500
  -0.0001821700   -0.0001364400    0.0000653900
   0.0040783500   -0.0759885100    0.0031553500
   0.0006838800   -0.0008869300   -0.0012423800
   0.0007304800   -0.0007208800   -0.0013837900
   0.0005857400    0.0007631800   -0.0020646900
   0.0005051600   -0.0005965500   -0.0015275300
   0.0007347600   -0.0007639600   -0.0016428900
   0.0009404800   -0.0004424400   -0.0017189700
   0.0005734300   -0.0006827200   -0.0015121300
   0.0019729600    0.0037367500   -0.0019840800
  -0.0038342500    0.0041899300   -0.0007508900
  -0.0011396000    0.0018227900   -0.0026290500
   0.0030916300    0.0042758800   -0.0018949300
  -0.0006833800    0.0007078900   -0.0016176000
  -0.0010782800    0.0013485100   -0.0018310800
  -0.0004128700    0.0013477800   -0.0012649200
  -0.0006506100    0.0007091100   -0.0015854200
   0.0007695900    0.0006553800    0.0016601800
   0.0008205900    0.0043002800    0.0054115900
   0.0010021500    0.0011644000    0.0017693700
  -0.0004189600    0.0007557400    0.0007690700
   0.0006233000    0.0010031500    0.0017767400
   0.0000338600    0.0011329400    0.0005639300
   0.0009081900    0.0006398500    0.0015841000
   0.0006229200    0.0005683600    0.0018857600
  -0.0010030700   -0.0005914000    0.0015307300
  -0.0007716800   -0.0007643100    0.0015659300
   0.0004236900   -0.0015130900    0.0026141400
  -0.0008090900   -0.0002208900    0.0019775900
  -0.0006502400    0.0017345300   -0.0014386200
  -0.0009104000   -0.0003893200    0.0016095000
  -0.0000241800    0.0024948500    0.0052093200
  -0.0006254200   -0.0005360800    0.0013994700

33   
  0.0000000007199255  -0.0100000000000000   0.0000000000000000
  -0.0105055000   -0.0136806600   -0.0111300100
  -0.0000530200    0.0001511500   -0.0000400700
   0.0000008900    0.0001758600    0.0003009500
   0.0002938600    0.0003635300   -0.0004953800
  -0.0000635800    0.0000547800    0.0002730100
   0.0001026400   -0.0001723400   -0.0001792400
  -0.0000052500    0.0000774800   -0.0001977500
  -0.0000359800    0.0000365100    0.0000275200
   0.0004015100   -0.0001340600    0.0000444800
   0.0073396800   -0.0091482700   -0.0075740300
  -0.0002126500    0.0003781800    0.0000056500
  -0.0000288500    0.0000221000   -0.0001353600
   0.0000768600   -0.0001023600    0.0001423400
  -0.0002993900   -0.0002804200   -0.0002163600
   0.0003390900    0.0000795000   -0.0001722600
   0.0000411800    0.0000179200   -0.0000399300
  -0.0100935500   -0.0102428000    0.0082713000
  -0.0002344400    0.0003224400    0.0006113000
   0.0001916500    0.0004019700    0.0004115700
   0.0002639200    0.0003206200    0.0004499600
  -0.0001713600    0.0001579600   -0.0000767900
  -0.0006727900    0.0004027100    0.0002482800
   0.0004756300   -0.0003592700    0.0000717900
   0.0000505300   -0.0001553000   -0.0004009300
  -0.0003214000    0.0010853300    0.0006625500
  -0.0000426700    0.0001802200    0.0005376500
   0.0177432200   -0.0217911200    0.0174308200
   0.0000933000    0.0001623900    0.0004728300
   0.0002566500    0.0001027400   -0.0009252700
  -0.0002027500   -0.0001736500   -0.0002283300
   0.0008488300    0.0001736500    0.0001405900
   0.0001861100    0.0001133400   -0.0000710300
  -0.0027520000    0.0747329700   -0.0063875300
   0.0006637800   -0.0006105600   -0.0019103800
   0.0006131400   -0.0007792800   -0.0017686700
   0.0007608300   -0.0022486800   -0.0010931500
   0.0008396100   -0.0008985400   -0.0016249900
   0.0006103800   -0.0007284500   -0.0015127500
   0.0004037300   -0.0010563900   -0.0014382300
   0.0007698000   -0.0008108000   -0.0016364600
  -0.0032318600   -0.0021617000   -0.0012030000
   0.0024976900   -0.0026099000   -0.0024487600
  -0.0001083100   -0.0003253700   -0.0005453900
  -0.0044306800   -0.0027634200   -0.0012836300
  -0.0006196000    0.0008370100   -0.0015684100
  -0.0002249300    0.0001958300   -0.0013552700
  -0.0008901200    0.0001956500   -0.0019305000
  -0.0006544400    0.0008370500   -0.0016001300
   0.0007268300    0.0006593200    0.0015763100
   0.0006897100   -0.0029486100   -0.0021358900
   0.0004986600    0.0001589600    0.0014612600
   0.0019226100    0.0005153800    0.0025209600
   0.0008423600    0.0003147400    0.0014869100
   0.0014775000    0.0001859100    0.0026792100
   0.0005886700    0.0006776500    0.0016449200
   0.0008753000    0.0007481600    0.0013484500
  -0.0005001100   -0.0007111500    0.0016051800
  -0.0007298700   -0.0005470800    0.0015617100
  -0.0019171000    0.0002088400    0.0005236500
  -0.0006775300   -0.0010720100    0.0011423200
  -0.0008666300   -0.0030160400    0.0045421300
  -0.0005912300   -0.0009170500    0.0015203400
  -0.0014698200   -0.0038270100   -0.0021211100
  -0.0008787300   -0.0007755500    0.0017310700

33   
  0.0040848989666515   0.0040848995548162   0.0081625483802127
   0.0129256000    0.0147768300    0.0149522800
   0.0002558400   -0.0000623500    0.0000540800
   0.0001061800    0.0001870900    0.0000085900
  -0.0003101400   -0.0003235300    0.0003066000
  -0.0001997300    0.0000399700   -0.0002203000
  -0.0000070800   -0.0001008400   -0.0003029500
   0.0001604900   -0.0001659800   -0.0001436500
  -0.0000222700   -0.0000634800    0.0000331900
  -0.0002550300    0.0000827600   -0.0001987800
  -0.0086737000    0.0097061600    0.0107039200
  -0.0000971700   -0.0001761900    0.0002647700
  -0.0000960900   -0.0000943500   -0.0000364700
  -0.0001973500    0.0000762000   -0.0002516600
   0.0001230100   -0.0002261000   -0.0003236200
   0.0003030300    0.0000368900   -0.0003580000
  -0.0000515300   -0.0000122200   -0.0000624000
   0.0031525300    0.0022362400    0.0000493200
  -0.0001087500   -0.0004660400   -0.0003095000
  -0.0001610100   -0.0001521100   -0.0001532500
  -0.0000045800   -0.0000184300   -0.0003540000
  -0.0000052100    0.0001130100   -0.0000090900
   0.0008679200   -0.0004363500   -0.0003005200
  -0.0008038100    0.0008000000   -0.0006586800
   0.0001731100    0.0001392300   -0.0000074800
   0.0001843200   -0.0005341300   -0.0001506300
  -0.0003272800    0.0002771700    0.0009840800
   0.0172502600   -0.0125743700    0.0181500300
  -0.0000718700   -0.0003373900   -0.0002167200
  -0.0009107500   -0.0004786400   -0.0001999800
   0.0004980000    0.0006925200   -0.0003994400
  -0.0012280900   -0.0000058300   -0.0002994200
  -0.0001012800   -0.0000049800   -0.0002305900
  -0.0314771900   -0.0255629200   -0.0618501800
   0.0006054400   -0.0005284600   -0.0016179100
   0.0005906800   -0.0005556700   -0.0016144600
   0.0013622300   -0.0005638000   -0.0016999500
   0.0004323900   -0.0007147000   -0.0016355200
   0.0007299900   -0.0007829300   -0.0012612200
   0.0008644400   -0.0006332700   -0.0014756700
   0.0005337900   -0.0007102800   -0.0015549700
   0.0015802700    0.0033627000   -0.0014747800
  -0.0000332800    0.0001654800   -0.0019619400
  -0.0015393100    0.0018429600   -0.0025351600
   0.0023534400    0.0039748500   -0.0014640600
  -0.0005927400    0.0007433200   -0.0016900700
  -0.0008581700    0.0008343300   -0.0008117900
  -0.0001516300    0.0010261100   -0.0003619400
  -0.0006493000    0.0007566100   -0.0017134500
   0.0007172900    0.0006354100    0.0015428000
   0.0012941400    0.0048834400    0.0058447600
   0.0008503900    0.0007951500    0.0019197800
   0.0007758400    0.0010855500    0.0013418300
  -0.0007675200   -0.0000384300    0.0029943700
   0.0047076200    0.0009895500    0.0052197200
   0.0009592600    0.0007768100    0.0018574300
   0.0006111100    0.0004110300    0.0018211400
  -0.0007753500   -0.0006697300    0.0018495100
  -0.0007973800   -0.0005864100    0.0014307200
   0.0005258100   -0.0029873400    0.0028831600
  -0.0023834000   -0.0007681300    0.0031823000
  -0.0006880300   -0.0023088700    0.0033899100
  -0.0007983900   -0.0004027600    0.0017025700
   0.0006050000    0.0032551600    0.0056973200
  -0.0009550200   -0.0006555500    0.0017260200

33   
 -0.0040848989666515  -0.0040848995548162  -0.0081625483802127
  -0.0139244900   -0.0159068300   -0.0158981500
  -0.0002901300    0.0000146300   -0.0000921200
  -0.0001373300   -0.0002337700   -0.0000484800
   0.0002747700    0.0002771500   -0.0003389300
   0.0001733000   -0.0000872400    0.0001744500
  -0.0000286400    0.0000543600    0.0002671400
  -0.0001985300    0.0001216700    0.0001057700
  -0.0000096000    0.0000168300   -0.0000731100
   0.0002341000   -0.0000828100    0.0002232900
   0.0082765300   -0.0094821100   -0.0104493000
   0.0000839200    0.0001766000   -0.0002472700
   0.0000909300    0.0000960300    0.0000570700
   0.0001901300   -0.0000771700    0.0002702300
  -0.0001404400    0.0002243700    0.0003393900
  -0.0003193200   -0.0000342600    0.0003785800
   0.0000389300    0.0000117900    0.0000799800
  -0.0032473100   -0.0023326800   -0.0000158000
   0.0001105300    0.0004769700    0.0003277100
   0.0001812900    0.0001559300    0.0001689600
   0.0000083000    0.0000178200    0.0003560100
   0.0000149300   -0.0001088000    0.0000128300
  -0.0008517900    0.0004416400    0.0003065600
   0.0008065900   -0.0007629900    0.0006550300
  -0.0001538200   -0.0001440300    0.0000097100
  -0.0001794200    0.0005163100    0.0001506500
   0.0003256500   -0.0002949400   -0.0009794700
  -0.0171039600    0.0122553500   -0.0180537900
   0.0000646700    0.0003292000    0.0002171000
   0.0009363100    0.0004772500    0.0001785400
  -0.0004943500   -0.0007190700    0.0003901500
   0.0012413400   -0.0000315900    0.0002791000
   0.0001046300   -0.0000209400    0.0002243900
   0.0340144700    0.0254450700    0.0591937700
   0.0007413900   -0.0009636600   -0.0015436500
   0.0007536600   -0.0009372300   -0.0015475200
  -0.0000153600   -0.0009248400   -0.0014665300
   0.0009101200   -0.0007760700   -0.0015248100
   0.0006130000   -0.0007068500   -0.0019041900
   0.0004792900   -0.0008691400   -0.0016822500
   0.0008118600   -0.0007789000   -0.0016019600
  -0.0028683500   -0.0018130600   -0.0017295500
  -0.0012466900    0.0013579400   -0.0012401200
   0.0002593700   -0.0003191000   -0.0006600300
  -0.0036853200   -0.0024772500   -0.0017144600
  -0.0007115900    0.0008014300   -0.0015030800
  -0.0004364100    0.0007076200   -0.0023829800
  -0.0011433400    0.0005119600   -0.0028344800
  -0.0006525300    0.0007905100   -0.0014806200
   0.0007790500    0.0006822700    0.0016929300
   0.0002058200   -0.0035205000   -0.0025630800
   0.0006505900    0.0005199400    0.0013122600
   0.0007229700    0.0002105300    0.0019296600
   0.0022571000    0.0013587500    0.0002556400
  -0.0032749400    0.0003379900   -0.0020250000
   0.0005352400    0.0005412300    0.0013818600
   0.0008812600    0.0009129500    0.0014184000
  -0.0007242800   -0.0006338700    0.0012878800
  -0.0007059400   -0.0007257500    0.0017054300
  -0.0019532100    0.0016416300    0.0003267300
   0.0008752600   -0.0005457600   -0.0000446100
  -0.0008150600    0.0010105700   -0.0002579500
  -0.0006976500   -0.0009050900    0.0014353800
  -0.0020946900   -0.0046236000   -0.0026234900
  -0.0005428200   -0.0006544100    0.0014142400
