# Phonopy generated file for v_sim 3.6
    5.627083820    0.000009953    5.594017114
    0.121484310   -0.000008596    5.763834856
    2.199859489    2.797147902    2.583683408  C
    3.563716245    2.797129450    3.151615928  N
    2.273443511    2.797126047    1.487763670  H
    1.672368372    3.700183878    2.921521726  H
    1.672331409    1.894145726    2.921554003  H
    4.100455979    3.645057560    2.855918385  H
    4.100429260    1.949178364    2.855933953  H
    3.574876930    2.797137824    4.192358160  H
    5.469318798    0.000131028    5.655201891 Pb
    5.198457345    0.000121062    2.734420583 Cl
    5.069815921    2.797147502    0.134281914 Cl
    2.639057427    0.000164991    5.324807408 Cl
#metaData: qpt=[0.000000;0.000000;0.000000;-0.000001 \
#; 0.000043; 0.053648; 0.003904; 0.000000; 0.000000; 0.000000 \
#; 0.000043; 0.053648; 0.003904; 0.000000; 0.000000; 0.000000 \
#; 0.000043; 0.053648; 0.003904; 0.000000; 0.000000; 0.000000 \
#; 0.000043; 0.053648; 0.003904; 0.000000; 0.000000; 0.000000 \
#; 0.000043; 0.053648; 0.003904; 0.000000; 0.000000; 0.000000 \
#; 0.000043; 0.053648; 0.003904; 0.000000; 0.000000; 0.000000 \
#; 0.000043; 0.053648; 0.003904; 0.000000; 0.000000; 0.000000 \
#; 0.000043; 0.053648; 0.003904; 0.000000; 0.000000; 0.000000 \
#; 0.000043; 0.053648; 0.003904; 0.000000; 0.000000; 0.000000 \
#; 0.000043; 0.053648; 0.003904; 0.000000; 0.000000; 0.000000 \
#; 0.000043; 0.053648; 0.003904; 0.000000; 0.000000; 0.000000 \
#; 0.000043; 0.053648; 0.003904; 0.000000; 0.000000; 0.000000 \
# ]
#metaData: qpt=[0.000000;0.000000;0.000000;0.000001 \
#; -0.000592; 0.003904; -0.053644; 0.000000; 0.000000; 0.000000 \
#; -0.000592; 0.003904; -0.053644; 0.000000; 0.000000; 0.000000 \
#; -0.000592; 0.003904; -0.053644; 0.000000; 0.000000; 0.000000 \
#; -0.000592; 0.003904; -0.053644; 0.000000; 0.000000; 0.000000 \
#; -0.000592; 0.003904; -0.053644; 0.000000; 0.000000; 0.000000 \
#; -0.000592; 0.003904; -0.053644; 0.000000; 0.000000; 0.000000 \
#; -0.000592; 0.003904; -0.053644; 0.000000; 0.000000; 0.000000 \
#; -0.000592; 0.003904; -0.053644; 0.000000; 0.000000; 0.000000 \
#; -0.000592; 0.003904; -0.053644; 0.000000; 0.000000; 0.000000 \
#; -0.000592; 0.003904; -0.053644; 0.000000; 0.000000; 0.000000 \
#; -0.000592; 0.003904; -0.053644; 0.000000; 0.000000; 0.000000 \
#; -0.000592; 0.003904; -0.053644; 0.000000; 0.000000; 0.000000 \
# ]
#metaData: qpt=[0.000000;0.000000;0.000000;0.000001 \
#; -0.053786; 0.000000; 0.000593; 0.000000; 0.000000; 0.000000 \
#; -0.053786; 0.000000; 0.000593; 0.000000; 0.000000; 0.000000 \
#; -0.053786; 0.000000; 0.000593; 0.000000; 0.000000; 0.000000 \
#; -0.053786; 0.000000; 0.000593; 0.000000; 0.000000; 0.000000 \
#; -0.053786; 0.000000; 0.000593; 0.000000; 0.000000; 0.000000 \
#; -0.053786; 0.000000; 0.000593; 0.000000; 0.000000; 0.000000 \
#; -0.053786; 0.000000; 0.000593; 0.000000; 0.000000; 0.000000 \
#; -0.053786; 0.000000; 0.000593; 0.000000; 0.000000; 0.000000 \
#; -0.053786; 0.000000; 0.000593; 0.000000; 0.000000; 0.000000 \
#; -0.053786; 0.000000; 0.000593; 0.000000; 0.000000; 0.000000 \
#; -0.053786; 0.000000; 0.000593; 0.000000; 0.000000; 0.000000 \
#; -0.053786; 0.000000; 0.000593; 0.000000; 0.000000; 0.000000 \
# ]
#metaData: qpt=[0.000000;0.000000;0.000000;1.111771 \
#; -0.002115; 0.057967; 0.000085; 0.000000; 0.000000; 0.000000 \
#; -0.001510; 0.074718; -0.001215; 0.000000; 0.000000; 0.000000 \
#; -0.003248; 0.083360; -0.000007; 0.000000; 0.000000; 0.000000 \
#; -0.017465; 0.042191; 0.018299; 0.000000; 0.000000; 0.000000 \
#; 0.013776; 0.042234; -0.017127; 0.000000; 0.000000; 0.000000 \
#; -0.011970; 0.080595; -0.003999; 0.000000; 0.000000; 0.000000 \
#; 0.008477; 0.080744; 0.000755; 0.000000; 0.000000; 0.000000 \
#; -0.000465; 0.084978; -0.001268; 0.000000; 0.000000; 0.000000 \
#; 0.000272; 0.001590; -0.000076; 0.000000; 0.000000; 0.000000 \
#; -0.000752; 0.067219; -0.000317; 0.000000; 0.000000; 0.000000 \
#; 0.000328; 0.001824; -0.001838; 0.000000; 0.000000; 0.000000 \
#; 0.000458; -0.139266; 0.003143; 0.000000; 0.000000; 0.000000 \
# ]
#metaData: qpt=[0.000000;0.000000;0.000000;1.641611 \
#; 0.066270; 0.000856; 0.023575; 0.000000; 0.000000; 0.000000 \
#; 0.063474; -0.000239; 0.030138; 0.000000; 0.000000; 0.000000 \
#; 0.071862; -0.006127; 0.023903; 0.000000; 0.000000; 0.000000 \
#; 0.069299; 0.005318; 0.016684; 0.000000; 0.000000; 0.000000 \
#; 0.063346; 0.003951; 0.027459; 0.000000; 0.000000; 0.000000 \
#; 0.066274; -0.002824; 0.028655; 0.000000; 0.000000; 0.000000 \
#; 0.063256; -0.001578; 0.034046; 0.000000; 0.000000; 0.000000 \
#; 0.055366; 0.003524; 0.030252; 0.000000; 0.000000; 0.000000 \
#; -0.020374; 0.000527; 0.001777; 0.000000; 0.000000; 0.000000 \
#; 0.070870; 0.000498; 0.008053; 0.000000; 0.000000; 0.000000 \
#; 0.007858; 0.000750; 0.064726; 0.000000; 0.000000; 0.000000 \
#; -0.018253; -0.004589; -0.107636; 0.000000; 0.000000; 0.000000 \
# ]
#metaData: qpt=[0.000000;0.000000;0.000000;1.843471 \
#; 0.070153; 0.001630; -0.062190; 0.000000; 0.000000; 0.000000 \
#; 0.057166; 0.001929; -0.029495; 0.000000; 0.000000; 0.000000 \
#; 0.095786; 0.002712; -0.060300; 0.000000; 0.000000; 0.000000 \
#; 0.061180; 0.000645; -0.073445; 0.000000; 0.000000; 0.000000 \
#; 0.062300; 0.001301; -0.075180; 0.000000; 0.000000; 0.000000 \
#; 0.064051; 0.003011; -0.014671; 0.000000; 0.000000; 0.000000 \
#; 0.065021; 0.002202; -0.016641; 0.000000; 0.000000; 0.000000 \
#; 0.032112; 0.000513; -0.030169; 0.000000; 0.000000; 0.000000 \
#; -0.031821; -0.000843; 0.000721; 0.000000; 0.000000; 0.000000 \
#; 0.045299; 0.001494; 0.007922; 0.000000; 0.000000; 0.000000 \
#; 0.085974; -0.000710; -0.043063; 0.000000; 0.000000; 0.000000 \
#; -0.002468; 0.002532; 0.071337; 0.000000; 0.000000; 0.000000 \
# ]
#metaData: qpt=[0.000000;0.000000;0.000000;1.859871 \
#; 0.001247; -0.128279; -0.007348; 0.000000; 0.000000; 0.000000 \
#; -0.000620; -0.076805; -0.002791; 0.000000; 0.000000; 0.000000 \
#; 0.004993; -0.155875; -0.007090; 0.000000; 0.000000; 0.000000 \
#; -0.025288; -0.133748; -0.034083; 0.000000; 0.000000; 0.000000 \
#; 0.025386; -0.133691; 0.015892; 0.000000; 0.000000; 0.000000 \
#; -0.012850; -0.081250; -0.035471; 0.000000; 0.000000; 0.000000 \
#; 0.013576; -0.081351; 0.033609; 0.000000; 0.000000; 0.000000 \
#; -0.004011; -0.029975; -0.002842; 0.000000; 0.000000; 0.000000 \
#; -0.000176; 0.035131; 0.001053; 0.000000; 0.000000; 0.000000 \
#; 0.000011; -0.068671; 0.001042; 0.000000; 0.000000; 0.000000 \
#; 0.001004; 0.027492; -0.003831; 0.000000; 0.000000; 0.000000 \
#; -0.000215; -0.072826; 0.001078; 0.000000; 0.000000; 0.000000 \
# ]
#metaData: qpt=[0.000000;0.000000;0.000000;1.871297 \
#; 0.005744; 0.004977; -0.153021; 0.000000; 0.000000; 0.000000 \
#; -0.035558; 0.002666; -0.051553; 0.000000; 0.000000; 0.000000 \
#; 0.089429; 0.002907; -0.147301; 0.000000; 0.000000; 0.000000 \
#; -0.018240; 0.006263; -0.192902; 0.000000; 0.000000; 0.000000 \
#; -0.022579; 0.007329; -0.190006; 0.000000; 0.000000; 0.000000 \
#; -0.012296; 0.002439; -0.009631; 0.000000; 0.000000; 0.000000 \
#; -0.014466; 0.001721; -0.010180; 0.000000; 0.000000; 0.000000 \
#; -0.111999; 0.002268; -0.052866; 0.000000; 0.000000; 0.000000 \
#; 0.006945; -0.001218; 0.031944; 0.000000; 0.000000; 0.000000 \
#; 0.003859; 0.002548; 0.027442; 0.000000; 0.000000; 0.000000 \
#; -0.018145; -0.000836; -0.060162; 0.000000; 0.000000; 0.000000 \
#; -0.011639; 0.002018; -0.064625; 0.000000; 0.000000; 0.000000 \
# ]
#metaData: qpt=[0.000000;0.000000;0.000000;2.109649 \
#; 0.026657; -0.001253; -0.021989; 0.000000; 0.000000; 0.000000 \
#; 0.039950; 0.000572; -0.054933; 0.000000; 0.000000; 0.000000 \
#; 0.001799; -0.003601; -0.023793; 0.000000; 0.000000; 0.000000 \
#; 0.034622; -0.000559; -0.011316; 0.000000; 0.000000; 0.000000 \
#; 0.035613; -0.001114; -0.007552; 0.000000; 0.000000; 0.000000 \
#; 0.034041; -0.001849; -0.068873; 0.000000; 0.000000; 0.000000 \
#; 0.035313; 0.003316; -0.067567; 0.000000; 0.000000; 0.000000 \
#; 0.068311; 0.001330; -0.052606; 0.000000; 0.000000; 0.000000 \
#; 0.000051; -0.000117; -0.004000; 0.000000; 0.000000; 0.000000 \
#; 0.083142; 0.000468; 0.003372; 0.000000; 0.000000; 0.000000 \
#; -0.123818; -0.000003; 0.001920; 0.000000; 0.000000; 0.000000 \
#; 0.009600; 0.000487; 0.053823; 0.000000; 0.000000; 0.000000 \
# ]
#metaData: qpt=[0.000000;0.000000;0.000000;2.613488 \
#; 0.043128; 0.003086; -0.139016; 0.000000; 0.000000; 0.000000 \
#; -0.031451; -0.000625; 0.044889; 0.000000; 0.000000; 0.000000 \
#; 0.197716; -0.007585; -0.128160; 0.000000; 0.000000; 0.000000 \
#; 0.000916; 0.009796; -0.222048; 0.000000; 0.000000; 0.000000 \
#; -0.010644; 0.009244; -0.205852; 0.000000; 0.000000; 0.000000 \
#; 0.007321; -0.003707; 0.102976; 0.000000; 0.000000; 0.000000 \
#; 0.000945; -0.004024; 0.109523; 0.000000; 0.000000; 0.000000 \
#; -0.167210; 0.003708; 0.042107; 0.000000; 0.000000; 0.000000 \
#; 0.004604; -0.000081; -0.020117; 0.000000; 0.000000; 0.000000 \
#; -0.026657; -0.000204; 0.028560; 0.000000; 0.000000; 0.000000 \
#; -0.003350; 0.000480; 0.095631; 0.000000; 0.000000; 0.000000 \
#; 0.000090; -0.000814; 0.031314; 0.000000; 0.000000; 0.000000 \
# ]
#metaData: qpt=[0.000000;0.000000;0.000000;2.834714 \
#; 0.001072; 0.182511; 0.001196; 0.000000; 0.000000; 0.000000 \
#; 0.001924; -0.045449; -0.001102; 0.000000; 0.000000; 0.000000 \
#; -0.000788; 0.263595; 0.001105; 0.000000; 0.000000; 0.000000 \
#; 0.127545; 0.228308; 0.075454; 0.000000; 0.000000; 0.000000 \
#; -0.124139; 0.228359; -0.071219; 0.000000; 0.000000; 0.000000 \
#; 0.106336; -0.098989; 0.029594; 0.000000; 0.000000; 0.000000 \
#; -0.103443; -0.099187; -0.033405; 0.000000; 0.000000; 0.000000 \
#; 0.003727; -0.080255; -0.000969; 0.000000; 0.000000; 0.000000 \
#; -0.000178; 0.010110; 0.000257; 0.000000; 0.000000; 0.000000 \
#; -0.000297; -0.085987; -0.000743; 0.000000; 0.000000; 0.000000 \
#; -0.000859; -0.007768; -0.001743; 0.000000; 0.000000; 0.000000 \
#; 0.000811; -0.021767; 0.000999; 0.000000; 0.000000; 0.000000 \
# ]
#metaData: qpt=[0.000000;0.000000;0.000000;3.088347 \
#; 0.015707; -0.000934; -0.029633; 0.000000; 0.000000; 0.000000 \
#; 0.010024; 0.000088; -0.016101; 0.000000; 0.000000; 0.000000 \
#; 0.028524; -0.004617; -0.028737; 0.000000; 0.000000; 0.000000 \
#; 0.012128; 0.000503; -0.039164; 0.000000; 0.000000; 0.000000 \
#; 0.011185; 0.000381; -0.033337; 0.000000; 0.000000; 0.000000 \
#; 0.010176; -0.000127; -0.017222; 0.000000; 0.000000; 0.000000 \
#; 0.010248; -0.000629; -0.014678; 0.000000; 0.000000; 0.000000 \
#; 0.000534; 0.001707; -0.016347; 0.000000; 0.000000; 0.000000 \
#; -0.016670; -0.000123; 0.015503; 0.000000; 0.000000; 0.000000 \
#; -0.028545; 0.000746; -0.085010; 0.000000; 0.000000; 0.000000 \
#; -0.010330; 0.000336; 0.025139; 0.000000; 0.000000; 0.000000 \
#; 0.124952; -0.000001; -0.010082; 0.000000; 0.000000; 0.000000 \
# ]
#metaData: qpt=[0.000000;0.000000;0.000000;3.364987 \
#; 0.079819; -0.000117; -0.017746; 0.000000; 0.000000; 0.000000 \
#; 0.090808; -0.000459; -0.047277; 0.000000; 0.000000; 0.000000 \
#; 0.056894; -0.011815; -0.019339; 0.000000; 0.000000; 0.000000 \
#; 0.091440; 0.005558; -0.014600; 0.000000; 0.000000; 0.000000 \
#; 0.083658; 0.005611; 0.003609; 0.000000; 0.000000; 0.000000 \
#; 0.082586; -0.001542; -0.067103; 0.000000; 0.000000; 0.000000 \
#; 0.079047; -0.004772; -0.058813; 0.000000; 0.000000; 0.000000 \
#; 0.112958; 0.004914; -0.046617; 0.000000; 0.000000; 0.000000 \
#; 0.012149; -0.000343; 0.013393; 0.000000; 0.000000; 0.000000 \
#; -0.053898; 0.001136; -0.084372; 0.000000; 0.000000; 0.000000 \
#; -0.007849; 0.001442; 0.023778; 0.000000; 0.000000; 0.000000 \
#; -0.086579; -0.000296; 0.012778; 0.000000; 0.000000; 0.000000 \
# ]
#metaData: qpt=[0.000000;0.000000;0.000000;3.910374 \
#; -0.005127; -0.016635; -0.004106; 0.000000; 0.000000; 0.000000 \
#; -0.005560; 0.017941; -0.001878; 0.000000; 0.000000; 0.000000 \
#; -0.003323; 0.131002; -0.003995; 0.000000; 0.000000; 0.000000 \
#; -0.075789; -0.100812; 0.110364; 0.000000; 0.000000; 0.000000 \
#; 0.064272; -0.100803; -0.120475; 0.000000; 0.000000; 0.000000 \
#; -0.053703; 0.078583; 0.079263; 0.000000; 0.000000; 0.000000 \
#; 0.043810; 0.079587; -0.082254; 0.000000; 0.000000; 0.000000 \
#; -0.007246; -0.088680; -0.002181; 0.000000; 0.000000; 0.000000 \
#; 0.000309; 0.023276; 0.000680; 0.000000; 0.000000; 0.000000 \
#; 0.004676; 0.003318; -0.006647; 0.000000; 0.000000; 0.000000 \
#; 0.002021; -0.146434; 0.004801; 0.000000; 0.000000; 0.000000 \
#; -0.003663; 0.005659; 0.000551; 0.000000; 0.000000; 0.000000 \
# ]
#metaData: qpt=[0.000000;0.000000;0.000000;4.135189 \
#; -0.093000; 0.001267; -0.025322; 0.000000; 0.000000; 0.000000 \
#; -0.105204; 0.002247; 0.013794; 0.000000; 0.000000; 0.000000 \
#; -0.060123; 0.028344; -0.022859; 0.000000; 0.000000; 0.000000 \
#; -0.111809; -0.011499; -0.021301; 0.000000; 0.000000; 0.000000 \
#; -0.093722; -0.012365; -0.063348; 0.000000; 0.000000; 0.000000 \
#; -0.096665; 0.002044; 0.029330; 0.000000; 0.000000; 0.000000 \
#; -0.090200; 0.012119; 0.015335; 0.000000; 0.000000; 0.000000 \
#; -0.133638; -0.006512; 0.012221; 0.000000; 0.000000; 0.000000 \
#; 0.003123; -0.001989; 0.008099; 0.000000; 0.000000; 0.000000 \
#; 0.082273; -0.004081; -0.087916; 0.000000; 0.000000; 0.000000 \
#; 0.028943; 0.013952; 0.028640; 0.000000; 0.000000; 0.000000 \
#; -0.039736; 0.000092; 0.016512; 0.000000; 0.000000; 0.000000 \
# ]
#metaData: qpt=[0.000000;0.000000;0.000000;4.582893 \
#; -0.001938; 0.010443; 0.003546; 0.000000; 0.000000; 0.000000 \
#; -0.010139; -0.042187; 0.022025; 0.000000; 0.000000; 0.000000 \
#; 0.013756; -0.451625; 0.004667; 0.000000; 0.000000; 0.000000 \
#; 0.172988; 0.250602; -0.364510; 0.000000; 0.000000; 0.000000 \
#; -0.185900; 0.250274; 0.356339; 0.000000; 0.000000; 0.000000 \
#; 0.086382; -0.163825; -0.136162; 0.000000; 0.000000; 0.000000 \
#; -0.098695; -0.164077; 0.191706; 0.000000; 0.000000; 0.000000 \
#; -0.022515; 0.166741; 0.022425; 0.000000; 0.000000; 0.000000 \
#; 0.000249; 0.006723; 0.000628; 0.000000; 0.000000; 0.000000 \
#; 0.007771; 0.031429; -0.010126; 0.000000; 0.000000; 0.000000 \
#; -0.000925; -0.052123; -0.008485; 0.000000; 0.000000; 0.000000 \
#; -0.002673; -0.002284; 0.002919; 0.000000; 0.000000; 0.000000 \
# ]
#metaData: qpt=[0.000000;0.000000;0.000000;4.886220 \
#; 0.073513; -0.001731; 0.015459; 0.000000; 0.000000; 0.000000 \
#; 0.002061; 0.005699; 0.181007; 0.000000; 0.000000; 0.000000 \
#; 0.211439; 0.053038; 0.024502; 0.000000; 0.000000; 0.000000 \
#; 0.008725; -0.030543; -0.008478; 0.000000; 0.000000; 0.000000 \
#; 0.052914; -0.030799; -0.094131; 0.000000; 0.000000; 0.000000 \
#; 0.020865; 0.021867; 0.256580; 0.000000; 0.000000; 0.000000 \
#; 0.045279; 0.021064; 0.214881; 0.000000; 0.000000; 0.000000 \
#; -0.105850; -0.020839; 0.180953; 0.000000; 0.000000; 0.000000 \
#; 0.000503; -0.000498; 0.000871; 0.000000; 0.000000; 0.000000 \
#; 0.005011; -0.003268; -0.037112; 0.000000; 0.000000; 0.000000 \
#; -0.034252; 0.003972; -0.066057; 0.000000; 0.000000; 0.000000 \
#; -0.006052; 0.000151; 0.005002; 0.000000; 0.000000; 0.000000 \
# ]
#metaData: qpt=[0.000000;0.000000;0.000000;5.247942 \
#; 0.000021; -0.002083; -0.000723; 0.000000; 0.000000; 0.000000 \
#; -0.000270; -0.179728; 0.000211; 0.000000; 0.000000; 0.000000 \
#; 0.000783; 0.206557; -0.000632; 0.000000; 0.000000; 0.000000 \
#; 0.050661; -0.037081; 0.172019; 0.000000; 0.000000; 0.000000 \
#; -0.051095; -0.036978; -0.174215; 0.000000; 0.000000; 0.000000 \
#; 0.064256; -0.211374; 0.050240; 0.000000; 0.000000; 0.000000 \
#; -0.064376; -0.211263; -0.049200; 0.000000; 0.000000; 0.000000 \
#; -0.000786; -0.245329; 0.000180; 0.000000; 0.000000; 0.000000 \
#; -0.000007; -0.000150; 0.000012; 0.000000; 0.000000; 0.000000 \
#; 0.000494; 0.087408; -0.000378; 0.000000; 0.000000; 0.000000 \
#; -0.000128; 0.004285; 0.000236; 0.000000; 0.000000; 0.000000 \
#; -0.000212; -0.003883; 0.000280; 0.000000; 0.000000; 0.000000 \
# ]
#metaData: qpt=[0.000000;0.000000;0.000000;10.472622 \
#; -0.000382; 0.003809; 0.000244; 0.000000; 0.000000; 0.000000 \
#; -0.000393; -0.018056; -0.000405; 0.000000; 0.000000; 0.000000 \
#; -0.000741; -0.233480; 0.000262; 0.000000; 0.000000; 0.000000 \
#; 0.091272; 0.127405; -0.186930; 0.000000; 0.000000; 0.000000 \
#; -0.091462; 0.127275; 0.187852; 0.000000; 0.000000; 0.000000 \
#; -0.155043; 0.233565; 0.415865; 0.000000; 0.000000; 0.000000 \
#; 0.154156; 0.233053; -0.417214; 0.000000; 0.000000; 0.000000 \
#; -0.000203; -0.551552; -0.000152; 0.000000; 0.000000; 0.000000 \
#; 0.000007; 0.000428; 0.000007; 0.000000; 0.000000; 0.000000 \
#; 0.000127; 0.002442; -0.000031; 0.000000; 0.000000; 0.000000 \
#; 0.000168; 0.010012; -0.000041; 0.000000; 0.000000; 0.000000 \
#; 0.000008; -0.007301; 0.000118; 0.000000; 0.000000; 0.000000 \
# ]
#metaData: qpt=[0.000000;0.000000;0.000000;26.519701 \
#; 0.023453; 0.000019; -0.034644; 0.000000; 0.000000; 0.000000 \
#; 0.015216; 0.000005; -0.040329; 0.000000; 0.000000; 0.000000 \
#; -0.454947; 0.000003; -0.056890; 0.000000; 0.000000; 0.000000 \
#; 0.140679; -0.038993; 0.265174; 0.000000; 0.000000; 0.000000 \
#; 0.140956; 0.038811; 0.264967; 0.000000; 0.000000; 0.000000 \
#; 0.137034; 0.044473; 0.294100; 0.000000; 0.000000; 0.000000 \
#; 0.136844; -0.044570; 0.294062; 0.000000; 0.000000; 0.000000 \
#; -0.578792; -0.000046; -0.048940; 0.000000; 0.000000; 0.000000 \
#; 0.000115; 0.000000; -0.000128; 0.000000; 0.000000; 0.000000 \
#; -0.000057; 0.000000; -0.001692; 0.000000; 0.000000; 0.000000 \
#; -0.001166; 0.000000; 0.000398; 0.000000; 0.000000; 0.000000 \
#; 0.000188; -0.000000; 0.000924; 0.000000; 0.000000; 0.000000 \
# ]
#metaData: qpt=[0.000000;0.000000;0.000000;27.775107 \
#; 0.000007; -0.053705; -0.000005; 0.000000; 0.000000; 0.000000 \
#; -0.000055; -0.035801; -0.000049; 0.000000; 0.000000; 0.000000 \
#; -0.000094; 0.214216; 0.000035; 0.000000; 0.000000; 0.000000 \
#; 0.405511; 0.149101; 0.115117; 0.000000; 0.000000; 0.000000 \
#; -0.405330; 0.149173; -0.114984; 0.000000; 0.000000; 0.000000 \
#; -0.409873; 0.183883; -0.120474; 0.000000; 0.000000; 0.000000 \
#; 0.409867; 0.183663; 0.120525; 0.000000; 0.000000; 0.000000 \
#; -0.000165; 0.248434; 0.000032; 0.000000; 0.000000; 0.000000 \
#; 0.000000; 0.000002; 0.000000; 0.000000; 0.000000; 0.000000 \
#; 0.000017; -0.000477; -0.000006; 0.000000; 0.000000; 0.000000 \
#; 0.000006; -0.000535; 0.000003; 0.000000; 0.000000; 0.000000 \
#; -0.000001; 0.001255; 0.000014; 0.000000; 0.000000; 0.000000 \
# ]
#metaData: qpt=[0.000000;0.000000;0.000000;30.617167 \
#; -0.175475; -0.000155; -0.078100; 0.000000; 0.000000; 0.000000 \
#; 0.155916; 0.000038; 0.065556; 0.000000; 0.000000; 0.000000 \
#; -0.174412; 0.000152; -0.079396; 0.000000; 0.000000; 0.000000 \
#; -0.137317; 0.010553; -0.039852; 0.000000; 0.000000; 0.000000 \
#; -0.138885; -0.009256; -0.037305; 0.000000; 0.000000; 0.000000 \
#; 0.145369; 0.008158; 0.070623; 0.000000; 0.000000; 0.000000 \
#; 0.144725; -0.008513; 0.070522; 0.000000; 0.000000; 0.000000 \
#; 0.141360; -0.000400; 0.068621; 0.000000; 0.000000; 0.000000 \
#; 0.000011; 0.000001; -0.000015; 0.000000; 0.000000; 0.000000 \
#; -0.001048; 0.000007; -0.000075; 0.000000; 0.000000; 0.000000 \
#; -0.000751; 0.000005; -0.000523; 0.000000; 0.000000; 0.000000 \
#; 0.000127; 0.000002; -0.000265; 0.000000; 0.000000; 0.000000 \
# ]
#metaData: qpt=[0.000000;0.000000;0.000000;36.535239 \
#; 0.051295; -0.000130; -0.113563; 0.000000; 0.000000; 0.000000 \
#; -0.050250; 0.000094; 0.084600; 0.000000; 0.000000; 0.000000 \
#; -0.393825; 0.000396; -0.139662; 0.000000; 0.000000; 0.000000 \
#; 0.114393; -0.113226; 0.289792; 0.000000; 0.000000; 0.000000 \
#; 0.113718; 0.113505; 0.290186; 0.000000; 0.000000; 0.000000 \
#; -0.085999; -0.081856; -0.196026; 0.000000; 0.000000; 0.000000 \
#; -0.086681; 0.081650; -0.196129; 0.000000; 0.000000; 0.000000 \
#; 0.404074; -0.000248; 0.097745; 0.000000; 0.000000; 0.000000 \
#; -0.000018; 0.000000; -0.000007; 0.000000; 0.000000; 0.000000 \
#; 0.000060; 0.000000; 0.000685; 0.000000; 0.000000; 0.000000 \
#; 0.000526; 0.000000; 0.000442; 0.000000; 0.000000; 0.000000 \
#; 0.000127; 0.000000; -0.000187; 0.000000; 0.000000; 0.000000 \
# ]
#metaData: qpt=[0.000000;0.000000;0.000000;37.232489 \
#; -0.000329; 0.118570; -0.000257; 0.000000; 0.000000; 0.000000 \
#; 0.000138; -0.100239; 0.000159; 0.000000; 0.000000; 0.000000 \
#; -0.000221; -0.279944; -0.000172; 0.000000; 0.000000; 0.000000 \
#; -0.354391; -0.084188; -0.017214; 0.000000; 0.000000; 0.000000 \
#; 0.355345; -0.084516; 0.018143; 0.000000; 0.000000; 0.000000 \
#; -0.358703; 0.101856; -0.052096; 0.000000; 0.000000; 0.000000 \
#; 0.358634; 0.101322; 0.051452; 0.000000; 0.000000; 0.000000 \
#; 0.000474; 0.237872; 0.000434; 0.000000; 0.000000; 0.000000 \
#; 0.000000; -0.000017; 0.000000; 0.000000; 0.000000; 0.000000 \
#; 0.000013; -0.000313; -0.000003; 0.000000; 0.000000; 0.000000 \
#; 0.000010; -0.000196; -0.000003; 0.000000; 0.000000; 0.000000 \
#; 0.000000; 0.000256; 0.000012; 0.000000; 0.000000; 0.000000 \
# ]
#metaData: qpt=[0.000000;0.000000;0.000000;41.351209 \
#; -0.099422; 0.000001; -0.046167; 0.000000; 0.000000; 0.000000 \
#; -0.007519; 0.000233; -0.006555; 0.000000; 0.000000; 0.000000 \
#; 0.594094; -0.002104; 0.006282; 0.000000; 0.000000; 0.000000 \
#; 0.352601; 0.119751; 0.331617; 0.000000; 0.000000; 0.000000 \
#; 0.350695; -0.120170; 0.327417; 0.000000; 0.000000; 0.000000 \
#; 0.003818; -0.014249; -0.002977; 0.000000; 0.000000; 0.000000 \
#; 0.002519; 0.014065; -0.003139; 0.000000; 0.000000; 0.000000 \
#; -0.024757; -0.000356; -0.015286; 0.000000; 0.000000; 0.000000 \
#; 0.000011; -0.000000; -0.000044; 0.000000; 0.000000; 0.000000 \
#; -0.000136; -0.000002; 0.000010; 0.000000; 0.000000; 0.000000 \
#; 0.000194; -0.000000; -0.000105; 0.000000; 0.000000; 0.000000 \
#; 0.000169; -0.000002; 0.000276; 0.000000; 0.000000; 0.000000 \
# ]
#metaData: qpt=[0.000000;0.000000;0.000000;42.602505 \
#; 0.000103; -0.037205; -0.000376; 0.000000; 0.000000; 0.000000 \
#; -0.000244; -0.028694; -0.000502; 0.000000; 0.000000; 0.000000 \
#; 0.006441; 0.664323; 0.000241; 0.000000; 0.000000; 0.000000 \
#; -0.189615; 0.044650; -0.463041; 0.000000; 0.000000; 0.000000 \
#; 0.183669; 0.051799; 0.471828; 0.000000; 0.000000; 0.000000 \
#; -0.057651; 0.007970; 0.013663; 0.000000; 0.000000; 0.000000 \
#; 0.059337; 0.008547; -0.010180; 0.000000; 0.000000; 0.000000 \
#; 0.000752; 0.064361; -0.000862; 0.000000; 0.000000; 0.000000 \
#; -0.000001; -0.000026; -0.000001; 0.000000; 0.000000; 0.000000 \
#; -0.000004; 0.000091; -0.000005; 0.000000; 0.000000; 0.000000 \
#; -0.000011; -0.000207; 0.000012; 0.000000; 0.000000; 0.000000 \
#; -0.000002; 0.000278; -0.000005; 0.000000; 0.000000; 0.000000 \
# ]
#metaData: qpt=[0.000000;0.000000;0.000000;42.882271 \
#; 0.028987; 0.000432; -0.029223; 0.000000; 0.000000; 0.000000 \
#; 0.025316; 0.000251; -0.018081; 0.000000; 0.000000; 0.000000 \
#; 0.345518; -0.006998; 0.008391; 0.000000; 0.000000; 0.000000 \
#; -0.416149; -0.376591; 0.305007; 0.000000; 0.000000; 0.000000 \
#; -0.419824; 0.375672; 0.295721; 0.000000; 0.000000; 0.000000 \
#; -0.060435; 0.069231; 0.014369; 0.000000; 0.000000; 0.000000 \
#; -0.061325; -0.069367; 0.014745; 0.000000; 0.000000; 0.000000 \
#; -0.089763; -0.000656; -0.024704; 0.000000; 0.000000; 0.000000 \
#; -0.000020; 0.000000; -0.000051; 0.000000; 0.000000; 0.000000 \
#; 0.000374; -0.000000; -0.000178; 0.000000; 0.000000; 0.000000 \
#; -0.000079; 0.000003; 0.000055; 0.000000; 0.000000; 0.000000 \
#; -0.000041; -0.000003; 0.000020; 0.000000; 0.000000; 0.000000 \
# ]
#metaData: qpt=[0.000000;0.000000;0.000000;44.443214 \
#; -0.000278; -0.000222; 0.000721; 0.000000; 0.000000; 0.000000 \
#; 0.082130; -0.000086; 0.057613; 0.000000; 0.000000; 0.000000 \
#; -0.046800; 0.003211; -0.003032; 0.000000; 0.000000; 0.000000 \
#; 0.052688; 0.039084; -0.025580; 0.000000; 0.000000; 0.000000 \
#; 0.054195; -0.038801; -0.022151; 0.000000; 0.000000; 0.000000 \
#; -0.341387; 0.091891; -0.389063; 0.000000; 0.000000; 0.000000 \
#; -0.341294; -0.091852; -0.389455; 0.000000; 0.000000; 0.000000 \
#; -0.535349; 0.000381; 0.021905; 0.000000; 0.000000; 0.000000 \
#; 0.000017; -0.000000; 0.000051; 0.000000; 0.000000; 0.000000 \
#; 0.000725; 0.000000; 0.000963; 0.000000; 0.000000; 0.000000 \
#; -0.000223; -0.000002; -0.001392; 0.000000; 0.000000; 0.000000 \
#; -0.000032; 0.000000; 0.000081; 0.000000; 0.000000; 0.000000 \
# ]
#metaData: qpt=[0.000000;0.000000;0.000000;46.570441 \
#; 0.003002; -0.000100; -0.012945; 0.000000; 0.000000; 0.000000 \
#; 0.029054; -0.000048; -0.029994; 0.000000; 0.000000; 0.000000 \
#; -0.058497; 0.000596; -0.022981; 0.000000; 0.000000; 0.000000 \
#; 0.073770; 0.035167; -0.008886; 0.000000; 0.000000; 0.000000 \
#; 0.073851; -0.035179; -0.008590; 0.000000; 0.000000; 0.000000 \
#; -0.426550; 0.400300; 0.301542; 0.000000; 0.000000; 0.000000 \
#; -0.427388; -0.400105; 0.299804; 0.000000; 0.000000; 0.000000 \
#; 0.287149; 0.001195; -0.002635; 0.000000; 0.000000; 0.000000 \
#; -0.000016; -0.000000; -0.000021; 0.000000; 0.000000; 0.000000 \
#; 0.001287; 0.000000; -0.000682; 0.000000; 0.000000; 0.000000 \
#; 0.000074; -0.000002; 0.000965; 0.000000; 0.000000; 0.000000 \
#; -0.000185; 0.000000; 0.000204; 0.000000; 0.000000; 0.000000 \
# ]
#metaData: qpt=[0.000000;0.000000;0.000000;47.260024 \
#; -0.000020; -0.016453; 0.000013; 0.000000; 0.000000; 0.000000 \
#; -0.000072; -0.041077; 0.000036; 0.000000; 0.000000; 0.000000 \
#; -0.000001; -0.018794; 0.000083; 0.000000; 0.000000; 0.000000 \
#; 0.048458; -0.004858; 0.029241; 0.000000; 0.000000; 0.000000 \
#; -0.048983; -0.004512; -0.029263; 0.000000; 0.000000; 0.000000 \
#; 0.175788; 0.048019; 0.469359; 0.000000; 0.000000; 0.000000 \
#; -0.173900; 0.049266; -0.470331; 0.000000; 0.000000; 0.000000 \
#; -0.000353; 0.671692; 0.000135; 0.000000; 0.000000; 0.000000 \
#; 0.000000; -0.000054; 0.000000; 0.000000; 0.000000; 0.000000 \
#; 0.000003; 0.000565; -0.000001; 0.000000; 0.000000; 0.000000 \
#; 0.000003; -0.000316; -0.000001; 0.000000; 0.000000; 0.000000 \
#; 0.000000; 0.000807; 0.000004; 0.000000; 0.000000; 0.000000 \
# ]
#metaData: qpt=[0.000000;0.000000;0.000000;89.287885 \
#; 0.044501; 0.000093; 0.012778; 0.000000; 0.000000; 0.000000 \
#; -0.003485; 0.000018; -0.000311; 0.000000; 0.000000; 0.000000 \
#; 0.038470; 0.000114; -0.516410; 0.000000; 0.000000; 0.000000 \
#; -0.279318; 0.484210; 0.183767; 0.000000; 0.000000; 0.000000 \
#; -0.279961; -0.485198; 0.184238; 0.000000; 0.000000; 0.000000 \
#; 0.019111; 0.034347; -0.013289; 0.000000; 0.000000; 0.000000 \
#; 0.019588; -0.035005; -0.013594; 0.000000; 0.000000; 0.000000 \
#; -0.002237; 0.000064; 0.027239; 0.000000; 0.000000; 0.000000 \
#; -0.000002; 0.000000; -0.000005; 0.000000; 0.000000; 0.000000 \
#; 0.000036; 0.000001; -0.000027; 0.000000; 0.000000; 0.000000 \
#; 0.000042; 0.000001; 0.000029; 0.000000; 0.000000; 0.000000 \
#; 0.000007; 0.000001; 0.000032; 0.000000; 0.000000; 0.000000 \
# ]
#metaData: qpt=[0.000000;0.000000;0.000000;92.133415 \
#; -0.000198; 0.086266; 0.000969; 0.000000; 0.000000; 0.000000 \
#; 0.001816; -0.025321; -0.000540; 0.000000; 0.000000; 0.000000 \
#; 0.000599; 0.016535; -0.009638; 0.000000; 0.000000; 0.000000 \
#; 0.304139; -0.520808; -0.205531; 0.000000; 0.000000; 0.000000 \
#; -0.301915; -0.515927; 0.203883; 0.000000; 0.000000; 0.000000 \
#; 0.087730; 0.148847; -0.062692; 0.000000; 0.000000; 0.000000 \
#; -0.113352; 0.190594; 0.078331; 0.000000; 0.000000; 0.000000 \
#; 0.000337; -0.007513; -0.008244; 0.000000; 0.000000; 0.000000 \
#; 0.000000; -0.000002; -0.000001; 0.000000; 0.000000; 0.000000 \
#; -0.000012; 0.000359; -0.000003; 0.000000; 0.000000; 0.000000 \
#; -0.000000; -0.000014; 0.000004; 0.000000; 0.000000; 0.000000 \
#; -0.000001; 0.000013; -0.000001; 0.000000; 0.000000; 0.000000 \
# ]
#metaData: qpt=[0.000000;0.000000;0.000000;92.410222 \
#; 0.031658; 0.001076; -0.083592; 0.000000; 0.000000; 0.000000 \
#; -0.005244; -0.000761; 0.005827; 0.000000; 0.000000; 0.000000 \
#; -0.056186; 0.000352; 0.801616; 0.000000; 0.000000; 0.000000 \
#; -0.155901; 0.284640; 0.093469; 0.000000; 0.000000; 0.000000 \
#; -0.163399; -0.297732; 0.098634; 0.000000; 0.000000; 0.000000 \
#; 0.034285; 0.064248; -0.023585; 0.000000; 0.000000; 0.000000 \
#; 0.027834; -0.053794; -0.019331; 0.000000; 0.000000; 0.000000 \
#; 0.008751; -0.000244; -0.034364; 0.000000; 0.000000; 0.000000 \
#; -0.000000; -0.000000; 0.000005; 0.000000; 0.000000; 0.000000 \
#; 0.000043; 0.000010; -0.000000; 0.000000; 0.000000; 0.000000 \
#; -0.000038; -0.000001; -0.000050; 0.000000; 0.000000; 0.000000 \
#; 0.000004; -0.000000; -0.000015; 0.000000; 0.000000; 0.000000 \
# ]
#metaData: qpt=[0.000000;0.000000;0.000000;92.909084 \
#; -0.006842; -0.005691; 0.006357; 0.000000; 0.000000; 0.000000 \
#; -0.045896; -0.024707; 0.018721; 0.000000; 0.000000; 0.000000 \
#; 0.006151; 0.000099; -0.045145; 0.000000; 0.000000; 0.000000 \
#; 0.014952; -0.018614; -0.004445; 0.000000; 0.000000; 0.000000 \
#; 0.061305; 0.089534; -0.030767; 0.000000; 0.000000; 0.000000 \
#; 0.426734; 0.690987; -0.261026; 0.000000; 0.000000; 0.000000 \
#; 0.214242; -0.354666; -0.127763; 0.000000; 0.000000; 0.000000 \
#; -0.009866; -0.006727; 0.129710; 0.000000; 0.000000; 0.000000 \
#; -0.000005; -0.000001; 0.000016; 0.000000; 0.000000; 0.000000 \
#; 0.000252; 0.000316; 0.000095; 0.000000; 0.000000; 0.000000 \
#; -0.000073; -0.000007; -0.000056; 0.000000; 0.000000; 0.000000 \
#; 0.000017; -0.000006; -0.000032; 0.000000; 0.000000; 0.000000 \
# ]
#metaData: qpt=[0.000000;0.000000;0.000000;92.978912 \
#; 0.002130; -0.026771; -0.001650; 0.000000; 0.000000; 0.000000 \
#; 0.015396; -0.071287; -0.006553; 0.000000; 0.000000; 0.000000 \
#; -0.001730; -0.004570; 0.010190; 0.000000; 0.000000; 0.000000 \
#; -0.115953; 0.183902; 0.068332; 0.000000; 0.000000; 0.000000 \
#; 0.091653; 0.150215; -0.057335; 0.000000; 0.000000; 0.000000 \
#; 0.198572; 0.308244; -0.125857; 0.000000; 0.000000; 0.000000 \
#; -0.413272; 0.658850; 0.256036; 0.000000; 0.000000; 0.000000 \
#; 0.003127; -0.018696; -0.039555; 0.000000; 0.000000; 0.000000 \
#; 0.000002; 0.000000; -0.000005; 0.000000; 0.000000; 0.000000 \
#; -0.000082; 0.000916; -0.000033; 0.000000; 0.000000; 0.000000 \
#; 0.000028; -0.000008; 0.000019; 0.000000; 0.000000; 0.000000 \
#; -0.000006; -0.000009; 0.000014; 0.000000; 0.000000; 0.000000 \
# ]
#metaData: qpt=[0.000000;0.000000;0.000000;96.347693 \
#; -0.000083; -0.000388; 0.003782; 0.000000; 0.000000; 0.000000 \
#; -0.007471; -0.000217; 0.070618; 0.000000; 0.000000; 0.000000 \
#; -0.005622; -0.000587; -0.052199; 0.000000; 0.000000; 0.000000 \
#; 0.001802; -0.002122; -0.001777; 0.000000; 0.000000; 0.000000 \
#; 0.004679; 0.007651; -0.003721; 0.000000; 0.000000; 0.000000 \
#; 0.037636; 0.068117; -0.006891; 0.000000; 0.000000; 0.000000 \
#; 0.036223; -0.065805; -0.006083; 0.000000; 0.000000; 0.000000 \
#; 0.037108; 0.000042; -0.951760; 0.000000; 0.000000; 0.000000 \
#; 0.000002; 0.000000; -0.000002; 0.000000; 0.000000; 0.000000 \
#; 0.000117; 0.000004; -0.000026; 0.000000; 0.000000; 0.000000 \
#; -0.000335; 0.000002; -0.000107; 0.000000; 0.000000; 0.000000 \
#; 0.000009; 0.000002; 0.000034; 0.000000; 0.000000; 0.000000 \
# ]
