# Sigma = 0.500000
      -15.0000000000        0.0000000000
      -14.9000000000        0.0000000000
      -14.8000000000        0.0000000000
      -14.7000000000        0.0000000000
      -14.6000000000        0.0000000000
      -14.5000000000        0.0000000000
      -14.4000000000        0.0000000000
      -14.3000000000        0.0000000000
      -14.2000000000        0.0000000000
      -14.1000000000        0.0000000000
      -14.0000000000        0.0000000000
      -13.9000000000        0.0000000000
      -13.8000000000        0.0000000000
      -13.7000000000        0.0000000000
      -13.6000000000        0.0000000000
      -13.5000000000        0.0000000000
      -13.4000000000        0.0000000000
      -13.3000000000        0.0000000000
      -13.2000000000        0.0000000000
      -13.1000000000        0.0000000000
      -13.0000000000        0.0000000000
      -12.9000000000        0.0000000000
      -12.8000000000        0.0000000000
      -12.7000000000        0.0000000000
      -12.6000000000        0.0000000000
      -12.5000000000        0.0000000000
      -12.4000000000        0.0000000000
      -12.3000000000        0.0000000000
      -12.2000000000        0.0000000000
      -12.1000000000        0.0000000000
      -12.0000000000        0.0000000000
      -11.9000000000        0.0000000000
      -11.8000000000        0.0000000000
      -11.7000000000        0.0000000000
      -11.6000000000        0.0000000000
      -11.5000000000        0.0000000000
      -11.4000000000        0.0000000000
      -11.3000000000        0.0000000000
      -11.2000000000        0.0000000000
      -11.1000000000        0.0000000000
      -11.0000000000        0.0000000000
      -10.9000000000        0.0000000000
      -10.8000000000        0.0000000000
      -10.7000000000        0.0000000000
      -10.6000000000        0.0000000000
      -10.5000000000        0.0000000000
      -10.4000000000        0.0000000000
      -10.3000000000        0.0000000000
      -10.2000000000        0.0000000000
      -10.1000000000        0.0000000000
      -10.0000000000        0.0000000000
       -9.9000000000        0.0000000000
       -9.8000000000        0.0000000000
       -9.7000000000        0.0000000000
       -9.6000000000        0.0000000000
       -9.5000000000        0.0000000000
       -9.4000000000        0.0000000000
       -9.3000000000        0.0000000000
       -9.2000000000        0.0000000000
       -9.1000000000        0.0000000000
       -9.0000000000        0.0000000000
       -8.9000000000        0.0000000000
       -8.8000000000        0.0000000000
       -8.7000000000        0.0000000000
       -8.6000000000        0.0000000000
       -8.5000000000        0.0000000000
       -8.4000000000        0.0000000000
       -8.3000000000        0.0000000000
       -8.2000000000        0.0000000000
       -8.1000000000        0.0000000000
       -8.0000000000        0.0000000000
       -7.9000000000        0.0000000000
       -7.8000000000        0.0000000000
       -7.7000000000        0.0000000000
       -7.6000000000        0.0000000000
       -7.5000000000        0.0000000000
       -7.4000000000        0.0000000000
       -7.3000000000        0.0000000000
       -7.2000000000        0.0000000000
       -7.1000000000        0.0000000000
       -7.0000000000        0.0000000000
       -6.9000000000        0.0000000000
       -6.8000000000        0.0000000000
       -6.7000000000        0.0000000000
       -6.6000000000        0.0000000000
       -6.5000000000        0.0000000000
       -6.4000000000        0.0000000000
       -6.3000000000        0.0000000000
       -6.2000000000        0.0000000000
       -6.1000000000        0.0000000000
       -6.0000000000        0.0000000000
       -5.9000000000        0.0000000000
       -5.8000000000        0.0000000000
       -5.7000000000        0.0000000000
       -5.6000000000        0.0000000000
       -5.5000000000        0.0000000000
       -5.4000000000        0.0000000000
       -5.3000000000        0.0000000000
       -5.2000000000        0.0000000000
       -5.1000000000        0.0000000000
       -5.0000000000        0.0000000000
       -4.9000000000        0.0000000000
       -4.8000000000        0.0000000000
       -4.7000000000        0.0000000000
       -4.6000000000        0.0000000000
       -4.5000000000        0.0000000000
       -4.4000000000        0.0000000000
       -4.3000000000        0.0000000000
       -4.2000000000        0.0000000000
       -4.1000000000        0.0000000000
       -4.0000000000        0.0000000000
       -3.9000000000        0.0000000000
       -3.8000000000        0.0000000000
       -3.7000000000        0.0000000000
       -3.6000000000        0.0000000001
       -3.5000000000        0.0000000005
       -3.4000000000        0.0000000015
       -3.3000000000        0.0000000046
       -3.2000000000        0.0000000138
       -3.1000000000        0.0000000398
       -3.0000000000        0.0000001107
       -2.9000000000        0.0000002960
       -2.8000000000        0.0000007618
       -2.7000000000        0.0000018867
       -2.6000000000        0.0000044965
       -2.5000000000        0.0000103143
       -2.4000000000        0.0000227740
       -2.3000000000        0.0000484110
       -2.2000000000        0.0000990906
       -2.1000000000        0.0001953446
       -2.0000000000        0.0003709957
       -1.9000000000        0.0006790215
       -1.8000000000        0.0011982135
       -1.7000000000        0.0020396871
       -1.6000000000        0.0033518638
       -1.5000000000        0.0053224715
       -1.4000000000        0.0081767666
       -1.3000000000        0.0121728287
       -1.2000000000        0.0175973998
       -1.1000000000        0.0247687475
       -1.0000000000        0.0340552921
       -0.9000000000        0.0459186876
       -0.8000000000        0.0609863050
       -0.7000000000        0.0801500732
       -0.6000000000        0.1046773989
       -0.5000000000        0.1363081319
       -0.4000000000        0.1773032971
       -0.3000000000        0.2304107295
       -0.2000000000        0.2987225334
       -0.1000000000        0.3854193598
       -0.0000000000        0.4934232978
        0.1000000000        0.6250081633
        0.2000000000        0.7814351817
        0.3000000000        0.9626864354
        0.4000000000        1.1673542740
        0.5000000000        1.3927135934
        0.6000000000        1.6349625653
        0.7000000000        1.8895774818
        0.8000000000        2.1517015050
        0.9000000000        2.4164848396
        1.0000000000        2.6793174049
        1.1000000000        2.9359372733
        1.2000000000        3.1824436545
        1.3000000000        3.4152738626
        1.4000000000        3.6312060284
        1.5000000000        3.8274211379
        1.6000000000        4.0016108534
        1.7000000000        4.1520729093
        1.8000000000        4.2777160791
        1.9000000000        4.3779149378
        2.0000000000        4.4522081888
        2.1000000000        4.4999047472
        2.2000000000        4.5197219570
        2.3000000000        4.5096050579
        2.4000000000        4.4668527472
        2.5000000000        4.3886033354
        2.6000000000        4.2726378934
        2.7000000000        4.1183585546
        2.8000000000        3.9277302810
        2.9000000000        3.7059541382
        3.0000000000        3.4616775472
        3.1000000000        3.2066346911
        3.2000000000        2.9547271761
        3.3000000000        2.7206719602
        3.4000000000        2.5184313362
        3.5000000000        2.3596777291
        3.6000000000        2.2525280852
        3.7000000000        2.2007183219
        3.8000000000        2.2032991370
        3.9000000000        2.2548457673
        4.0000000000        2.3461063578
        4.1000000000        2.4649754695
        4.2000000000        2.5976675575
        4.3000000000        2.7299686556
        4.4000000000        2.8484514298
        4.5000000000        2.9415443097
        4.6000000000        3.0003537124
        4.7000000000        3.0191589542
        4.8000000000        2.9955394492
        4.9000000000        2.9301508459
        5.0000000000        2.8262270728
        5.1000000000        2.6889288162
        5.2000000000        2.5246693166
        5.3000000000        2.3405216683
        5.4000000000        2.1437595501
        5.5000000000        1.9415271694
        5.6000000000        1.7405956276
        5.7000000000        1.5471533686
        5.8000000000        1.3665952589
        5.9000000000        1.2033048232
        6.0000000000        1.0604511783
        6.1000000000        0.9398353742
        6.2000000000        0.8418182011
        6.3000000000        0.7653485101
        6.4000000000        0.7080958019
        6.5000000000        0.6666791159
        6.6000000000        0.6369773912
        6.7000000000        0.6145019337
        6.8000000000        0.5948058827
        6.9000000000        0.5738970230
        7.0000000000        0.5486107826
        7.1000000000        0.5168945353
        7.2000000000        0.4779577718
        7.3000000000        0.4322584413
        7.4000000000        0.3813225549
        7.5000000000        0.3274260077
        7.6000000000        0.2731955976
        7.7000000000        0.2212017817
        7.8000000000        0.1736138523
        7.9000000000        0.1319696163
        8.0000000000        0.0970823426
        8.1000000000        0.0690766882
        8.2000000000        0.0475211471
        8.3000000000        0.0316126653
        8.4000000000        0.0203703100
        8.5000000000        0.0128061987
        8.6000000000        0.0080580115
        8.7000000000        0.0054829424
        8.8000000000        0.0047237982
        8.9000000000        0.0057619158
        9.0000000000        0.0089680647
        9.1000000000        0.0151522801
        9.2000000000        0.0255986148
        9.3000000000        0.0420546569
        9.4000000000        0.0666338913
        9.5000000000        0.1015886595
        9.6000000000        0.1489293925
        9.7000000000        0.2099049362
        9.8000000000        0.2844144315
        9.9000000000        0.3704787027
       10.0000000000        0.4639358120
       10.1000000000        0.5585179853
       10.2000000000        0.6464022775
       10.3000000000        0.7192118974
       10.4000000000        0.7693090505
       10.5000000000        0.7911091644
       10.6000000000        0.7821049829
       10.7000000000        0.7433409922
       10.8000000000        0.6792140980
       10.9000000000        0.5966531215
       11.0000000000        0.5038887319
       11.1000000000        0.4091151993
       11.2000000000        0.3193415280
       11.3000000000        0.2396428194
       11.4000000000        0.1728912207
       11.5000000000        0.1199170845
       11.6000000000        0.0799629345
       11.7000000000        0.0512620192
       11.8000000000        0.0315937835
       11.9000000000        0.0187200057
       12.0000000000        0.0106637027
       12.1000000000        0.0058399206
       12.2000000000        0.0030746928
       12.3000000000        0.0015562925
       12.4000000000        0.0007573108
       12.5000000000        0.0003542820
       12.6000000000        0.0001593362
       12.7000000000        0.0000688919
       12.8000000000        0.0000286358
       12.9000000000        0.0000114429
       13.0000000000        0.0000043959
       13.1000000000        0.0000016234
       13.2000000000        0.0000005764
       13.3000000000        0.0000001967
       13.4000000000        0.0000000645
       13.5000000000        0.0000000204
       13.6000000000        0.0000000062
       13.7000000000        0.0000000018
       13.8000000000        0.0000000005
       13.9000000000        0.0000000001
       14.0000000000        0.0000000000
       14.1000000000        0.0000000000
       14.2000000000        0.0000000000
       14.3000000000        0.0000000000
       14.4000000000        0.0000000000
       14.5000000000        0.0000000000
       14.6000000000        0.0000000000
       14.7000000000        0.0000000000
       14.8000000000        0.0000000000
       14.9000000000        0.0000000000
       15.0000000000        0.0000000000
       15.1000000000        0.0000000000
       15.2000000000        0.0000000000
       15.3000000000        0.0000000000
       15.4000000000        0.0000000000
       15.5000000000        0.0000000000
       15.6000000000        0.0000000000
       15.7000000000        0.0000000000
       15.8000000000        0.0000000000
       15.9000000000        0.0000000000
       16.0000000000        0.0000000000
       16.1000000000        0.0000000000
       16.2000000000        0.0000000000
       16.3000000000        0.0000000000
       16.4000000000        0.0000000000
       16.5000000000        0.0000000000
       16.6000000000        0.0000000000
       16.7000000000        0.0000000000
       16.8000000000        0.0000000000
       16.9000000000        0.0000000000
       17.0000000000        0.0000000000
       17.1000000000        0.0000000000
       17.2000000000        0.0000000000
       17.3000000000        0.0000000000
       17.4000000000        0.0000000000
       17.5000000000        0.0000000000
       17.6000000000        0.0000000000
       17.7000000000        0.0000000000
       17.8000000000        0.0000000000
       17.9000000000        0.0000000000
       18.0000000000        0.0000000000
       18.1000000000        0.0000000000
       18.2000000000        0.0000000000
       18.3000000000        0.0000000000
       18.4000000000        0.0000000000
       18.5000000000        0.0000000000
       18.6000000000        0.0000000000
       18.7000000000        0.0000000000
       18.8000000000        0.0000000000
       18.9000000000        0.0000000000
       19.0000000000        0.0000000000
       19.1000000000        0.0000000000
       19.2000000000        0.0000000000
       19.3000000000        0.0000000000
       19.4000000000        0.0000000000
       19.5000000000        0.0000000000
       19.6000000000        0.0000000000
       19.7000000000        0.0000000000
       19.8000000000        0.0000000000
       19.9000000000        0.0000000000
       20.0000000000        0.0000000000
       20.1000000000        0.0000000000
       20.2000000000        0.0000000000
       20.3000000000        0.0000000000
       20.4000000000        0.0000000000
       20.5000000000        0.0000000000
       20.6000000000        0.0000000000
       20.7000000000        0.0000000000
       20.8000000000        0.0000000000
       20.9000000000        0.0000000000
       21.0000000000        0.0000000000
       21.1000000000        0.0000000000
       21.2000000000        0.0000000000
       21.3000000000        0.0000000000
       21.4000000000        0.0000000000
       21.5000000000        0.0000000000
       21.6000000000        0.0000000000
       21.7000000000        0.0000000000
       21.8000000000        0.0000000000
       21.9000000000        0.0000000000
       22.0000000000        0.0000000000
       22.1000000000        0.0000000000
       22.2000000000        0.0000000000
       22.3000000000        0.0000000000
       22.4000000000        0.0000000000
       22.5000000000        0.0000000000
       22.6000000000        0.0000000000
       22.7000000000        0.0000000000
       22.8000000000        0.0000000000
       22.9000000000        0.0000000000
       23.0000000000        0.0000000000
       23.1000000000        0.0000000001
       23.2000000000        0.0000000003
       23.3000000000        0.0000000012
       23.4000000000        0.0000000041
       23.5000000000        0.0000000137
       23.6000000000        0.0000000441
       23.7000000000        0.0000001363
       23.8000000000        0.0000004046
       23.9000000000        0.0000011549
       24.0000000000        0.0000031689
       24.1000000000        0.0000083584
       24.2000000000        0.0000211932
       24.3000000000        0.0000516576
       24.4000000000        0.0001210424
       24.5000000000        0.0002726540
       24.6000000000        0.0005904192
       24.7000000000        0.0012291001
       24.8000000000        0.0024597796
       24.9000000000        0.0047325085
       25.0000000000        0.0087534098
       25.1000000000        0.0155653377
       25.2000000000        0.0266097425
       25.3000000000        0.0437350969
       25.4000000000        0.0691090568
       25.5000000000        0.1049944211
       25.6000000000        0.1533696288
       25.7000000000        0.2154157223
       25.8000000000        0.2909481805
       25.9000000000        0.3779285313
       26.0000000000        0.4722242091
       26.1000000000        0.5677724841
       26.2000000000        0.6572327983
       26.3000000000        0.7330890911
       26.4000000000        0.7890203785
       26.5000000000        0.8212404152
       26.6000000000        0.8294616471
       26.7000000000        0.8171914659
       26.8000000000        0.7912145883
       26.9000000000        0.7603164954
       27.0000000000        0.7335018493
       27.1000000000        0.7181012218
       27.2000000000        0.7182002106
       27.3000000000        0.7337565688
       27.4000000000        0.7606117472
       27.5000000000        0.7913935402
       27.6000000000        0.8170978098
       27.7000000000        0.8289807574
       27.8000000000        0.8203283534
       27.9000000000        0.7877136129
       28.0000000000        0.7314938146
       28.1000000000        0.6554987459
       28.2000000000        0.5660602826
       28.3000000000        0.4706765071
       28.4000000000        0.3766536529
       28.5000000000        0.2900221897
       28.6000000000        0.2149064635
       28.7000000000        0.1533861726
       28.8000000000        0.1057680311
       28.9000000000        0.0711165371
       29.0000000000        0.0478798391
       29.1000000000        0.0344762774
       29.2000000000        0.0297552218
       29.3000000000        0.0332897740
       29.4000000000        0.0454859228
       29.5000000000        0.0675026353
       29.6000000000        0.1009801878
       29.7000000000        0.1475840167
       29.8000000000        0.2083994245
       29.9000000000        0.2832594733
       30.0000000000        0.3701418546
       30.1000000000        0.4648068431
       30.2000000000        0.5608413736
       30.3000000000        0.6502075689
       30.4000000000        0.7242729984
       30.5000000000        0.7751555294
       30.6000000000        0.7970967185
       30.7000000000        0.7875326900
       30.8000000000        0.7475865536
       30.9000000000        0.6818512924
       31.0000000000        0.5975209526
       31.1000000000        0.5030971854
       31.2000000000        0.4069920350
       31.3000000000        0.3163407951
       31.4000000000        0.2362434409
       31.5000000000        0.1695116610
       31.6000000000        0.1168623613
       31.7000000000        0.0774078473
       31.8000000000        0.0492641023
       31.9000000000        0.0301239143
       32.0000000000        0.0176981339
       32.1000000000        0.0099903059
       32.2000000000        0.0054183285
       32.3000000000        0.0028234956
       32.4000000000        0.0014136572
       32.5000000000        0.0006800430
       32.6000000000        0.0003143140
       32.7000000000        0.0001395810
       32.8000000000        0.0000595558
       32.9000000000        0.0000244151
       33.0000000000        0.0000096168
       33.1000000000        0.0000036396
       33.2000000000        0.0000013242
       33.3000000000        0.0000004655
       33.4000000000        0.0000001660
       33.5000000000        0.0000000853
       33.6000000000        0.0000001257
       33.7000000000        0.0000003360
       33.8000000000        0.0000009589
       33.9000000000        0.0000026597
       34.0000000000        0.0000070972
       34.1000000000        0.0000182017
       34.2000000000        0.0000448599
       34.3000000000        0.0001062493
       34.4000000000        0.0002418341
       34.5000000000        0.0005289764
       34.6000000000        0.0011119531
       34.7000000000        0.0022463312
       34.8000000000        0.0043611983
       34.9000000000        0.0081375360
       35.0000000000        0.0145931541
       35.1000000000        0.0251532591
       35.2000000000        0.0416731019
       35.3000000000        0.0663701582
       35.4000000000        0.1016250132
       35.5000000000        0.1496296472
       35.6000000000        0.2119022809
       35.7000000000        0.2887441531
       35.8000000000        0.3787696377
       35.9000000000        0.4786725853
       36.0000000000        0.5833740909
       36.1000000000        0.6866175735
       36.2000000000        0.7819470090
       36.3000000000        0.8638609348
       36.4000000000        0.9288332460
       36.5000000000        0.9758828123
       36.6000000000        1.0064800935
       36.7000000000        1.0237778867
       36.8000000000        1.0313801636
       36.9000000000        1.0320326799
       37.0000000000        1.0266616138
       37.1000000000        1.0140782091
       37.2000000000        0.9914438054
       37.3000000000        0.9553326908
       37.4000000000        0.9030349316
       37.5000000000        0.8336768431
       37.6000000000        0.7488193146
       37.7000000000        0.6523836629
       37.8000000000        0.5499747324
       37.9000000000        0.4478424221
       38.0000000000        0.3517944439
       38.1000000000        0.2663371160
       38.2000000000        0.1942086983
       38.3000000000        0.1363327481
       38.4000000000        0.0921058061
       38.5000000000        0.0598732415
       38.6000000000        0.0374431409
       38.7000000000        0.0225251598
       38.8000000000        0.0130355614
       38.9000000000        0.0072600408
       39.0000000000        0.0038999192
       39.1000000000        0.0020421157
       39.2000000000        0.0010929879
       39.3000000000        0.0007074766
       39.4000000000        0.0007341564
       39.5000000000        0.0011875666
       39.6000000000        0.0022526287
       39.7000000000        0.0043210471
       39.8000000000        0.0080542361
       39.9000000000        0.0144595260
       40.0000000000        0.0249554378
       40.1000000000        0.0413893501
       40.2000000000        0.0659616277
       40.3000000000        0.1010115207
       40.4000000000        0.1486394842
       40.5000000000        0.2101820028
       40.6000000000        0.2856143650
       40.7000000000        0.3730191069
       40.8000000000        0.4682989490
       40.9000000000        0.5653073250
       41.0000000000        0.6565014829
       41.1000000000        0.7340979481
       41.2000000000        0.7915580179
       41.3000000000        0.8250995938
       41.4000000000        0.8348693159
       41.5000000000        0.8254445383
       41.6000000000        0.8054648513
       41.7000000000        0.7863827705
       41.8000000000        0.7805208540
       41.9000000000        0.7987785982
       42.0000000000        0.8484158024
       42.1000000000        0.9313404768
       42.2000000000        1.0432552041
       42.3000000000        1.1738790343
       42.4000000000        1.3082779653
       42.5000000000        1.4291276803
       42.6000000000        1.5195320269
       42.7000000000        1.5658769793
       42.8000000000        1.5601605286
       42.9000000000        1.5013320287
       43.0000000000        1.3953889093
       43.1000000000        1.2542597610
       43.2000000000        1.0937683228
       43.3000000000        0.9311438080
       43.4000000000        0.7825752544
       43.5000000000        0.6612091770
       43.6000000000        0.5758144419
       43.7000000000        0.5301592004
       43.8000000000        0.5230215258
       43.9000000000        0.5487102295
       44.0000000000        0.5979859101
       44.1000000000        0.6593003260
       44.2000000000        0.7202728007
       44.3000000000        0.7692799061
       44.4000000000        0.7969680669
       44.5000000000        0.7974506076
       44.6000000000        0.7689633268
       44.7000000000        0.7138434156
       44.8000000000        0.6378462749
       44.9000000000        0.5489745374
       45.0000000000        0.4561060801
       45.1000000000        0.3677329025
       45.2000000000        0.2910541381
       45.3000000000        0.2315326180
       45.4000000000        0.1928748920
       45.5000000000        0.1772798030
       45.6000000000        0.1857540525
       45.7000000000        0.2183223140
       45.8000000000        0.2740469736
       45.9000000000        0.3508838681
       46.0000000000        0.4454947321
       46.1000000000        0.5531795151
       46.2000000000        0.6680641518
       46.3000000000        0.7835882517
       46.4000000000        0.8932147094
       46.5000000000        0.9911786553
       46.6000000000        1.0730543735
       46.7000000000        1.1359705268
       46.8000000000        1.1784325423
       46.9000000000        1.1998654079
       47.0000000000        1.2001025026
       47.1000000000        1.1790629780
       47.2000000000        1.1367698933
       47.3000000000        1.0737018118
       47.4000000000        0.9913129349
       47.5000000000        0.8924714234
       47.6000000000        0.7815885845
       47.7000000000        0.6643294516
       47.8000000000        0.5469535021
       47.9000000000        0.4354654884
       48.0000000000        0.3348114949
       48.1000000000        0.2483225692
       48.2000000000        0.1775124737
       48.3000000000        0.1222220876
       48.4000000000        0.0810134142
       48.5000000000        0.0516751194
       48.6000000000        0.0317099102
       48.7000000000        0.0187154553
       48.8000000000        0.0106224402
       48.9000000000        0.0057971071
       49.0000000000        0.0030417228
       49.1000000000        0.0015343256
       49.2000000000        0.0007440137
       49.3000000000        0.0003468098
       49.4000000000        0.0001553941
       49.5000000000        0.0000669267
       49.6000000000        0.0000277063
       49.7000000000        0.0000110246
       49.8000000000        0.0000042164
       49.9000000000        0.0000015500
       50.0000000000        0.0000005476
       50.1000000000        0.0000001860
       50.2000000000        0.0000000607
       50.3000000000        0.0000000190
       50.4000000000        0.0000000057
       50.5000000000        0.0000000017
       50.6000000000        0.0000000005
       50.7000000000        0.0000000001
       50.8000000000        0.0000000000
       50.9000000000        0.0000000000
       51.0000000000        0.0000000000
       51.1000000000        0.0000000000
       51.2000000000        0.0000000000
       51.3000000000        0.0000000000
       51.4000000000        0.0000000000
       51.5000000000        0.0000000000
       51.6000000000        0.0000000000
       51.7000000000        0.0000000000
       51.8000000000        0.0000000000
       51.9000000000        0.0000000000
       52.0000000000        0.0000000000
       52.1000000000        0.0000000000
       52.2000000000        0.0000000000
       52.3000000000        0.0000000000
       52.4000000000        0.0000000000
       52.5000000000        0.0000000000
       52.6000000000        0.0000000000
       52.7000000000        0.0000000000
       52.8000000000        0.0000000000
       52.9000000000        0.0000000000
       53.0000000000        0.0000000000
       53.1000000000        0.0000000000
       53.2000000000        0.0000000000
       53.3000000000        0.0000000000
       53.4000000000        0.0000000000
       53.5000000000        0.0000000000
       53.6000000000        0.0000000000
       53.7000000000        0.0000000000
       53.8000000000        0.0000000000
       53.9000000000        0.0000000000
       54.0000000000        0.0000000000
       54.1000000000        0.0000000000
       54.2000000000        0.0000000000
       54.3000000000        0.0000000000
       54.4000000000        0.0000000000
       54.5000000000        0.0000000000
       54.6000000000        0.0000000000
       54.7000000000        0.0000000000
       54.8000000000        0.0000000000
       54.9000000000        0.0000000000
       55.0000000000        0.0000000000
       55.1000000000        0.0000000000
       55.2000000000        0.0000000000
       55.3000000000        0.0000000000
       55.4000000000        0.0000000000
       55.5000000000        0.0000000000
       55.6000000000        0.0000000000
       55.7000000000        0.0000000000
       55.8000000000        0.0000000000
       55.9000000000        0.0000000000
       56.0000000000        0.0000000000
       56.1000000000        0.0000000000
       56.2000000000        0.0000000000
       56.3000000000        0.0000000000
       56.4000000000        0.0000000000
       56.5000000000        0.0000000000
       56.6000000000        0.0000000000
       56.7000000000        0.0000000000
       56.8000000000        0.0000000000
       56.9000000000        0.0000000000
       57.0000000000        0.0000000000
       57.1000000000        0.0000000000
       57.2000000000        0.0000000000
       57.3000000000        0.0000000000
       57.4000000000        0.0000000000
       57.5000000000        0.0000000000
       57.6000000000        0.0000000000
       57.7000000000        0.0000000000
       57.8000000000        0.0000000000
       57.9000000000        0.0000000000
       58.0000000000        0.0000000000
       58.1000000000        0.0000000000
       58.2000000000        0.0000000000
       58.3000000000        0.0000000000
       58.4000000000        0.0000000000
       58.5000000000        0.0000000000
       58.6000000000        0.0000000000
       58.7000000000        0.0000000000
       58.8000000000        0.0000000000
       58.9000000000        0.0000000000
       59.0000000000        0.0000000000
       59.1000000000        0.0000000000
       59.2000000000        0.0000000000
       59.3000000000        0.0000000000
       59.4000000000        0.0000000000
       59.5000000000        0.0000000000
       59.6000000000        0.0000000000
       59.7000000000        0.0000000000
       59.8000000000        0.0000000000
       59.9000000000        0.0000000000
       60.0000000000        0.0000000000
       60.1000000000        0.0000000000
       60.2000000000        0.0000000000
       60.3000000000        0.0000000000
       60.4000000000        0.0000000000
       60.5000000000        0.0000000000
       60.6000000000        0.0000000000
       60.7000000000        0.0000000000
       60.8000000000        0.0000000000
       60.9000000000        0.0000000000
       61.0000000000        0.0000000000
       61.1000000000        0.0000000000
       61.2000000000        0.0000000000
       61.3000000000        0.0000000000
       61.4000000000        0.0000000000
       61.5000000000        0.0000000000
       61.6000000000        0.0000000000
       61.7000000000        0.0000000000
       61.8000000000        0.0000000000
       61.9000000000        0.0000000000
       62.0000000000        0.0000000000
       62.1000000000        0.0000000000
       62.2000000000        0.0000000000
       62.3000000000        0.0000000000
       62.4000000000        0.0000000000
       62.5000000000        0.0000000000
       62.6000000000        0.0000000000
       62.7000000000        0.0000000000
       62.8000000000        0.0000000000
       62.9000000000        0.0000000000
       63.0000000000        0.0000000000
       63.1000000000        0.0000000000
       63.2000000000        0.0000000000
       63.3000000000        0.0000000000
       63.4000000000        0.0000000000
       63.5000000000        0.0000000000
       63.6000000000        0.0000000000
       63.7000000000        0.0000000000
       63.8000000000        0.0000000000
       63.9000000000        0.0000000000
       64.0000000000        0.0000000000
       64.1000000000        0.0000000000
       64.2000000000        0.0000000000
       64.3000000000        0.0000000000
       64.4000000000        0.0000000000
       64.5000000000        0.0000000000
       64.6000000000        0.0000000000
       64.7000000000        0.0000000000
       64.8000000000        0.0000000000
       64.9000000000        0.0000000000
       65.0000000000        0.0000000000
       65.1000000000        0.0000000000
       65.2000000000        0.0000000000
       65.3000000000        0.0000000000
       65.4000000000        0.0000000000
       65.5000000000        0.0000000000
       65.6000000000        0.0000000000
       65.7000000000        0.0000000000
       65.8000000000        0.0000000000
       65.9000000000        0.0000000000
       66.0000000000        0.0000000000
       66.1000000000        0.0000000000
       66.2000000000        0.0000000000
       66.3000000000        0.0000000000
       66.4000000000        0.0000000000
       66.5000000000        0.0000000000
       66.6000000000        0.0000000000
       66.7000000000        0.0000000000
       66.8000000000        0.0000000000
       66.9000000000        0.0000000000
       67.0000000000        0.0000000000
       67.1000000000        0.0000000000
       67.2000000000        0.0000000000
       67.3000000000        0.0000000000
       67.4000000000        0.0000000000
       67.5000000000        0.0000000000
       67.6000000000        0.0000000000
       67.7000000000        0.0000000000
       67.8000000000        0.0000000000
       67.9000000000        0.0000000000
       68.0000000000        0.0000000000
       68.1000000000        0.0000000000
       68.2000000000        0.0000000000
       68.3000000000        0.0000000000
       68.4000000000        0.0000000000
       68.5000000000        0.0000000000
       68.6000000000        0.0000000000
       68.7000000000        0.0000000000
       68.8000000000        0.0000000000
       68.9000000000        0.0000000000
       69.0000000000        0.0000000000
       69.1000000000        0.0000000000
       69.2000000000        0.0000000000
       69.3000000000        0.0000000000
       69.4000000000        0.0000000000
       69.5000000000        0.0000000000
       69.6000000000        0.0000000000
       69.7000000000        0.0000000000
       69.8000000000        0.0000000000
       69.9000000000        0.0000000000
       70.0000000000        0.0000000000
       70.1000000000        0.0000000000
       70.2000000000        0.0000000000
       70.3000000000        0.0000000000
       70.4000000000        0.0000000000
       70.5000000000        0.0000000000
       70.6000000000        0.0000000000
       70.7000000000        0.0000000000
       70.8000000000        0.0000000000
       70.9000000000        0.0000000000
       71.0000000000        0.0000000000
       71.1000000000        0.0000000000
       71.2000000000        0.0000000000
       71.3000000000        0.0000000000
       71.4000000000        0.0000000000
       71.5000000000        0.0000000000
       71.6000000000        0.0000000000
       71.7000000000        0.0000000000
       71.8000000000        0.0000000000
       71.9000000000        0.0000000000
       72.0000000000        0.0000000000
       72.1000000000        0.0000000000
       72.2000000000        0.0000000000
       72.3000000000        0.0000000000
       72.4000000000        0.0000000000
       72.5000000000        0.0000000000
       72.6000000000        0.0000000000
       72.7000000000        0.0000000000
       72.8000000000        0.0000000000
       72.9000000000        0.0000000000
       73.0000000000        0.0000000000
       73.1000000000        0.0000000000
       73.2000000000        0.0000000000
       73.3000000000        0.0000000000
       73.4000000000        0.0000000000
       73.5000000000        0.0000000000
       73.6000000000        0.0000000000
       73.7000000000        0.0000000000
       73.8000000000        0.0000000000
       73.9000000000        0.0000000000
       74.0000000000        0.0000000000
       74.1000000000        0.0000000000
       74.2000000000        0.0000000000
       74.3000000000        0.0000000000
       74.4000000000        0.0000000000
       74.5000000000        0.0000000000
       74.6000000000        0.0000000000
       74.7000000000        0.0000000000
       74.8000000000        0.0000000000
       74.9000000000        0.0000000000
       75.0000000000        0.0000000000
       75.1000000000        0.0000000000
       75.2000000000        0.0000000000
       75.3000000000        0.0000000000
       75.4000000000        0.0000000000
       75.5000000000        0.0000000000
       75.6000000000        0.0000000000
       75.7000000000        0.0000000000
       75.8000000000        0.0000000000
       75.9000000000        0.0000000000
       76.0000000000        0.0000000000
       76.1000000000        0.0000000000
       76.2000000000        0.0000000000
       76.3000000000        0.0000000000
       76.4000000000        0.0000000000
       76.5000000000        0.0000000000
       76.6000000000        0.0000000000
       76.7000000000        0.0000000000
       76.8000000000        0.0000000000
       76.9000000000        0.0000000000
       77.0000000000        0.0000000000
       77.1000000000        0.0000000000
       77.2000000000        0.0000000000
       77.3000000000        0.0000000000
       77.4000000000        0.0000000000
       77.5000000000        0.0000000000
       77.6000000000        0.0000000000
       77.7000000000        0.0000000000
       77.8000000000        0.0000000000
       77.9000000000        0.0000000000
       78.0000000000        0.0000000000
       78.1000000000        0.0000000000
       78.2000000000        0.0000000000
       78.3000000000        0.0000000000
       78.4000000000        0.0000000000
       78.5000000000        0.0000000000
       78.6000000000        0.0000000000
       78.7000000000        0.0000000000
       78.8000000000        0.0000000000
       78.9000000000        0.0000000000
       79.0000000000        0.0000000000
       79.1000000000        0.0000000000
       79.2000000000        0.0000000000
       79.3000000000        0.0000000000
       79.4000000000        0.0000000000
       79.5000000000        0.0000000000
       79.6000000000        0.0000000000
       79.7000000000        0.0000000000
       79.8000000000        0.0000000000
       79.9000000000        0.0000000000
       80.0000000000        0.0000000000
       80.1000000000        0.0000000000
       80.2000000000        0.0000000000
       80.3000000000        0.0000000000
       80.4000000000        0.0000000000
       80.5000000000        0.0000000000
       80.6000000000        0.0000000000
       80.7000000000        0.0000000000
       80.8000000000        0.0000000000
       80.9000000000        0.0000000000
       81.0000000000        0.0000000000
       81.1000000000        0.0000000000
       81.2000000000        0.0000000000
       81.3000000000        0.0000000000
       81.4000000000        0.0000000000
       81.5000000000        0.0000000000
       81.6000000000        0.0000000000
       81.7000000000        0.0000000000
       81.8000000000        0.0000000000
       81.9000000000        0.0000000000
       82.0000000000        0.0000000000
       82.1000000000        0.0000000000
       82.2000000000        0.0000000000
       82.3000000000        0.0000000000
       82.4000000000        0.0000000000
       82.5000000000        0.0000000000
       82.6000000000        0.0000000000
       82.7000000000        0.0000000000
       82.8000000000        0.0000000000
       82.9000000000        0.0000000000
       83.0000000000        0.0000000000
       83.1000000000        0.0000000000
       83.2000000000        0.0000000000
       83.3000000000        0.0000000000
       83.4000000000        0.0000000000
       83.5000000000        0.0000000000
       83.6000000000        0.0000000000
       83.7000000000        0.0000000000
       83.8000000000        0.0000000000
       83.9000000000        0.0000000000
       84.0000000000        0.0000000000
       84.1000000000        0.0000000000
       84.2000000000        0.0000000000
       84.3000000000        0.0000000000
       84.4000000000        0.0000000000
       84.5000000000        0.0000000000
       84.6000000000        0.0000000000
       84.7000000000        0.0000000000
       84.8000000000        0.0000000000
       84.9000000000        0.0000000000
       85.0000000000        0.0000000000
       85.1000000000        0.0000000000
       85.2000000000        0.0000000000
       85.3000000000        0.0000000000
       85.4000000000        0.0000000000
       85.5000000000        0.0000000000
       85.6000000000        0.0000000000
       85.7000000000        0.0000000000
       85.8000000000        0.0000000000
       85.9000000000        0.0000000001
       86.0000000000        0.0000000004
       86.1000000000        0.0000000014
       86.2000000000        0.0000000049
       86.3000000000        0.0000000164
       86.4000000000        0.0000000529
       86.5000000000        0.0000001637
       86.6000000000        0.0000004868
       86.7000000000        0.0000013909
       86.8000000000        0.0000038185
       86.9000000000        0.0000100718
       87.0000000000        0.0000255247
       87.1000000000        0.0000621500
       87.2000000000        0.0001453960
       87.3000000000        0.0003268084
       87.4000000000        0.0007057711
       87.5000000000        0.0014644157
       87.6000000000        0.0029194073
       87.7000000000        0.0055918414
       87.8000000000        0.0102906979
       87.9000000000        0.0181955276
       88.0000000000        0.0309110894
       88.1000000000        0.0504537913
       88.2000000000        0.0791230719
       88.3000000000        0.1192181323
       88.4000000000        0.1725882914
       88.5000000000        0.2400546858
       88.6000000000        0.3208033471
       88.7000000000        0.4119053567
       88.8000000000        0.5081428703
       88.9000000000        0.6022878222
       89.0000000000        0.6858863800
       89.1000000000        0.7504644588
       89.2000000000        0.7889290334
       89.3000000000        0.7968482464
       89.4000000000        0.7732914661
       89.5000000000        0.7210092802
       89.6000000000        0.6459054305
       89.7000000000        0.5559410534
       89.8000000000        0.4597528049
       89.9000000000        0.3653162522
       90.0000000000        0.2789360419
       90.1000000000        0.2047227896
       90.2000000000        0.1445725964
       90.3000000000        0.0985472307
       90.4000000000        0.0654912599
       90.5000000000        0.0437208292
       90.6000000000        0.0316598179
       90.7000000000        0.0283551629
       90.8000000000        0.0338488977
       90.9000000000        0.0494052827
       91.0000000000        0.0775862348
       91.1000000000        0.1221478018
       91.2000000000        0.1877124030
       91.3000000000        0.2791745570
       91.4000000000        0.4008345408
       91.5000000000        0.5553255066
       91.6000000000        0.7424899634
       91.7000000000        0.9584418055
       91.8000000000        1.1950844560
       91.9000000000        1.4403153743
       92.0000000000        1.6790246134
       92.1000000000        1.8948125333
       92.2000000000        2.0721582940
       92.3000000000        2.1986272609
       92.4000000000        2.2666622938
       92.5000000000        2.2745808270
       92.6000000000        2.2265772673
       92.7000000000        2.1317568425
       92.8000000000        2.0024377721
       92.9000000000        1.8520982859
       93.0000000000        1.6933847239
       93.1000000000        1.5365392335
       93.2000000000        1.3884779327
       93.3000000000        1.2525923345
       93.4000000000        1.1291969493
       93.5000000000        1.0164332653
       93.6000000000        0.9113808371
       93.7000000000        0.8111236235
       93.8000000000        0.7135672120
       93.9000000000        0.6178852120
       94.0000000000        0.5245704234
       94.1000000000        0.4351560598
       94.2000000000        0.3517349230
       94.3000000000        0.2764284128
       94.4000000000        0.2109419024
       94.5000000000        0.1562981656
       94.6000000000        0.1127826630
       94.7000000000        0.0800806293
       94.8000000000        0.0575480086
       94.9000000000        0.0445403160
       95.0000000000        0.0407221136
       95.1000000000        0.0462881479
       95.2000000000        0.0620396518
       95.3000000000        0.0892748768
       95.4000000000        0.1294754073
       95.5000000000        0.1838046601
       95.6000000000        0.2524836562
       95.7000000000        0.3341642355
       95.8000000000        0.4254636513
       95.9000000000        0.5208336609
       96.0000000000        0.6128929724
       96.1000000000        0.6932515647
       96.2000000000        0.7537196617
       96.3000000000        0.7876644272
       96.4000000000        0.7912020515
       96.5000000000        0.7639268552
       96.6000000000        0.7089868349
       96.7000000000        0.6324855062
       96.8000000000        0.5423667749
       96.9000000000        0.4470640999
       97.0000000000        0.3542296398
       97.1000000000        0.2698003839
       97.2000000000        0.1975363347
       97.3000000000        0.1390280351
       97.4000000000        0.0940617265
       97.5000000000        0.0611762522
       97.6000000000        0.0382486686
       97.7000000000        0.0229888611
       97.8000000000        0.0132828228
       97.9000000000        0.0073780086
       98.0000000000        0.0039397421
       98.1000000000        0.0020224613
       98.2000000000        0.0009981144
       98.3000000000        0.0004735566
       98.4000000000        0.0002160024
       98.5000000000        0.0000947205
       98.6000000000        0.0000399329
       98.7000000000        0.0000161854
       98.8000000000        0.0000063070
       98.9000000000        0.0000023629
       99.0000000000        0.0000008511
       99.1000000000        0.0000002947
       99.2000000000        0.0000000981
       99.3000000000        0.0000000314
       99.4000000000        0.0000000097
       99.5000000000        0.0000000029
       99.6000000000        0.0000000008
       99.7000000000        0.0000000002
       99.8000000000        0.0000000001
       99.9000000000        0.0000000000
      100.0000000000        0.0000000000
      100.1000000000        0.0000000000
      100.2000000000        0.0000000000
      100.3000000000        0.0000000000
      100.4000000000        0.0000000000
      100.5000000000        0.0000000000
      100.6000000000        0.0000000000
      100.7000000000        0.0000000000
      100.8000000000        0.0000000000
      100.9000000000        0.0000000000
      101.0000000000        0.0000000000
      101.1000000000        0.0000000000
      101.2000000000        0.0000000000
      101.3000000000        0.0000000000
      101.4000000000        0.0000000000
      101.5000000000        0.0000000000
      101.6000000000        0.0000000000
      101.7000000000        0.0000000000
      101.8000000000        0.0000000000
      101.9000000000        0.0000000000
      102.0000000000        0.0000000000
      102.1000000000        0.0000000000
      102.2000000000        0.0000000000
      102.3000000000        0.0000000000
      102.4000000000        0.0000000000
      102.5000000000        0.0000000000
      102.6000000000        0.0000000000
      102.7000000000        0.0000000000
      102.8000000000        0.0000000000
      102.9000000000        0.0000000000
      103.0000000000        0.0000000000
      103.1000000000        0.0000000000
      103.2000000000        0.0000000000
      103.3000000000        0.0000000000
      103.4000000000        0.0000000000
      103.5000000000        0.0000000000
      103.6000000000        0.0000000000
      103.7000000000        0.0000000000
      103.8000000000        0.0000000000
      103.9000000000        0.0000000000
      104.0000000000        0.0000000000
      104.1000000000        0.0000000000
      104.2000000000        0.0000000000
      104.3000000000        0.0000000000
      104.4000000000        0.0000000000
      104.5000000000        0.0000000000
      104.6000000000        0.0000000000
      104.7000000000        0.0000000000
      104.8000000000        0.0000000000
      104.9000000000        0.0000000000
      105.0000000000        0.0000000000
      105.1000000000        0.0000000000
      105.2000000000        0.0000000000
      105.3000000000        0.0000000000
      105.4000000000        0.0000000000
      105.5000000000        0.0000000000
      105.6000000000        0.0000000000
      105.7000000000        0.0000000000
      105.8000000000        0.0000000000
      105.9000000000        0.0000000000
      106.0000000000        0.0000000000
      106.1000000000        0.0000000000
      106.2000000000        0.0000000000
      106.3000000000        0.0000000000
      106.4000000000        0.0000000000
      106.5000000000        0.0000000000
      106.6000000000        0.0000000000
      106.7000000000        0.0000000000
      106.8000000000        0.0000000000
      106.9000000000        0.0000000000
      107.0000000000        0.0000000000
      107.1000000000        0.0000000000
      107.2000000000        0.0000000000
      107.3000000000        0.0000000000
      107.4000000000        0.0000000000
      107.5000000000        0.0000000000
      107.6000000000        0.0000000000
      107.7000000000        0.0000000000
      107.8000000000        0.0000000000
      107.9000000000        0.0000000000
      108.0000000000        0.0000000000
      108.1000000000        0.0000000000
      108.2000000000        0.0000000000
      108.3000000000        0.0000000000
      108.4000000000        0.0000000000
      108.5000000000        0.0000000000
      108.6000000000        0.0000000000
      108.7000000000        0.0000000000
      108.8000000000        0.0000000000
      108.9000000000        0.0000000000
      109.0000000000        0.0000000000
      109.1000000000        0.0000000000
      109.2000000000        0.0000000000
      109.3000000000        0.0000000000
      109.4000000000        0.0000000000
      109.5000000000        0.0000000000
      109.6000000000        0.0000000000
      109.7000000000        0.0000000000
      109.8000000000        0.0000000000
      109.9000000000        0.0000000000
      110.0000000000        0.0000000000
      110.1000000000        0.0000000000
      110.2000000000        0.0000000000
      110.3000000000        0.0000000000
      110.4000000000        0.0000000000
      110.5000000000        0.0000000000
      110.6000000000        0.0000000000
      110.7000000000        0.0000000000
      110.8000000000        0.0000000000
      110.9000000000        0.0000000000
      111.0000000000        0.0000000000
      111.1000000000        0.0000000000
      111.2000000000        0.0000000000
      111.3000000000        0.0000000000
      111.4000000000        0.0000000000
      111.5000000000        0.0000000000
      111.6000000000        0.0000000000
      111.7000000000        0.0000000000
      111.8000000000        0.0000000000
      111.9000000000        0.0000000000
      112.0000000000        0.0000000000
      112.1000000000        0.0000000000
      112.2000000000        0.0000000000
      112.3000000000        0.0000000000
      112.4000000000        0.0000000000
      112.5000000000        0.0000000000
      112.6000000000        0.0000000000
      112.7000000000        0.0000000000
      112.8000000000        0.0000000000
      112.9000000000        0.0000000000
      113.0000000000        0.0000000000
      113.1000000000        0.0000000000
      113.2000000000        0.0000000000
      113.3000000000        0.0000000000
      113.4000000000        0.0000000000
      113.5000000000        0.0000000000
      113.6000000000        0.0000000000
      113.7000000000        0.0000000000
      113.8000000000        0.0000000000
      113.9000000000        0.0000000000
      114.0000000000        0.0000000000
      114.1000000000        0.0000000000
      114.2000000000        0.0000000000
      114.3000000000        0.0000000000
      114.4000000000        0.0000000000
      114.5000000000        0.0000000000
      114.6000000000        0.0000000000
      114.7000000000        0.0000000000
      114.8000000000        0.0000000000
      114.9000000000        0.0000000000
      115.0000000000        0.0000000000
      115.1000000000        0.0000000000
      115.2000000000        0.0000000000
      115.3000000000        0.0000000000
      115.4000000000        0.0000000000
      115.5000000000        0.0000000000
      115.6000000000        0.0000000000
      115.7000000000        0.0000000000
      115.8000000000        0.0000000000
      115.9000000000        0.0000000000
      116.0000000000        0.0000000000
      116.1000000000        0.0000000000
      116.2000000000        0.0000000000
      116.3000000000        0.0000000000
      116.4000000000        0.0000000000
      116.5000000000        0.0000000000
      116.6000000000        0.0000000000
      116.7000000000        0.0000000000
      116.8000000000        0.0000000000
      116.9000000000        0.0000000000
      117.0000000000        0.0000000000
      117.1000000000        0.0000000000
      117.2000000000        0.0000000000
      117.3000000000        0.0000000000
      117.4000000000        0.0000000000
      117.5000000000        0.0000000000
      117.6000000000        0.0000000000
      117.7000000000        0.0000000000
      117.8000000000        0.0000000000
      117.9000000000        0.0000000000
      118.0000000000        0.0000000000
      118.1000000000        0.0000000000
      118.2000000000        0.0000000000
      118.3000000000        0.0000000000
      118.4000000000        0.0000000000
      118.5000000000        0.0000000000
      118.6000000000        0.0000000000
      118.7000000000        0.0000000000
      118.8000000000        0.0000000000
      118.9000000000        0.0000000000
      119.0000000000        0.0000000000
      119.1000000000        0.0000000000
      119.2000000000        0.0000000000
      119.3000000000        0.0000000000
      119.4000000000        0.0000000000
      119.5000000000        0.0000000000
      119.6000000000        0.0000000000
      119.7000000000        0.0000000000
      119.8000000000        0.0000000000
      119.9000000000        0.0000000000
      120.0000000000        0.0000000000
