# File: 1    
# 1       0.0000000000000000   0.0212132034355964   0.0212132034355964
   0.0000000000   -0.0431521400   -0.0431521400
   0.0000000000    0.0149186000    0.0149186000
   0.0131046200    0.0005255500    0.0018114700
  -0.0131046200    0.0018114700    0.0005255500
   0.0131046200    0.0018114700    0.0005255500
  -0.0131046200    0.0005255500    0.0018114700
   0.0000000000   -0.0112950300   -0.0112950300
   0.0000000000    0.0288399700    0.0288399700
  -0.0000079600   -0.0011359800   -0.0011359800
  -0.0001375300   -0.0007620200   -0.0007620200
   0.0000000000    0.0069054300   -0.0007498700
   0.0000000000   -0.0007836500    0.0044386500
   0.0000000000   -0.0007498700    0.0069054300
   0.0000000000    0.0044386500   -0.0007836500
   0.0001375300   -0.0007620200   -0.0007620200
   0.0000079600   -0.0011359800   -0.0011359800
# File: 2    
# 9       0.0000000000000000   0.0212132034355964   0.0212132034355964
   0.0000219400   -0.0011292300   -0.0011292300
  -0.0000070400   -0.0007705300   -0.0007705300
   0.0000000000    0.0043940000   -0.0007337900
   0.0000000000   -0.0008258600    0.0069453200
   0.0000000000   -0.0007337900    0.0043940000
   0.0000000000    0.0069453200   -0.0008258600
   0.0000070400   -0.0007705300   -0.0007705300
  -0.0000219400   -0.0011292300   -0.0011292300
  -0.0000000000   -0.0598787800   -0.0598787800
   0.0000000000    0.0084218500    0.0084218500
   0.0032589700    0.0021814300    0.0051544100
  -0.0032589700    0.0051544100    0.0021814300
   0.0032589700    0.0051544100    0.0021814300
  -0.0032589700    0.0021814300    0.0051544100
  -0.0000000000    0.0018950400    0.0018950400
   0.0000000000    0.0289100600    0.0289100600
