# File: 3    
# 1       0.0000000000000000   0.0212132034355964   0.0212132034355964
# 1       0.0212132034355964   0.0000000000000000   0.0212132034355964
  -0.0430865200   -0.0430865200   -0.0867808900
   0.0005209800    0.0280179000    0.0167259000
   0.0280179000    0.0005209800    0.0167259000
  -0.0112892600   -0.0112892600    0.0010514800
   0.0149077000    0.0149077000    0.0010456900
  -0.0243978000    0.0005269100   -0.0094841100
   0.0005269100   -0.0243978000   -0.0094841100
   0.0288088200    0.0288088200    0.0576121100
  -0.0011499300   -0.0011499300   -0.0022745000
   0.0066275400   -0.0007463000   -0.0014862500
  -0.0007463000    0.0066275400   -0.0014862500
  -0.0008093800   -0.0008093800    0.0065244500
  -0.0007457800   -0.0007457800    0.0166761600
  -0.0007800900    0.0047125200   -0.0015536300
   0.0047125200   -0.0007800900   -0.0015536300
  -0.0011173200   -0.0011173200   -0.0022583000
# File: 4    
# 1       0.0000000000000000   0.0212132034355964   0.0212132034355964
# 1      -0.0212132034355964   0.0000000000000000  -0.0212132034355964
   0.0431492900   -0.0431492900    0.0000000000
  -0.0005257200    0.0018114900    0.0131028500
  -0.0018114900    0.0005257200   -0.0131028500
  -0.0149166600    0.0149166600    0.0000000000
   0.0112932800   -0.0112932800    0.0000000000
  -0.0018114900    0.0005257200    0.0131028500
  -0.0005257200    0.0018114900   -0.0131028500
  -0.0288391200    0.0288391200    0.0000000000
   0.0011362100   -0.0011362100    0.0000080700
  -0.0044379700   -0.0007836400    0.0000000000
   0.0007499700    0.0069044600    0.0000000000
   0.0007620300   -0.0007620300    0.0001375600
   0.0007620300   -0.0007620300   -0.0001375600
   0.0007836400    0.0044379700    0.0000000000
  -0.0069044600   -0.0007499700    0.0000000000
   0.0011362100   -0.0011362100   -0.0000080700
# File: 5    
# 1       0.0000000000000000   0.0212132034355964   0.0212132034355964
# 2       0.0212132034355964   0.0000000000000000   0.0212132034355964
   0.0005242300   -0.0300526400   -0.0413385900
  -0.0431557200    0.0149091100   -0.0282400200
   0.0149164900   -0.0125794400    0.0023374300
   0.0018134700    0.0018105700    0.0154443200
   0.0018091300    0.0018115700   -0.0107703900
  -0.0112940300    0.0136297400    0.0023367200
   0.0288405800   -0.0112984500    0.0175420600
   0.0005261000    0.0157313300    0.0306534100
   0.0069218100   -0.0011455600   -0.0018953400
  -0.0012489900   -0.0007632500   -0.0018921300
  -0.0007973900    0.0068133300    0.0038350600
  -0.0007459900   -0.0008759200    0.0036788900
  -0.0007769600   -0.0006500700    0.0061387600
  -0.0007325500    0.0045431100    0.0059818700
  -0.0010229500   -0.0007589200   -0.0019041000
   0.0044227400   -0.0011245100   -0.0019079400
# File: 6    
# 1       0.0000000000000000   0.0212132034355964   0.0212132034355964
# 2      -0.0212132034355964   0.0000000000000000  -0.0212132034355964
  -0.0005228500   -0.0562590100   -0.0449596200
   0.0431446200    0.0149222600    0.0580691700
   0.0112951000    0.0136312800    0.0012866900
  -0.0280265000    0.0018112900   -0.0143944600
   0.0244025500    0.0018123500    0.0118209500
  -0.0149177600   -0.0125803800    0.0012854900
  -0.0288416300   -0.0112945600   -0.0401400000
  -0.0005244500    0.0419487800    0.0270310900
  -0.0044690600   -0.0011251300   -0.0003408400
   0.0009737400   -0.0007766000    0.0003676800
   0.0007666500    0.0070008500   -0.0077953900
   0.0007460300   -0.0009627500    0.0051941500
   0.0007774300   -0.0005713600    0.0076675900
   0.0007691800    0.0043378800   -0.0050761000
   0.0012974000   -0.0007484300    0.0003793900
  -0.0068704600   -0.0011464600   -0.0003957800
# File: 7    
# 1       0.0000000000000000   0.0212132034355964   0.0212132034355964
# 3       0.0000000000000000   0.0212132034355964   0.0212132034355964
   0.0131011500   -0.0426296700   -0.0413385100
  -0.0131055500    0.0167308900    0.0154445700
   0.0131011500   -0.0426296700   -0.0413385100
  -0.0131055500    0.0167308900    0.0154445700
   0.0131052600   -0.0094846200   -0.0107701300
  -0.0131058000    0.0293652200    0.0306531300
   0.0131052600   -0.0094846200   -0.0107701300
  -0.0131058000    0.0293652200    0.0306531300
  -0.0000169600    0.0057704100   -0.0018811900
  -0.0001031300   -0.0015286600    0.0036874700
  -0.0000169600    0.0057704100   -0.0018811900
  -0.0001031300   -0.0015286600    0.0036874700
   0.0001072600   -0.0015280700    0.0061287100
   0.0000177700    0.0033045000   -0.0019240600
   0.0001072600   -0.0015280700    0.0061287100
   0.0000177700    0.0033045000   -0.0019240600
# File: 8    
# 1       0.0000000000000000   0.0212132034355964   0.0212132034355964
# 3       0.0000000000000000  -0.0212132034355964  -0.0212132034355964
  -0.0131016400   -0.0436763800   -0.0449578400
   0.0131052100    0.0131090300    0.0143941900
   0.0131016400    0.0436763800    0.0449578400
  -0.0131052100   -0.0131090300   -0.0143941900
   0.0131059900    0.0131079600    0.0118212800
  -0.0131061700   -0.0283159800   -0.0270323600
  -0.0131059900   -0.0131079600   -0.0118212800
   0.0131061700    0.0283159800    0.0270323600
   0.0000017700   -0.0055738000   -0.0003562600
  -0.0001705500   -0.0000279400   -0.0076775000
   0.0000003000    0.0080413900    0.0003807500
  -0.0001688100   -0.0000386900    0.0051857100
   0.0001705500    0.0000279400    0.0076775000
  -0.0000017700    0.0055738000    0.0003562600
   0.0001688100    0.0000386900   -0.0051857100
  -0.0000003000   -0.0080413900   -0.0003807500
# File: 9    
# 1       0.0000000000000000   0.0212132034355964   0.0212132034355964
# 3       0.0212132034355964   0.0000000000000000   0.0212132034355964
   0.0149089900   -0.0431558100   -0.0282400900
   0.0018109200    0.0018135500    0.0154444100
  -0.0300524900    0.0005244300   -0.0413382900
  -0.0125796400    0.0149162500    0.0023372000
   0.0136298900   -0.0112937800    0.0023369100
   0.0157313500    0.0005258000    0.0306532100
   0.0018113200    0.0018091600   -0.0107703700
  -0.0112982800    0.0288405500    0.0175421300
  -0.0007634600   -0.0012490200   -0.0018920900
  -0.0008759200   -0.0007458400    0.0036788800
  -0.0011454400    0.0069219000   -0.0018954700
   0.0068133300   -0.0007974300    0.0038350700
   0.0045430700   -0.0007326300    0.0059819000
  -0.0011244000    0.0044228200   -0.0019079600
  -0.0006502200   -0.0007770100    0.0061386100
  -0.0007590100   -0.0010229300   -0.0019040400
# File: 10   
# 1       0.0000000000000000   0.0212132034355964   0.0212132034355964
# 3      -0.0212132034355964   0.0000000000000000  -0.0212132034355964
  -0.0149222500   -0.0431444800   -0.0580688000
  -0.0018115400    0.0280260600    0.0143943400
   0.0562585200    0.0005226700    0.0449596800
  -0.0136312100   -0.0112951900   -0.0012864500
   0.0125801800    0.0149177600   -0.0012857100
  -0.0419484600    0.0005246800   -0.0270310500
  -0.0018121400   -0.0244021800   -0.0118208200
   0.0112946400    0.0288413900    0.0401396100
   0.0007484300   -0.0012975900   -0.0003795300
   0.0005711900   -0.0007769600   -0.0076675900
   0.0011464400    0.0068703700    0.0003957900
  -0.0043377600   -0.0007691200    0.0050762400
  -0.0070005700   -0.0007667200    0.0077952300
   0.0011251800    0.0044691600    0.0003410300
   0.0009626000   -0.0007460200   -0.0051943900
   0.0007767500   -0.0009738200   -0.0003675800
# File: 11   
# 1       0.0000000000000000   0.0212132034355964   0.0212132034355964
# 3       0.0212132034355964   0.0212132034355964   0.0000000000000000
   0.0018102100   -0.0426337400   -0.0300549200
  -0.0112962400    0.0036229000    0.0149185000
  -0.0300549200   -0.0426337400    0.0018102100
  -0.0125788800    0.0036230100    0.0136298500
   0.0136298500    0.0036230100   -0.0125788800
   0.0157320600    0.0293651100    0.0018113000
   0.0149185000    0.0036229000   -0.0112962400
   0.0018113000    0.0293651100    0.0157320600
  -0.0007633400    0.0057945400   -0.0011339200
  -0.0009001000   -0.0015237700   -0.0006235900
  -0.0011339200    0.0057945400   -0.0007633400
   0.0067700000   -0.0015311000    0.0045842700
   0.0045842700   -0.0015311000    0.0067700000
  -0.0011376800    0.0032830500   -0.0007675300
  -0.0006235900   -0.0015237700   -0.0009001000
  -0.0007675300    0.0032830500   -0.0011376800
# File: 12   
# 1       0.0000000000000000   0.0212132034355964   0.0212132034355964
# 3      -0.0212132034355964  -0.0212132034355964   0.0000000000000000
  -0.0018081000   -0.0436736500   -0.0562560300
   0.0112946300    0.0262150700    0.0149196000
   0.0562560300    0.0436736500    0.0018081000
  -0.0136305700   -0.0000007800   -0.0125794200
   0.0125794200    0.0000007800    0.0136305700
  -0.0419467200   -0.0283149400    0.0018108900
  -0.0149196000   -0.0262150700   -0.0112946300
  -0.0018108900    0.0283149400    0.0419467200
   0.0007831700   -0.0055960200   -0.0011377600
   0.0006242300   -0.0000000000   -0.0006242300
   0.0011335700    0.0080184000   -0.0007523500
  -0.0042976700   -0.0000000000    0.0042976700
  -0.0070452100   -0.0000000000    0.0070452100
   0.0011377600    0.0055960200   -0.0007831700
   0.0008975800   -0.0000000000   -0.0008975800
   0.0007523500   -0.0080184000   -0.0011335700
# File: 13   
# 1       0.0000000000000000   0.0212132034355964   0.0212132034355964
# 7       0.0212132034355964   0.0000000000000000   0.0212132034355964
   0.0005271900   -0.0562598700   -0.0413383500
   0.0288405900    0.0149172500    0.0437616600
   0.0149165100    0.0136312000    0.0023379200
  -0.0244011800    0.0018108500   -0.0107698900
   0.0280251300    0.0018118500    0.0154451800
  -0.0112935200   -0.0125800800    0.0023363800
  -0.0431482700   -0.0112987300   -0.0544460200
   0.0005264100    0.0419464700    0.0306523200
   0.0044516600   -0.0011471200   -0.0019312600
  -0.0012964400   -0.0007509400   -0.0018955900
  -0.0007675100    0.0070791000    0.0062815900
  -0.0007462200   -0.0006771900    0.0036867400
  -0.0007791100   -0.0008528400    0.0061295700
  -0.0007683200    0.0042675000    0.0035258000
  -0.0009763200   -0.0007725800   -0.0019009700
   0.0068894300   -0.0011248700   -0.0018751000
# File: 14   
# 1       0.0000000000000000   0.0212132034355964   0.0212132034355964
# 7      -0.0212132034355964   0.0000000000000000  -0.0212132034355964
  -0.0005250600   -0.0300511100   -0.0449594900
  -0.0288414200    0.0149214700   -0.0139198800
   0.0112943800   -0.0125790200    0.0012862300
  -0.0018095300    0.0018110400    0.0118217400
  -0.0018136600    0.0018113100   -0.0143934200
  -0.0149172700    0.0136306100    0.0012857800
   0.0431545600   -0.0112891800    0.0318595300
  -0.0005254800    0.0157328200    0.0270325500
  -0.0069365700   -0.0011255500   -0.0003755900
   0.0010205100   -0.0007555000    0.0003709700
   0.0007999100    0.0067349400   -0.0053202300
   0.0007457200   -0.0006166400    0.0051872600
   0.0007789500   -0.0009238900    0.0076776200
   0.0007329600    0.0046135300   -0.0075648700
   0.0012501200   -0.0007667500    0.0003760900
  -0.0044081200   -0.0011480700   -0.0003643000
# File: 15   
# 1       0.0000000000000000   0.0212132034355964   0.0212132034355964
# 8       0.0212132034355964   0.0000000000000000   0.0212132034355964
   0.0288150400   -0.0431752800   -0.0143721500
   0.0005252400    0.0018126900    0.0167302400
   0.0018085300    0.0005256900   -0.0094868700
  -0.0112947300    0.0149162900    0.0010501600
   0.0149162900   -0.0112947300    0.0010501600
   0.0018126900    0.0005252400    0.0167302400
   0.0005256900    0.0018085300   -0.0094868700
  -0.0431752800    0.0288150400   -0.0143721500
  -0.0011439300   -0.0011276400   -0.0022697900
   0.0043156900   -0.0006256700   -0.0014032600
  -0.0008911300    0.0070578100   -0.0016350100
  -0.0006098500   -0.0009087500    0.0113866900
  -0.0009087500   -0.0006098500    0.0113866900
  -0.0006256700    0.0043156900   -0.0014032600
   0.0070578100   -0.0008911300   -0.0016350100
  -0.0011276400   -0.0011439300   -0.0022697900
# File: 16   
# 1       0.0000000000000000   0.0212132034355964   0.0212132034355964
# 8      -0.0212132034355964   0.0000000000000000  -0.0212132034355964
  -0.0288342500   -0.0431443800   -0.0719849000
  -0.0005257800    0.0280305100    0.0131081700
   0.0244059400    0.0005257900    0.0131073900
  -0.0149177500   -0.0112947800    0.0000000500
   0.0112947800    0.0149177500   -0.0000000500
  -0.0280305100    0.0005257800   -0.0131081700
  -0.0005257900   -0.0244059400   -0.0131073900
   0.0431443800    0.0288342500    0.0719849000
   0.0011281100   -0.0011281100    0.0000000000
  -0.0070429700   -0.0008934600   -0.0001434900
   0.0008934600    0.0070429700    0.0001434900
   0.0006534100   -0.0006534100    0.0000000000
   0.0008853200   -0.0008853200    0.0000000000
   0.0006280900    0.0043009100   -0.0001558100
  -0.0043009100   -0.0006280900    0.0001558100
   0.0011444600   -0.0011444600    0.0000000000
# File: 17   
# 1       0.0000000000000000   0.0212132034355964   0.0212132034355964
# 9       0.0212132034355964   0.0000000000000000   0.0212132034355964
  -0.0011357500   -0.0431330200   -0.0442882200
   0.0043825400    0.0149429300    0.0142059300
   0.0123403300    0.0005078100    0.0010469100
  -0.0139078700    0.0018118000    0.0074619000
   0.0123954700    0.0018135300    0.0049078400
  -0.0138778300    0.0005209400    0.0010379400
   0.0069337600   -0.0112717000   -0.0120945000
  -0.0011285900    0.0288155000    0.0277113400
  -0.0598604200   -0.0011112700   -0.0609901200
   0.0020294300    0.0024942800    0.0043899200
   0.0083796100    0.0068874600    0.0076298300
   0.0051743100   -0.0040580800    0.0066158000
   0.0051387500    0.0024803900    0.0090839100
   0.0018913600    0.0044452600    0.0011074800
   0.0023259600   -0.0040103900    0.0044000200
   0.0289189400   -0.0011354400    0.0277740100
# File: 18   
# 1       0.0000000000000000   0.0212132034355964   0.0212132034355964
# 9      -0.0212132034355964   0.0000000000000000  -0.0212132034355964
   0.0011365400   -0.0431192100   -0.0420192300
  -0.0069344800    0.0148932800    0.0157163200
   0.0138687400    0.0005293400    0.0025767200
  -0.0123870200    0.0018105100   -0.0038607700
   0.0138985300    0.0018092800   -0.0064093400
  -0.0123321000    0.0005433900    0.0025842600
  -0.0043829100   -0.0113179200   -0.0105805800
   0.0011297900    0.0288149500    0.0299675200
   0.0598449800   -0.0011596000    0.0587204600
  -0.0023054300   -0.0040177600   -0.0059136000
  -0.0083788600    0.0069207800   -0.0091296000
  -0.0051742900    0.0024912700    0.0022628600
  -0.0051378900   -0.0039803300    0.0047282500
  -0.0018912300    0.0044313300   -0.0026745200
  -0.0020522200    0.0024869900   -0.0059242900
  -0.0289021500   -0.0011363200   -0.0300444600
# File: 19   
# 1       0.0000000000000000   0.0212132034355964   0.0212132034355964
# 9       0.0000000000000000   0.0212132034355964   0.0212132034355964
   0.0000089000   -0.0442783200   -0.0442783200
  -0.0000279900    0.0141485200    0.0141485200
   0.0131297300    0.0049192200    0.0010789400
  -0.0130792300    0.0009827500    0.0074717600
   0.0131297300    0.0010789400    0.0049192200
  -0.0130792300    0.0074717600    0.0009827500
  -0.0000158300   -0.0120652800   -0.0120652800
  -0.0000249900    0.0277119400    0.0277119400
   0.0000410200   -0.0610141800   -0.0610141800
  -0.0001662000    0.0076604800    0.0076604800
   0.0032394200    0.0090753000    0.0043790700
  -0.0032776900    0.0043944500    0.0066270900
   0.0032394200    0.0043790700    0.0090753000
  -0.0032776900    0.0066270900    0.0043944500
   0.0001526400    0.0011335600    0.0011335600
   0.0000079800    0.0277747100    0.0277747100
# File: 20   
# 1       0.0000000000000000   0.0212132034355964   0.0212132034355964
# 9       0.0000000000000000  -0.0212132034355964  -0.0212132034355964
   0.0000412800   -0.0420280900   -0.0420280900
   0.0000144900    0.0156887700    0.0156887700
   0.0130790000   -0.0064201900    0.0026292600
  -0.0131295000    0.0025537000   -0.0038718300
   0.0130790000    0.0026292600   -0.0064201900
  -0.0131295000   -0.0038718300    0.0025537000
   0.0000289400   -0.0105256700   -0.0105256700
  -0.0000250600    0.0299677700    0.0299677700
  -0.0000570700    0.0587457000    0.0587457000
  -0.0001089800   -0.0091837700   -0.0091837700
  -0.0032398500    0.0047356400   -0.0058784800
   0.0032781300   -0.0059612500    0.0022503200
  -0.0032398500   -0.0058784800    0.0047356400
   0.0032781300    0.0022503200   -0.0059612500
   0.0001227400   -0.0026571600   -0.0026571600
   0.0000080900   -0.0300447200   -0.0300447200
# File: 21   
# 1       0.0000000000000000   0.0212132034355964   0.0212132034355964
# 10      0.0212132034355964   0.0000000000000000   0.0212132034355964
   0.0044222400   -0.0432813100   -0.0440136100
  -0.0011234000    0.0149683600    0.0138138400
   0.0122787800    0.0005250300    0.0088004000
  -0.0138793600    0.0018256000   -0.0002502600
   0.0123385300    0.0018704300   -0.0002500200
  -0.0138509200    0.0005158100    0.0062322100
  -0.0011265900   -0.0113428700   -0.0124466500
   0.0070815900    0.0288368200    0.0280154900
   0.0021680700    0.0021119300    0.0040077500
  -0.0599769500   -0.0007283000   -0.0606049200
   0.0050885300    0.0036101300    0.0014490400
   0.0084619000   -0.0007546800    0.0128157000
   0.0018489300   -0.0007572700    0.0087409300
   0.0051750600    0.0076371700    0.0014054200
   0.0289121700   -0.0006357800    0.0282748500
   0.0021814200   -0.0044010600    0.0040098400
# File: 22   
# 1       0.0000000000000000   0.0212132034355964   0.0212132034355964
# 10     -0.0212132034355964   0.0000000000000000  -0.0212132034355964
  -0.0069489000   -0.0430092000   -0.0421924700
   0.0011226600    0.0149177400    0.0160229400
   0.0138375600    0.0005252100   -0.0026281900
  -0.0123294100    0.0017862100    0.0013019700
   0.0138704200    0.0017613600    0.0012997300
  -0.0122754800    0.0005365800   -0.0051604100
   0.0011262900   -0.0112967000   -0.0101429300
  -0.0045387300    0.0288344200    0.0295666200
  -0.0021835300   -0.0043836100   -0.0062791200
   0.0596660200   -0.0008108600    0.0590684200
  -0.0050876100    0.0102042100   -0.0029480100
  -0.0084513700   -0.0008118300   -0.0039350700
  -0.0018390100   -0.0007427300    0.0050761400
  -0.0051743500    0.0012456500   -0.0029719900
  -0.0286304800   -0.0008855700   -0.0297959200
  -0.0021640600    0.0021291300   -0.0062817000
# File: 23   
# 1       0.0000000000000000   0.0212132034355964   0.0212132034355964
# 10      0.0000000000000000   0.0212132034355964   0.0212132034355964
   0.0000277100   -0.0439145000   -0.0439145000
   0.0000369800    0.0137904600    0.0137904600
   0.0130991300   -0.0002917600    0.0087786100
  -0.0131085800    0.0061803300   -0.0002173200
   0.0130991300    0.0087786100   -0.0002917600
  -0.0131085800   -0.0002173200    0.0061803300
  -0.0000200900   -0.0124249700   -0.0124249700
   0.0002724800    0.0280722700    0.0280722700
  -0.0000200200    0.0072865300    0.0072865300
  -0.0000537900   -0.0606371300   -0.0606371300
  -0.0032845900    0.0120592900    0.0014131500
   0.0032341000    0.0014130000    0.0095839900
  -0.0032845900    0.0014131500    0.0120592900
   0.0032341000    0.0095839900    0.0014130000
  -0.0001136600    0.0281488100    0.0281488100
  -0.0000097300    0.0007592600    0.0007592600
# File: 24   
# 1       0.0000000000000000   0.0212132034355964   0.0212132034355964
# 10      0.0000000000000000  -0.0212132034355964  -0.0212132034355964
  -0.0000415100   -0.0423906700   -0.0423906700
   0.0000131500    0.0160469500    0.0160469500
   0.0131087000    0.0012572800   -0.0026050100
  -0.0130991000   -0.0051084000    0.0013537000
   0.0131087000   -0.0026050100    0.0012572800
  -0.0130991000    0.0013537000   -0.0051084000
  -0.0000303800   -0.0101659800   -0.0101659800
  -0.0002584400    0.0296025600    0.0296025600
   0.0000038700   -0.0095576500   -0.0095576500
  -0.0002208200    0.0591216300    0.0591216300
   0.0032844600    0.0017486900   -0.0029127900
  -0.0032341500   -0.0029800500   -0.0007094000
   0.0032844600   -0.0029127900    0.0017486900
  -0.0032341500   -0.0007094000   -0.0029800500
   0.0003885300   -0.0296694300   -0.0296694300
   0.0000257700   -0.0030314400   -0.0030314400
# File: 25   
# 1       0.0000000000000000   0.0212132034355964   0.0212132034355964
# 11      0.0212132034355964   0.0000000000000000   0.0212132034355964
  -0.0007565800   -0.0431369600   -0.0439040800
  -0.0008397200    0.0148781500    0.0220056500
   0.0119656400    0.0005567900    0.0006726900
  -0.0085885700    0.0018481500   -0.0002312900
   0.0202034000    0.0017731600   -0.0003094100
  -0.0142235100    0.0005030700    0.0006927200
  -0.0007520500   -0.0112594500   -0.0067704800
  -0.0009014600    0.0289750800    0.0279406400
   0.0083711200   -0.0011439500    0.0072438600
   0.0049843500   -0.0040476500    0.0014014900
  -0.0598774700    0.0069525100   -0.0606267200
   0.0021805700    0.0024740200    0.0095556700
   0.0021881200   -0.0040233100    0.0120017600
   0.0289062900    0.0043130900    0.0281237200
   0.0052340900    0.0024828400    0.0014413900
   0.0019057800   -0.0011455500    0.0007623800
# File: 26   
# 1       0.0000000000000000   0.0212132034355964   0.0212132034355964
# 11     -0.0212132034355964   0.0000000000000000  -0.0212132034355964
   0.0007564500   -0.0431542300   -0.0424013300
   0.0007502200    0.0149570300    0.0103792500
   0.0142432500    0.0005440600    0.0029509300
  -0.0201684500    0.0017743400    0.0013714700
   0.0085548200    0.0018479500    0.0012707500
  -0.0119861600    0.0004976200    0.0029294600
   0.0008415900   -0.0113305200   -0.0183681300
   0.0008997900    0.0286996500    0.0297358800
  -0.0083877400   -0.0011270700   -0.0095149700
  -0.0052608200    0.0025234100   -0.0029264600
   0.0598807400    0.0068461300    0.0591327000
  -0.0021793900   -0.0040419300   -0.0006795300
  -0.0021882900    0.0025222000    0.0018064600
  -0.0289063200    0.0045753300   -0.0296875300
  -0.0049595200   -0.0040075600   -0.0029648600
  -0.0018901700   -0.0011264000   -0.0030341000
# File: 27   
# 1       0.0000000000000000   0.0212132034355964   0.0212132034355964
# 11      0.0000000000000000   0.0212132034355964   0.0212132034355964
   0.0000000000   -0.0361109100   -0.0439910200
   0.0000000000    0.0140497200    0.0219057500
   0.0131436900   -0.0006004700    0.0006836900
  -0.0129931200    0.0010331400   -0.0002658000
   0.0129931200    0.0010331400   -0.0002658000
  -0.0131436900   -0.0006004700    0.0006836900
   0.0000000000   -0.0120100400   -0.0066045600
   0.0000000000    0.0359199600    0.0278873200
   0.0032260800    0.0010397500    0.0039893200
  -0.0034353900    0.0043631900    0.0014348400
   0.0000000000   -0.0554803300   -0.0605871900
   0.0000000000    0.0076720400    0.0128195300
   0.0000000000    0.0010812800    0.0086371400
   0.0000000000    0.0332070400    0.0282489400
   0.0034353900    0.0043631900    0.0014348400
  -0.0032260800    0.0010397500    0.0039893200
# File: 28   
# 1       0.0000000000000000   0.0212132034355964   0.0212132034355964
# 11      0.0000000000000000  -0.0212132034355964  -0.0212132034355964
   0.0000000000   -0.0529359600   -0.0421893200
   0.0000000000    0.0156925400    0.0104667200
   0.0131141800    0.0016499300    0.0029388100
  -0.0132234100    0.0025893600    0.0013170600
   0.0132234100    0.0025893600    0.0013170600
  -0.0131141800    0.0016499300    0.0029388100
   0.0000000000   -0.0104970500   -0.0185460900
   0.0000000000    0.0242614500    0.0296858400
  -0.0032412900   -0.0033082500   -0.0062591500
   0.0031581700   -0.0058817100   -0.0029576900
   0.0000000000    0.0694704600    0.0590606900
   0.0000000000   -0.0092297500   -0.0039374600
   0.0000000000   -0.0025679800    0.0051832600
   0.0000000000   -0.0242923800   -0.0298017100
  -0.0031581700   -0.0058817100   -0.0029576900
   0.0032412900   -0.0033082500   -0.0062591500
# File: 29   
# 1       0.0000000000000000   0.0212132034355964   0.0212132034355964
# 12      0.0212132034355964   0.0000000000000000   0.0212132034355964
  -0.0008312800   -0.0430086000   -0.0387893500
  -0.0007548300    0.0150127600    0.0141519800
   0.0174970100    0.0005258100    0.0011189500
  -0.0142116300    0.0018245500   -0.0006007000
   0.0119524400    0.0017968100   -0.0006038400
  -0.0064362700    0.0005355300    0.0009591800
  -0.0007536800   -0.0114607000   -0.0120537600
  -0.0006057100    0.0288430500    0.0332353400
   0.0051620100   -0.0044071800    0.0010466200
   0.0082738000   -0.0007994800    0.0076588200
   0.0021803200    0.0101631500    0.0043701800
  -0.0598715700   -0.0008244900   -0.0528959200
   0.0289119500   -0.0008800300    0.0358016900
   0.0021763900    0.0012764400    0.0044163500
   0.0021249200   -0.0007544100    0.0011443400
   0.0051861300    0.0021567900    0.0010401200
# File: 30   
# 1       0.0000000000000000   0.0212132034355964   0.0212132034355964
# 12     -0.0212132034355964   0.0000000000000000  -0.0212132034355964
   0.0007666600   -0.0432832600   -0.0451721800
   0.0007541700    0.0148075400    0.0156842500
   0.0061478400    0.0005244400    0.0025883800
  -0.0119978700    0.0018485700    0.0016506100
   0.0142561200    0.0017752400    0.0016535500
  -0.0172324300    0.0005168100    0.0025772400
   0.0007551800   -0.0111145000   -0.0105364500
   0.0006836000    0.0288282600    0.0218528500
  -0.0051769800    0.0021344300   -0.0033161200
  -0.0085476100   -0.0007235100   -0.0091837700
  -0.0021795300    0.0036533400   -0.0058650900
   0.0598623100   -0.0007569200    0.0619801800
  -0.0289007500   -0.0006176800   -0.0219604100
  -0.0021753800    0.0076042700   -0.0059784100
  -0.0018474500   -0.0007694000   -0.0026649700
  -0.0051678800   -0.0044276600   -0.0033096600
# File: 31   
# 1       0.0000000000000000   0.0212132034355964   0.0212132034355964
# 12      0.0000000000000000   0.0212132034355964   0.0212132034355964
   0.0000000000   -0.0438349700   -0.0388029200
   0.0000000000    0.0192652400    0.0142251500
   0.0132181200   -0.0002236200    0.0010494000
  -0.0130681300    0.0006812500   -0.0006064400
   0.0130681300    0.0006812500   -0.0006064400
  -0.0132181200   -0.0002236200    0.0010494000
   0.0000000000   -0.0046545400   -0.0121377000
   0.0000000000    0.0282386800    0.0331032500
  -0.0032929400    0.0040477700    0.0010498100
   0.0030834600    0.0014026300    0.0044195600
   0.0000000000    0.0153555100    0.0076364400
   0.0000000000   -0.0606936700   -0.0529444500
   0.0000000000    0.0280314900    0.0359253200
   0.0000000000    0.0064761900    0.0011702600
  -0.0030834600    0.0014026300    0.0044195600
   0.0032929400    0.0040477700    0.0010498100
# File: 32   
# 1       0.0000000000000000   0.0212132034355964   0.0212132034355964
# 12      0.0000000000000000  -0.0212132034355964  -0.0212132034355964
   0.0000000000   -0.0425217500   -0.0451392100
   0.0000000000    0.0080058900    0.0156892900
   0.0129718000    0.0012749800    0.0025730600
  -0.0130898200    0.0029411400    0.0016558800
   0.0130898200    0.0029411400    0.0016558800
  -0.0129718000    0.0012749800    0.0025730600
   0.0000000000   -0.0153951000   -0.0105416200
   0.0000000000    0.0295071200    0.0219762600
   0.0032754100   -0.0063177200   -0.0033181700
  -0.0033564100   -0.0029251900   -0.0059381200
   0.0000000000   -0.0015403000   -0.0091266600
   0.0000000000    0.0591054100    0.0619976300
   0.0000000000   -0.0295174800   -0.0220764700
   0.0000000000    0.0024098200   -0.0027245300
   0.0033564100   -0.0029251900   -0.0059381200
  -0.0032754100   -0.0063177200   -0.0033181700
# File: 33   
# 9       0.0000000000000000   0.0212132034355964   0.0212132034355964
# 1       0.0212132034355964   0.0000000000000000   0.0212132034355964
  -0.0431332900   -0.0011356800   -0.0442883500
   0.0005079400    0.0123404900    0.0010467200
   0.0149430500    0.0043825500    0.0142061900
   0.0018119700   -0.0139082300    0.0074618600
   0.0018133600    0.0123958000    0.0049079100
  -0.0112719300    0.0069336200   -0.0120947500
   0.0005209000   -0.0138778500    0.0010381500
   0.0288158900   -0.0011288400    0.0277114600
  -0.0011113800   -0.0598602300   -0.0609901200
   0.0068875500    0.0083797100    0.0076299200
   0.0024942000    0.0020293600    0.0043898400
  -0.0040581100    0.0051743900    0.0066158400
   0.0024806700    0.0051384000    0.0090839000
  -0.0040104300    0.0023262100    0.0044001100
   0.0044449600    0.0018914000    0.0011073300
  -0.0011353500    0.0289189100    0.0277739900
# File: 34   
# 9       0.0000000000000000   0.0212132034355964   0.0212132034355964
# 1      -0.0212132034355964   0.0000000000000000  -0.0212132034355964
   0.0431853400   -0.0011205400    0.0420353300
  -0.0005213400   -0.0138806800   -0.0025884500
  -0.0149422200    0.0044052200   -0.0156793200
  -0.0018123900    0.0122623800    0.0064304300
  -0.0018142800   -0.0138683000    0.0038831600
   0.0112725600    0.0069556600    0.0104493600
  -0.0005077700    0.0123372200   -0.0025792100
  -0.0288649500   -0.0011296300   -0.0299674300
   0.0011091100   -0.0599118100   -0.0587707200
  -0.0044290800    0.0084629600    0.0092471300
   0.0040264100    0.0020554100    0.0059219900
  -0.0024926000    0.0051312300   -0.0047214900
   0.0040725300    0.0051718000   -0.0022595500
  -0.0025045700    0.0023121600    0.0059063800
  -0.0069129900    0.0018984600    0.0026478300
   0.0011362300    0.0289184500    0.0300445700
# File: 35   
# 9       0.0000000000000000   0.0212132034355964   0.0212132034355964
# 1       0.0000000000000000   0.0212132034355964   0.0212132034355964
   0.0000089000   -0.0442783200   -0.0442783200
  -0.0000279900    0.0141485200    0.0141485200
   0.0131297300    0.0049192200    0.0010789400
  -0.0130792300    0.0009827500    0.0074717600
   0.0131297300    0.0010789400    0.0049192200
  -0.0130792300    0.0074717600    0.0009827500
  -0.0000158300   -0.0120652800   -0.0120652800
  -0.0000249900    0.0277119400    0.0277119400
   0.0000410200   -0.0610141800   -0.0610141800
  -0.0001662000    0.0076604800    0.0076604800
   0.0032394200    0.0090753000    0.0043790700
  -0.0032776900    0.0043944500    0.0066270900
   0.0032394200    0.0043790700    0.0090753000
  -0.0032776900    0.0066270900    0.0043944500
   0.0001526400    0.0011335600    0.0011335600
   0.0000079800    0.0277747100    0.0277747100
# File: 36   
# 9       0.0000000000000000   0.0212132034355964   0.0212132034355964
# 1       0.0000000000000000  -0.0212132034355964  -0.0212132034355964
   0.0000409700    0.0420278900    0.0420278900
   0.0000148100   -0.0156885100   -0.0156885100
  -0.0131291700    0.0038717500   -0.0025537800
   0.0130786200   -0.0026293100    0.0064202300
  -0.0131291700   -0.0025537800    0.0038717500
   0.0130786200    0.0064202300   -0.0026293100
   0.0000290200    0.0105253400    0.0105253400
  -0.0000250800   -0.0299675000   -0.0299675000
  -0.0000599300   -0.0587455700   -0.0587455700
  -0.0001158900    0.0091839600    0.0091839600
   0.0032804900   -0.0022521400    0.0059637800
  -0.0032373200    0.0058759400   -0.0047342700
   0.0032804900    0.0059637800   -0.0022521400
  -0.0032373200   -0.0047342700    0.0058759400
   0.0001228000    0.0026574600    0.0026574600
   0.0000080500    0.0300447400    0.0300447400
# File: 37   
# 9       0.0000000000000000   0.0212132034355964   0.0212132034355964
# 2       0.0212132034355964   0.0000000000000000   0.0212132034355964
   0.0005565600    0.0119658000    0.0006725200
  -0.0431369100   -0.0007564400   -0.0439041300
   0.0018484000   -0.0085886100   -0.0002310600
   0.0148783600   -0.0008401600    0.0220057400
  -0.0112597300   -0.0007518000   -0.0067706400
   0.0017730000    0.0202034300   -0.0003096000
   0.0289753000   -0.0009016900    0.0279408500
   0.0005033200   -0.0142237300    0.0006929800
   0.0069524500   -0.0598775800   -0.0606267000
  -0.0011438600    0.0083713600    0.0072437300
   0.0024738600    0.0021805600    0.0095557300
  -0.0040477900    0.0049844200    0.0014013300
   0.0024826000    0.0052342700    0.0014414100
  -0.0040230600    0.0021879200    0.0120017900
  -0.0011454500    0.0019061200    0.0007624200
   0.0043129500    0.0289061300    0.0281236000
# File: 38   
# 9       0.0000000000000000   0.0212132034355964   0.0212132034355964
# 2      -0.0212132034355964   0.0000000000000000  -0.0212132034355964
  -0.0005059000   -0.0142223600   -0.0029295900
   0.0431099600   -0.0007906900    0.0423672500
  -0.0018479100    0.0173794600   -0.0012434900
  -0.0148744100   -0.0008048500   -0.0081148900
   0.0112650700   -0.0007226200    0.0155624000
  -0.0017725100   -0.0063072100   -0.0013344200
  -0.0289516100   -0.0006342800   -0.0294707700
  -0.0005528400    0.0119638500   -0.0029520100
  -0.0044677200   -0.0598675700   -0.0590856500
   0.0011354800    0.0084553600    0.0095990100
   0.0040083500    0.0021791900   -0.0017176500
  -0.0024703500    0.0050443600    0.0029617400
   0.0040376300    0.0053453800    0.0029172400
  -0.0024656800    0.0021762700    0.0007598700
   0.0011440000    0.0018996000    0.0030271100
  -0.0067915400    0.0289061000    0.0296538700
# File: 39   
# 9       0.0000000000000000   0.0212132034355964   0.0212132034355964
# 2       0.0000000000000000   0.0212132034355964   0.0212132034355964
   0.0000366800    0.0137903500    0.0137903500
   0.0000280000   -0.0439143800   -0.0439143800
  -0.0131083800    0.0061805600   -0.0002171500
   0.0130989100   -0.0002920100    0.0087784100
  -0.0131083800   -0.0002171500    0.0061805600
   0.0130989100    0.0087784100   -0.0002920100
   0.0002723100    0.0280721100    0.0280721100
  -0.0000199400   -0.0124247400   -0.0124247400
  -0.0000536600   -0.0606371400   -0.0606371400
  -0.0000201300    0.0072865800    0.0072865800
   0.0032340200    0.0014129100    0.0095840100
  -0.0032844900    0.0120594300    0.0014129600
   0.0032340200    0.0095840100    0.0014129100
  -0.0032844900    0.0014129600    0.0120594300
  -0.0000095000    0.0007593500    0.0007593500
  -0.0001138800    0.0281487500    0.0281487500
# File: 40   
# 9       0.0000000000000000   0.0212132034355964   0.0212132034355964
# 2       0.0000000000000000  -0.0212132034355964  -0.0212132034355964
   0.0000132700   -0.0160468800   -0.0160468800
  -0.0000415300    0.0423906400    0.0423906400
   0.0131086500    0.0026051400   -0.0012571600
  -0.0130991200   -0.0013538900    0.0051081500
   0.0131086500   -0.0012571600    0.0026051400
  -0.0130991200    0.0051081500   -0.0013538900
  -0.0002586700   -0.0296025800   -0.0296025800
  -0.0000301700    0.0101659000    0.0101659000
  -0.0002234300   -0.0591214100   -0.0591214100
  -0.0000033200    0.0095578400    0.0095578400
   0.0032869800    0.0029108900   -0.0017462500
  -0.0032317400    0.0007068000    0.0029816300
   0.0032869800   -0.0017462500    0.0029108900
  -0.0032317400    0.0029816300    0.0007068000
   0.0000261900    0.0030315900    0.0030315900
   0.0003881200    0.0296695900    0.0296695900
# File: 41   
# 9       0.0000000000000000   0.0212132034355964   0.0212132034355964
# 3       0.0212132034355964   0.0000000000000000   0.0212132034355964
   0.0149683700   -0.0011235500    0.0138138600
   0.0018260800   -0.0138793600   -0.0002501700
  -0.0432812300    0.0044224600   -0.0440134600
   0.0005249100    0.0122786600    0.0088000500
   0.0005159100   -0.0138508100    0.0062324700
   0.0288368800    0.0070811600    0.0280154300
   0.0018701800    0.0123386500   -0.0002500400
  -0.0113428900   -0.0011266000   -0.0124466600
  -0.0007285600   -0.0599770100   -0.0606049500
  -0.0007546800    0.0084620500    0.0128157100
   0.0021118700    0.0021681200    0.0040076600
   0.0036102600    0.0050885000    0.0014490400
   0.0076370400    0.0051749900    0.0014053400
  -0.0044008700    0.0021814500    0.0040097800
  -0.0007573200    0.0018489600    0.0087409400
  -0.0006359600    0.0289123400    0.0282750000
# File: 42   
# 9       0.0000000000000000   0.0212132034355964   0.0212132034355964
# 3      -0.0212132034355964   0.0000000000000000  -0.0212132034355964
  -0.0149168200   -0.0011345200   -0.0160718700
  -0.0018419100    0.0123389000   -0.0012910300
   0.0432845500    0.0043666300    0.0425532100
  -0.0005252400   -0.0139236600    0.0050892400
  -0.0005165700    0.0123786300    0.0025508200
  -0.0288344900    0.0068242400   -0.0296525400
  -0.0018544100   -0.0138780000   -0.0012906800
   0.0112922400   -0.0011314800    0.0101884100
   0.0007255500   -0.0600294300   -0.0591534400
   0.0007104900    0.0083784300    0.0015562600
   0.0044086600    0.0021753600    0.0063041600
  -0.0076606600    0.0052138200    0.0029492400
  -0.0035830400    0.0051309800    0.0029181800
  -0.0021141800    0.0021981800    0.0062967000
   0.0007913200    0.0019354800   -0.0024914300
   0.0006345100    0.0291564400    0.0295447600
# File: 43   
# 9       0.0000000000000000   0.0212132034355964   0.0212132034355964
# 3       0.0000000000000000   0.0212132034355964   0.0212132034355964
   0.0131434700   -0.0006004300    0.0006836600
  -0.0129927200    0.0010331100   -0.0002657800
  -0.0000000000   -0.0361105300   -0.0439907600
  -0.0000000000    0.0140494900    0.0219053500
  -0.0000000000   -0.0120097800   -0.0066041300
  -0.0000000000    0.0359194900    0.0278871800
   0.0129927200    0.0010331100   -0.0002657800
  -0.0131434700   -0.0006004300    0.0006836600
  -0.0000000000   -0.0554802100   -0.0605872800
  -0.0000000000    0.0076721100    0.0128195100
   0.0032260400    0.0010396300    0.0039892600
  -0.0034353600    0.0043631200    0.0014349400
   0.0034353600    0.0043631200    0.0014349400
  -0.0032260400    0.0010396300    0.0039892600
  -0.0000000000    0.0010812700    0.0086369700
  -0.0000000000    0.0332072800    0.0282490000
# File: 44   
# 9       0.0000000000000000   0.0212132034355964   0.0212132034355964
# 3       0.0000000000000000  -0.0212132034355964  -0.0212132034355964
  -0.0130900200   -0.0016559200   -0.0029411800
   0.0129721300   -0.0025730300   -0.0012750000
   0.0000000000    0.0451392900    0.0425222200
   0.0000000000   -0.0156893800   -0.0080062600
   0.0000000000    0.0105417600    0.0153954100
   0.0000000000   -0.0219766400   -0.0295072700
  -0.0129721300   -0.0025730300   -0.0012750000
   0.0130900200   -0.0016559200   -0.0029411800
   0.0000000000   -0.0619971600   -0.0591056800
   0.0000000000    0.0091267800    0.0015401900
   0.0032755300    0.0033181400    0.0063177000
  -0.0033564600    0.0059379900    0.0029253700
   0.0033564600    0.0059379900    0.0029253700
  -0.0032755300    0.0033181400    0.0063177000
   0.0000000000    0.0027243300   -0.0024100100
   0.0000000000    0.0220766600    0.0295176300
# File: 45   
# 9       0.0000000000000000   0.0212132034355964   0.0212132034355964
# 4       0.0212132034355964   0.0000000000000000   0.0212132034355964
   0.0018246100   -0.0142117600   -0.0006006300
   0.0150130500   -0.0007549900    0.0141520400
   0.0005256700    0.0174973000    0.0011189300
  -0.0430087300   -0.0008314200   -0.0387894300
   0.0288432100   -0.0006056800    0.0332355100
   0.0005356800   -0.0064364900    0.0009591600
  -0.0114609200   -0.0007535400   -0.0120538400
   0.0017968800    0.0119525200   -0.0006038900
  -0.0008246600   -0.0598714300   -0.0528958700
  -0.0007996100    0.0082739800    0.0076589000
   0.0101634100    0.0021801500    0.0043701800
  -0.0044072700    0.0051621300    0.0010465400
   0.0021570200    0.0051860000    0.0010401100
   0.0012763600    0.0021765000    0.0044163200
  -0.0007546400    0.0021250800    0.0011442900
  -0.0008800700    0.0289116600    0.0358017000
# File: 46   
# 9       0.0000000000000000   0.0212132034355964   0.0212132034355964
# 4      -0.0212132034355964   0.0000000000000000  -0.0212132034355964
  -0.0017752100    0.0119514000   -0.0016565900
  -0.0150172700   -0.0007852000   -0.0156911300
  -0.0005243900   -0.0086984600   -0.0025918600
   0.0430051300   -0.0008220900    0.0529416000
  -0.0288283200   -0.0008626000   -0.0244032500
  -0.0005369600    0.0203245000   -0.0026044900
   0.0114731500   -0.0007882200    0.0105126300
  -0.0018450600   -0.0142085700   -0.0016527100
   0.0008120900   -0.0598720700   -0.0695451800
   0.0007913800    0.0082910300    0.0091803000
  -0.0011866100    0.0021796800    0.0059683700
  -0.0021089800    0.0051271000    0.0033145500
   0.0043620300    0.0051404800    0.0033174900
  -0.0102774200    0.0021877900    0.0058451500
   0.0007543100    0.0019347400    0.0026384000
   0.0009021300    0.0289004900    0.0244267100
# File: 47   
# 9       0.0000000000000000   0.0212132034355964   0.0212132034355964
# 4       0.0000000000000000   0.0212132034355964   0.0212132034355964
  -0.0130683800    0.0006812200   -0.0006064600
   0.0132185200   -0.0002235900    0.0010493300
   0.0000000000    0.0192656000    0.0142253600
   0.0000000000   -0.0438353000   -0.0388032400
   0.0000000000    0.0282388300    0.0331037000
   0.0000000000   -0.0046549000   -0.0121378200
  -0.0132185200   -0.0002235900    0.0010493300
   0.0130683800    0.0006812200   -0.0006064600
   0.0000000000   -0.0606934500   -0.0529445100
   0.0000000000    0.0153558500    0.0076362400
   0.0030835800    0.0014025100    0.0044196200
  -0.0032929200    0.0040477000    0.0010498800
   0.0032929200    0.0040477000    0.0010498800
  -0.0030835800    0.0014025100    0.0044196200
   0.0000000000    0.0064762400    0.0011702300
   0.0000000000    0.0280314400    0.0359252800
# File: 48   
# 9       0.0000000000000000   0.0212132034355964   0.0212132034355964
# 4       0.0000000000000000  -0.0212132034355964  -0.0212132034355964
   0.0131141900   -0.0029386800   -0.0016499800
  -0.0132231500   -0.0013170500   -0.0025893900
   0.0000000000   -0.0104663700   -0.0156926800
   0.0000000000    0.0421890200    0.0529359100
   0.0000000000   -0.0296858800   -0.0242612000
   0.0000000000    0.0185459100    0.0104970600
   0.0132231500   -0.0013170500   -0.0025893900
  -0.0131141900   -0.0029386800   -0.0016499800
   0.0000000000   -0.0590605400   -0.0694707500
   0.0000000000    0.0039373300    0.0092298400
   0.0031581000    0.0029574800    0.0058818000
  -0.0032412900    0.0062591400    0.0033083100
   0.0032412900    0.0062591400    0.0033083100
  -0.0031581000    0.0029574800    0.0058818000
   0.0000000000   -0.0051829800    0.0025680500
   0.0000000000    0.0298017300    0.0242922900
# File: 49   
# 9       0.0000000000000000   0.0212132034355964   0.0212132034355964
# 9       0.0212132034355964   0.0000000000000000   0.0212132034355964
  -0.0010786400   -0.0010786400   -0.0022337300
   0.0043696100   -0.0007321300   -0.0014681000
  -0.0007321300    0.0043696100   -0.0014681000
  -0.0008931200   -0.0008931200    0.0166520700
  -0.0007169600   -0.0007169600    0.0064494900
  -0.0008220400    0.0069476300   -0.0016402800
   0.0069476300   -0.0008220400   -0.0016402800
  -0.0011778400   -0.0011778400   -0.0022795300
  -0.0597677400   -0.0597677400   -0.1201212700
   0.0021740900    0.0116850900    0.0135796700
   0.0116850900    0.0021740900    0.0135796700
   0.0018927300    0.0018927300    0.0043631000
   0.0084123500    0.0084123500    0.0043561900
  -0.0013616600    0.0021825000    0.0070394800
   0.0021825000   -0.0013616600    0.0070394800
   0.0288861300    0.0288861300    0.0577921200
# File: 50   
# 9       0.0000000000000000   0.0212132034355964   0.0212132034355964
# 9      -0.0212132034355964   0.0000000000000000  -0.0212132034355964
   0.0011292400   -0.0011292400   -0.0000262600
  -0.0069472500   -0.0008215200    0.0000000000
   0.0007381800    0.0043916900    0.0000000000
   0.0007705700   -0.0007705700    0.0000091800
   0.0007705700   -0.0007705700   -0.0000091800
   0.0008215200    0.0069472500    0.0000000000
  -0.0043916900   -0.0007381800    0.0000000000
   0.0011292400   -0.0011292400    0.0000262600
   0.0598775900   -0.0598775900    0.0000000000
  -0.0021833100    0.0051546600    0.0032589800
  -0.0051546600    0.0021833100   -0.0032589800
  -0.0084165700    0.0084165700    0.0000000000
  -0.0018954300    0.0018954300    0.0000000000
  -0.0051546600    0.0021833100    0.0032589800
  -0.0021833100    0.0051546600   -0.0032589800
  -0.0289100600    0.0289100600    0.0000000000
# File: 51   
# 9       0.0000000000000000   0.0212132034355964   0.0212132034355964
# 10      0.0212132034355964   0.0000000000000000   0.0212132034355964
   0.0043757000   -0.0011418000   -0.0018786200
  -0.0011767200   -0.0007493000   -0.0019030900
  -0.0007876700    0.0044066300    0.0061702600
  -0.0008049400   -0.0008625700    0.0061739500
  -0.0007363300   -0.0006867500    0.0036209600
  -0.0007697900    0.0069377400    0.0036184100
  -0.0010806400   -0.0007912400   -0.0018957100
   0.0069635700   -0.0011157700   -0.0019390600
   0.0021781300   -0.0566158200   -0.0547181300
  -0.0598829300    0.0084104800   -0.0514645200
   0.0084134300   -0.0010779000    0.0073380200
   0.0051633300    0.0051492500    0.0106040200
   0.0051552200    0.0051550600    0.0040742200
   0.0018976700    0.0054418900    0.0073336800
   0.0289104700    0.0018893300    0.0308003900
   0.0021815000    0.0256507700    0.0340652200
# File: 52   
# 9       0.0000000000000000   0.0212132034355964   0.0212132034355964
# 10     -0.0212132034355964   0.0000000000000000  -0.0212132034355964
  -0.0068771500   -0.0011168500   -0.0002940600
   0.0011654900   -0.0007409600    0.0003627400
   0.0007035900    0.0043879000   -0.0050835100
   0.0008033800   -0.0008004100    0.0077117100
   0.0007360400   -0.0007701500    0.0051674000
   0.0008568100    0.0069541100   -0.0078122200
   0.0010920600   -0.0007996500    0.0003539300
  -0.0044563100   -0.0011415700   -0.0004046300
  -0.0021803900   -0.0631445300   -0.0650374800
   0.0598678900    0.0084359500    0.0683011800
  -0.0018923300    0.0054395800    0.0029740900
  -0.0116794000    0.0051560900   -0.0062396300
   0.0013658100    0.0051552500    0.0002852600
  -0.0084127600   -0.0010773500    0.0029726700
  -0.0289115900    0.0018985000   -0.0270176300
  -0.0021811500    0.0321641000    0.0237601700
# File: 53   
# 9       0.0000000000000000   0.0212132034355964   0.0212132034355964
# 11      0.0000000000000000   0.0212132034355964   0.0212132034355964
   0.0000250600    0.0032496900   -0.0018828000
  -0.0000455500   -0.0015854500    0.0061807500
   0.0000250600    0.0032496900   -0.0018828000
  -0.0000455500   -0.0015854500    0.0061807500
   0.0000468100   -0.0015151400    0.0036208500
  -0.0000246300    0.0058363500   -0.0019349800
   0.0000468100   -0.0015151400    0.0036208500
  -0.0000246300    0.0058363500   -0.0019349800
   0.0032592700   -0.0577023300   -0.0547254000
  -0.0032618700    0.0135752500    0.0106040800
   0.0032592700   -0.0577023300   -0.0547254000
  -0.0032618700    0.0135752500    0.0106040800
   0.0032607200    0.0070510000    0.0040749400
  -0.0032598100    0.0310906300    0.0340625600
   0.0032607200    0.0070510000    0.0040749400
  -0.0032598100    0.0310906300    0.0340625600
# File: 54   
# 9       0.0000000000000000   0.0212132034355964   0.0212132034355964
# 11      0.0000000000000000  -0.0212132034355964  -0.0212132034355964
   0.0000244300   -0.0080544800   -0.0002880500
   0.0000320200   -0.0000408500   -0.0051657000
   0.0000243600    0.0055399200    0.0004085800
   0.0000337500   -0.0000617100    0.0077067500
  -0.0000320200    0.0000408500    0.0051657000
  -0.0000244300    0.0080544800    0.0002880500
  -0.0000337500    0.0000617100   -0.0077067500
  -0.0000243600   -0.0055399200   -0.0004085800
  -0.0032618000   -0.0620550200   -0.0650291300
   0.0032546900    0.0032693800    0.0062415100
   0.0032618000    0.0620550200    0.0650291300
  -0.0032546900   -0.0032693800   -0.0062415100
   0.0032604600    0.0032605000    0.0002844000
  -0.0032590000   -0.0267301200   -0.0237628900
  -0.0032604600   -0.0032605000   -0.0002844000
   0.0032590000    0.0267301200    0.0237628900
# File: 55   
# 9       0.0000000000000000   0.0212132034355964   0.0212132034355964
# 11      0.0212132034355964   0.0000000000000000   0.0212132034355964
  -0.0007511100   -0.0011777300   -0.0019037300
  -0.0008595600   -0.0008043600    0.0061749800
  -0.0011412000    0.0043785100   -0.0018768100
   0.0044057600   -0.0007895600    0.0061673800
   0.0069387100   -0.0007680300    0.0036212300
  -0.0011162900    0.0069606700   -0.0019408700
  -0.0006895700   -0.0007368700    0.0036200700
  -0.0007893900   -0.0010797500   -0.0018951000
   0.0084099200   -0.0598831300   -0.0514650200
   0.0051493700    0.0051641300    0.0106042600
  -0.0566153300    0.0021783100   -0.0547179900
  -0.0010781100    0.0084131300    0.0073379500
   0.0054420700    0.0018978300    0.0073338000
   0.0256504000    0.0021814600    0.0340648900
   0.0051548700    0.0051547600    0.0040739000
   0.0018894600    0.0289106400    0.0308010600
# File: 56   
# 9       0.0000000000000000   0.0212132034355964   0.0212132034355964
# 11     -0.0212132034355964   0.0000000000000000  -0.0212132034355964
   0.0007980300   -0.0010937000   -0.0003542500
   0.0007738900   -0.0007357900   -0.0051658200
   0.0011418100    0.0044599100    0.0004062600
  -0.0069556400   -0.0008585500    0.0078084300
  -0.0043863000   -0.0007020100    0.0050870900
   0.0011165300    0.0068733800    0.0002923900
   0.0007966600   -0.0008036800   -0.0077132500
   0.0007426400   -0.0011638800   -0.0003624300
  -0.0084358100   -0.0598679900   -0.0683009900
  -0.0051561000    0.0116795500    0.0062399900
   0.0631446800    0.0021802400    0.0650375000
  -0.0054399200    0.0018925500   -0.0029740200
   0.0010776900    0.0084126400   -0.0029727600
  -0.0321642000    0.0021813100   -0.0237600800
  -0.0051553900   -0.0013655600   -0.0002855400
  -0.0018985700    0.0289115900    0.0270174900
# File: 57   
# 9       0.0000000000000000   0.0212132034355964   0.0212132034355964
# 11      0.0212132034355964   0.0212132034355964   0.0000000000000000
  -0.0007201900    0.0032448300   -0.0011373000
  -0.0007690400   -0.0015413300   -0.0007715100
  -0.0011373000    0.0032448300   -0.0007201900
   0.0044506400   -0.0015580000    0.0068938500
   0.0068938500   -0.0015580000    0.0044506400
  -0.0011220100    0.0058395400   -0.0008379500
  -0.0007715100   -0.0015413300   -0.0007690400
  -0.0008379500    0.0058395400   -0.0011220100
   0.0051530100   -0.0577006400   -0.0566211400
   0.0018899800    0.0103161100    0.0084212300
  -0.0566211400   -0.0577006400    0.0051530100
  -0.0010766600    0.0103090100    0.0054432400
   0.0054432400    0.0103090100   -0.0010766600
   0.0256498700    0.0310904800    0.0051539700
   0.0084212300    0.0103161100    0.0018899800
   0.0051539700    0.0310904800    0.0256498700
# File: 58   
# 9       0.0000000000000000   0.0212132034355964   0.0212132034355964
# 11     -0.0212132034355964  -0.0212132034355964   0.0000000000000000
   0.0008573800   -0.0080526400   -0.0011208500
   0.0007540300   -0.0000000000   -0.0007540300
   0.0011362100    0.0055420200   -0.0007033300
  -0.0070015700   -0.0000000000    0.0070015700
  -0.0043393700   -0.0000000000    0.0043393700
   0.0011208500    0.0080526400   -0.0008573800
   0.0007874100   -0.0000000000   -0.0007874100
   0.0007033300   -0.0055420200   -0.0011362100
  -0.0051560300   -0.0620556300   -0.0631377600
  -0.0018991700    0.0065268200    0.0084225100
   0.0631377600    0.0620556300    0.0051560300
  -0.0054377700   -0.0000025400   -0.0010784900
   0.0010784900    0.0000025400    0.0054377700
  -0.0321667200   -0.0267288800    0.0051523300
  -0.0084225100   -0.0065268200    0.0018991700
  -0.0051523300    0.0267288800    0.0321667200
# File: 59   
# 9       0.0000000000000000   0.0212132034355964   0.0212132034355964
# 15      0.0212132034355964   0.0000000000000000   0.0212132034355964
   0.0069644100   -0.0011219300   -0.0019441100
  -0.0011307000   -0.0008049500   -0.0019083200
  -0.0007449500    0.0043050300    0.0036046500
  -0.0007634600   -0.0007655300    0.0061867300
  -0.0007782900   -0.0007861300    0.0036122200
  -0.0008151400    0.0070407400    0.0061843000
  -0.0011269100   -0.0007365500   -0.0018907800
   0.0043739500   -0.0011366200   -0.0018737500
   0.0021807800   -0.0631365800   -0.0547282900
   0.0289072000    0.0084192100    0.0373285600
   0.0084156800    0.0054408800    0.0073357700
  -0.0013623400    0.0051533400    0.0040766800
   0.0116817200    0.0051521100    0.0106025200
   0.0018954400   -0.0010764700    0.0073348200
  -0.0598782100    0.0018844600   -0.0579861300
   0.0021808300    0.0321689900    0.0340651300
# File: 60   
# 9       0.0000000000000000   0.0212132034355964   0.0212132034355964
# 15     -0.0212132034355964   0.0000000000000000  -0.0212132034355964
  -0.0043663700   -0.0011370500   -0.0003994300
   0.0011203500   -0.0007867500    0.0003680300
   0.0008297700    0.0044898600   -0.0076219700
   0.0007622700   -0.0008714100    0.0076979500
   0.0007782100   -0.0006993300    0.0051763000
   0.0007295100    0.0068505200   -0.0052788500
   0.0011383500   -0.0007537400    0.0003494800
  -0.0069704200   -0.0011213700   -0.0002993800
  -0.0021843500   -0.0566221500   -0.0650257300
  -0.0289151900    0.0084282000   -0.0204897800
  -0.0018943300   -0.0010792800    0.0029758500
  -0.0051523900    0.0051523200    0.0002877900
  -0.0051605400    0.0051588000   -0.0062417900
  -0.0084108800    0.0054407800    0.0029709200
   0.0598757900    0.0019025800    0.0617721800
  -0.0021797600    0.0256480100    0.0237584400
# File: 61   
# 9       0.0000000000000000   0.0212132034355964   0.0212132034355964
# 16      0.0212132034355964   0.0000000000000000   0.0212132034355964
  -0.0011034600   -0.0011539700   -0.0022571300
   0.0069489700   -0.0008949800   -0.0017154100
  -0.0006438400    0.0044115300   -0.0013789100
  -0.0008581100   -0.0006922900    0.0113688900
  -0.0006922900   -0.0008581100    0.0113688900
  -0.0008949800    0.0069489700   -0.0017154100
   0.0044115300   -0.0006438400   -0.0013789100
  -0.0011539700   -0.0011034600   -0.0022571300
   0.0288912600   -0.0598946700   -0.0309939400
   0.0021776300    0.0051655900    0.0135729100
   0.0051556000    0.0021798100    0.0070439400
   0.0018962800    0.0084146500    0.0043596500
   0.0084146500    0.0018962800    0.0043596500
   0.0051655900    0.0021776300    0.0135729100
   0.0021798100    0.0051556000    0.0070439400
  -0.0598946700    0.0288912600   -0.0309939400
# File: 62   
# 9       0.0000000000000000   0.0212132034355964   0.0212132034355964
# 16     -0.0212132034355964   0.0000000000000000  -0.0212132034355964
   0.0011544500   -0.0011544500    0.0000000000
  -0.0044006900   -0.0006437000    0.0000920000
   0.0006437000    0.0044006900   -0.0000920000
   0.0009506700   -0.0009506700    0.0000000000
   0.0006135900   -0.0006135900    0.0000000000
   0.0008949000    0.0069377400    0.0000735400
  -0.0069377400   -0.0008949000   -0.0000735400
   0.0011042200   -0.0011042200    0.0000000000
  -0.0289057600   -0.0598705900   -0.0887872400
  -0.0021848300    0.0116798300    0.0032674600
   0.0013660400    0.0021812300    0.0032624500
  -0.0084154400    0.0018926400    0.0000009700
  -0.0018926400    0.0084154400   -0.0000009700
  -0.0116798300    0.0021848300   -0.0032674600
  -0.0021812300   -0.0013660400   -0.0032624500
   0.0598705900    0.0289057600    0.0887872400
