# File: 3    
# 1       0.0000000000000000   0.0212132034355964   0.0212132034355964
# 1       0.0212132034355964   0.0000000000000000   0.0212132034355964
  -0.0580042700   -0.0580042700   -0.1167550200
   0.0002193200    0.0416771600    0.0261932600
   0.0416771600    0.0002193200    0.0261932600
  -0.0154717000   -0.0154717000    0.0004544700
   0.0226070800    0.0226070800    0.0004473000
  -0.0345277800    0.0002268100   -0.0119096200
   0.0002268100   -0.0345277800   -0.0119096200
   0.0304800400    0.0304800400    0.0609719600
  -0.0012956700   -0.0012956700   -0.0025514200
   0.0081047600    0.0003894000    0.0007850800
   0.0003894000    0.0081047600    0.0007850800
   0.0003091400    0.0003091400    0.0082646100
   0.0003886400    0.0003886400    0.0201549000
   0.0003476400    0.0057915100    0.0007004300
   0.0057915100    0.0003476400    0.0007004300
  -0.0012420500   -0.0012420500   -0.0025251300
# File: 4    
# 1       0.0000000000000000   0.0212132034355964   0.0212132034355964
# 1      -0.0212132034355964   0.0000000000000000  -0.0212132034355964
   0.0580851400   -0.0580851400    0.0000000000
  -0.0002278200    0.0035690900    0.0190551800
  -0.0035690900    0.0002278200   -0.0190551800
  -0.0226300100    0.0226300100    0.0000000000
   0.0154875300   -0.0154875300    0.0000000000
  -0.0035690900    0.0002278200    0.0190551800
  -0.0002278200    0.0035690900   -0.0190551800
  -0.0305260600    0.0305260600    0.0000000000
   0.0012717200   -0.0012717200    0.0000132300
  -0.0054965400    0.0003445600    0.0000000000
  -0.0003867900    0.0083936000    0.0000000000
  -0.0003723600    0.0003723600    0.0001451200
  -0.0003723600    0.0003723600   -0.0001451200
  -0.0003445600    0.0054965400    0.0000000000
  -0.0083936000    0.0003867900    0.0000000000
   0.0012717200   -0.0012717200   -0.0000132300
# File: 5    
# 1       0.0000000000000000   0.0212132034355964   0.0212132034355964
# 2       0.0212132034355964   0.0000000000000000   0.0212132034355964
   0.0002245800   -0.0390342100   -0.0545092900
  -0.0580901700    0.0226132900   -0.0354650400
   0.0226232400   -0.0188276200    0.0037964700
   0.0035741600    0.0035673500    0.0228572000
   0.0035662800    0.0035684400   -0.0152606500
  -0.0154868400    0.0192804400    0.0037956500
   0.0305253000   -0.0154916900    0.0150348500
   0.0002267100    0.0114663700    0.0340966200
   0.0084173900   -0.0012813300   -0.0008951500
  -0.0013792700    0.0003660400   -0.0008929900
   0.0003234200    0.0082453100    0.0060922600
   0.0003981000    0.0002577800    0.0058630600
   0.0003488000    0.0004845900    0.0087673400
   0.0004145300    0.0056601300    0.0085362200
  -0.0011611500    0.0003820900   -0.0009039600
   0.0054749300   -0.0012569900   -0.0009125800
# File: 6    
# 1       0.0000000000000000   0.0212132034355964   0.0212132034355964
# 2      -0.0212132034355964   0.0000000000000000  -0.0212132034355964
  -0.0002223600   -0.0771413900   -0.0616483600
   0.0580664900    0.0226362500    0.0807102200
   0.0154831700    0.0192780100    0.0033424200
  -0.0416801900    0.0035686100   -0.0223986700
   0.0345372400    0.0035699700    0.0157102800
  -0.0226204800   -0.0188235300    0.0033405300
  -0.0305224500   -0.0154822700   -0.0460099500
  -0.0002259700    0.0495763800    0.0269548200
  -0.0055436300   -0.0012586100   -0.0016031700
   0.0010903200    0.0003525400    0.0016382400
  -0.0003607100    0.0085476500   -0.0082095600
  -0.0003971300    0.0001463800    0.0051253600
  -0.0003479900    0.0005845100    0.0080142900
  -0.0003674200    0.0053389000   -0.0049453100
   0.0014524400    0.0003898700    0.0016490400
  -0.0083413300   -0.0012832800   -0.0016701800
# File: 7    
# 1       0.0000000000000000   0.0212132034355964   0.0212132034355964
# 3       0.0000000000000000   0.0212132034355964   0.0212132034355964
   0.0190452700   -0.0578601700   -0.0545095100
  -0.0190527300    0.0261958400    0.0228537000
   0.0190452700   -0.0578601700   -0.0545095100
  -0.0190527300    0.0261958400    0.0228537000
   0.0190526200   -0.0119183000   -0.0152589200
  -0.0190528500    0.0307469200    0.0340916300
   0.0190526200   -0.0119183000   -0.0152589200
  -0.0190528500    0.0307469200    0.0340916300
  -0.0000195700    0.0071198800   -0.0008832900
  -0.0001226800    0.0007535000    0.0058974500
  -0.0000195700    0.0071198800   -0.0008832900
  -0.0001226800    0.0007535000    0.0058974500
   0.0001288800    0.0007245600    0.0087342600
   0.0000210600    0.0042377700   -0.0009253100
   0.0001288800    0.0007245600    0.0087342600
   0.0000210600    0.0042377700   -0.0009253100
# File: 8    
# 1       0.0000000000000000   0.0212132034355964   0.0212132034355964
# 3       0.0000000000000000  -0.0212132034355964  -0.0212132034355964
  -0.0190469700   -0.0583075300   -0.0616429500
   0.0190514800    0.0190599600    0.0224002600
   0.0190469700    0.0583075300    0.0616429500
  -0.0190514800   -0.0190599600   -0.0224002600
   0.0190531900    0.0190546000    0.0157125400
  -0.0190527700   -0.0302961000   -0.0269573700
  -0.0190531900   -0.0190546000   -0.0157125400
   0.0190527700    0.0302961000    0.0269573700
  -0.0000051400   -0.0067619000   -0.0016158300
  -0.0001649700   -0.0000504000   -0.0080477300
  -0.0000073500    0.0096714400    0.0016582600
  -0.0001641800   -0.0000635700    0.0050931200
   0.0001649700    0.0000504000    0.0080477300
   0.0000051400    0.0067619000    0.0016158300
   0.0001641800    0.0000635700   -0.0050931200
   0.0000073500   -0.0096714400   -0.0016582600
# File: 9    
# 1       0.0000000000000000   0.0212132034355964   0.0212132034355964
# 3       0.0212132034355964   0.0000000000000000   0.0212132034355964
   0.0226129000   -0.0580914300   -0.0354668200
   0.0035671100    0.0035744800    0.0228569700
  -0.0390342900    0.0002243800   -0.0545100500
  -0.0188283600    0.0226228300    0.0037959000
   0.0192808700   -0.0154868500    0.0037949500
   0.0114647900    0.0002266700    0.0340948900
   0.0035683100    0.0035653400   -0.0152617800
  -0.0154915300    0.0305248700    0.0150341200
   0.0003654500   -0.0013810000   -0.0008941600
   0.0002569300    0.0003977600    0.0058651800
  -0.0012821200    0.0084192600   -0.0008958100
   0.0082473100    0.0003229700    0.0060948600
   0.0056631900    0.0004153800    0.0085386600
  -0.0012575700    0.0054782700   -0.0009129700
   0.0004849100    0.0003483700    0.0087703100
   0.0003821100   -0.0011612900   -0.0009042700
# File: 10   
# 1       0.0000000000000000   0.0212132034355964   0.0212132034355964
# 3      -0.0212132034355964   0.0000000000000000  -0.0212132034355964
  -0.0226363400   -0.0580677500   -0.0807114800
  -0.0035686700    0.0416812800    0.0223996600
   0.0771426300    0.0002223300    0.0616485500
  -0.0192790900   -0.0154832700   -0.0033424500
   0.0188245900    0.0226206000   -0.0033404800
  -0.0495772100    0.0002260900   -0.0269547200
  -0.0035700300   -0.0345382600   -0.0157113100
   0.0154823700    0.0305233900    0.0460108200
  -0.0003898100   -0.0014526300   -0.0016490500
  -0.0005844200    0.0003479400   -0.0080146300
   0.0012834200    0.0083415100    0.0016701500
  -0.0053395000    0.0003672400    0.0049459000
  -0.0085477300    0.0003607700    0.0082097500
   0.0012586100    0.0055439700    0.0016031100
  -0.0001464200    0.0003969700   -0.0051256500
  -0.0003523900   -0.0010901600   -0.0016381800
# File: 11   
# 1       0.0000000000000000   0.0212132034355964   0.0212132034355964
# 3       0.0212132034355964   0.0212132034355964   0.0000000000000000
   0.0035668700   -0.0578686300   -0.0390415000
  -0.0154882100    0.0071405200    0.0226281000
  -0.0390415000   -0.0578686300    0.0035668700
  -0.0188264800    0.0071371400    0.0192792700
   0.0192792700    0.0071371400   -0.0188264800
   0.0114656600    0.0307486600    0.0035678800
   0.0226281000    0.0071405200   -0.0154882100
   0.0035678800    0.0307486600    0.0114656600
   0.0003702500    0.0071622100   -0.0012722200
   0.0002414500    0.0007438200    0.0005038800
  -0.0012722200    0.0071622100    0.0003702500
   0.0082078300    0.0007359200    0.0057015800
   0.0057015800    0.0007359200    0.0082078300
  -0.0012693300    0.0042003700    0.0003649600
   0.0005038800    0.0007438200    0.0002414500
   0.0003649600    0.0042003700   -0.0012693300
# File: 12   
# 1       0.0000000000000000   0.0212132034355964   0.0212132034355964
# 3      -0.0212132034355964  -0.0212132034355964   0.0000000000000000
  -0.0035683100   -0.0583001900   -0.0771294000
   0.0154825600    0.0381107100    0.0226267600
   0.0771294000    0.0583001900    0.0035683100
  -0.0192780300   -0.0000017900   -0.0188231800
   0.0188231800    0.0000017900    0.0192780300
  -0.0495740700   -0.0302942600    0.0035672400
  -0.0226267600   -0.0381107100   -0.0154825600
  -0.0035672400    0.0302942600    0.0495740700
  -0.0003514400   -0.0068009900   -0.0012697000
  -0.0005324200    0.0000000000    0.0005324200
   0.0012733000    0.0096313000    0.0003776400
  -0.0053015400    0.0000000000    0.0053015400
  -0.0085870200    0.0000000000    0.0085870200
   0.0012697000    0.0068009900    0.0003514400
  -0.0002136800    0.0000000000    0.0002136800
  -0.0003776400   -0.0096313000   -0.0012733000
# File: 13   
# 1       0.0000000000000000   0.0212132034355964   0.0212132034355964
# 7       0.0212132034355964   0.0000000000000000   0.0212132034355964
   0.0002276300   -0.0771312600   -0.0545034800
   0.0305204300    0.0226229100    0.0531497000
   0.0226188300    0.0192777000    0.0037971200
  -0.0345350900    0.0035668800   -0.0152561800
   0.0416772100    0.0035684000    0.0228527800
  -0.0154824000   -0.0188238300    0.0037947400
  -0.0580732300   -0.0154838900   -0.0735580600
   0.0002272200    0.0495726800    0.0340898300
   0.0055221000   -0.0012762100   -0.0009322400
  -0.0014559000    0.0003884200   -0.0008968000
   0.0003497000    0.0086079300    0.0089409400
   0.0004086900    0.0004863000    0.0059099400
   0.0003368000    0.0002485900    0.0087190200
   0.0003790600    0.0052827800    0.0056722700
  -0.0010862000    0.0003585300   -0.0009001800
   0.0083651500   -0.0012659200   -0.0008794000
# File: 14   
# 1       0.0000000000000000   0.0212132034355964   0.0212132034355964
# 7      -0.0212132034355964   0.0000000000000000  -0.0212132034355964
  -0.0002270000   -0.0390378600   -0.0616487600
  -0.0305253400    0.0226320400   -0.0078926600
   0.0154860500   -0.0188264700    0.0033417400
  -0.0035674400    0.0035687300    0.0157151300
  -0.0035737000    0.0035690700   -0.0224021100
  -0.0226232200    0.0192811800    0.0033411900
   0.0580889100   -0.0154774400    0.0425994400
  -0.0002267400    0.0114681500    0.0269592900
  -0.0084501700   -0.0012682900   -0.0016550700
   0.0011649200    0.0003836600    0.0016412300
  -0.0003098400    0.0081839200   -0.0052808300
  -0.0004076100    0.0004907300    0.0050826200
  -0.0003351400    0.0002340000    0.0080651200
  -0.0004241500    0.0057162400   -0.0078896000
   0.0013766200    0.0003600200    0.0016457700
  -0.0054461600   -0.0012776600   -0.0016225100
# File: 15   
# 1       0.0000000000000000   0.0212132034355964   0.0212132034355964
# 8       0.0212132034355964   0.0000000000000000   0.0212132034355964
   0.0304956800   -0.0581145000   -0.0276249300
   0.0002257000    0.0035733600    0.0261994200
   0.0035656200    0.0002264800   -0.0119219900
  -0.0154874800    0.0226228700    0.0004523300
   0.0226228700   -0.0154874800    0.0004523300
   0.0035733600    0.0002257000    0.0261994200
   0.0002264800    0.0035656200   -0.0119219900
  -0.0581145000    0.0304956800   -0.0276249300
  -0.0012824100   -0.0012559400   -0.0025382900
   0.0053704300    0.0005120400    0.0008612300
   0.0002419500    0.0085570400    0.0006336500
   0.0005304900    0.0002187000    0.0139386000
   0.0002187000    0.0005304900    0.0139386000
   0.0005120400    0.0053704300    0.0008612300
   0.0085570400    0.0002419500    0.0006336500
  -0.0012559400   -0.0012824100   -0.0025382900
# File: 16   
# 1       0.0000000000000000   0.0212132034355964   0.0212132034355964
# 8      -0.0212132034355964   0.0000000000000000  -0.0212132034355964
  -0.0305106600   -0.0580705500   -0.0886000000
  -0.0002263900    0.0416867600    0.0190582700
   0.0345433700    0.0002289200    0.0190523600
  -0.0226209300   -0.0154838100   -0.0000013700
   0.0154838100    0.0226209300    0.0000013700
  -0.0416867600    0.0002263900   -0.0190582700
  -0.0002289200   -0.0345433700   -0.0190523600
   0.0580705500    0.0305106600    0.0886000000
   0.0012583700   -0.0012583700    0.0000000000
  -0.0085398500    0.0002390400   -0.0001484100
  -0.0002390400    0.0085398500    0.0001484100
  -0.0004769700    0.0004769700    0.0000000000
  -0.0002497300    0.0002497300    0.0000000000
  -0.0005090400    0.0053529600   -0.0001642500
  -0.0053529600    0.0005090400    0.0001642500
   0.0012851700   -0.0012851700    0.0000000000
# File: 17   
# 1       0.0000000000000000   0.0212132034355964   0.0212132034355964
# 9       0.0212132034355964   0.0000000000000000   0.0212132034355964
  -0.0012941900   -0.0580570800   -0.0593816600
   0.0054717900    0.0226649500    0.0230949500
   0.0194340700    0.0001786200    0.0039475900
  -0.0187254200    0.0035724500    0.0086260000
   0.0195258000    0.0035679000    0.0056990000
  -0.0186818500    0.0002571400    0.0039405900
   0.0083966200   -0.0154465600   -0.0151528600
  -0.0012819200    0.0304860700    0.0292413300
  -0.0688583900   -0.0012317000   -0.0701180600
   0.0014883400    0.0056317900    0.0045381300
   0.0093629900    0.0083780700    0.0097501000
   0.0041886500   -0.0049519500    0.0071336200
   0.0041412600    0.0056043400    0.0100448600
  -0.0011095300    0.0054970400   -0.0007647000
   0.0017915200   -0.0048813800    0.0045370000
   0.0361502600   -0.0012697100    0.0348641200
# File: 18   
# 1       0.0000000000000000   0.0212132034355964   0.0212132034355964
# 9      -0.0212132034355964   0.0000000000000000  -0.0212132034355964
   0.0012941600   -0.0580335600   -0.0567954800
  -0.0083920100    0.0225911600    0.0222975900
   0.0186737900    0.0002024000    0.0031886200
  -0.0195184700    0.0035644400   -0.0052601700
   0.0187171400    0.0035683000   -0.0081679000
  -0.0194269600    0.0002666400    0.0031949200
  -0.0054815000   -0.0155269800   -0.0159576500
   0.0012804000    0.0304833500    0.0318008700
   0.0688362500   -0.0013084300    0.0675843700
  -0.0017775200   -0.0048875600   -0.0037954200
  -0.0093642800    0.0084112700   -0.0089780000
  -0.0041912400    0.0056399400    0.0038740900
  -0.0041411900   -0.0048292300    0.0067541400
   0.0011071800    0.0055030400    0.0014522900
  -0.0014982700    0.0056245900   -0.0037934500
  -0.0361174700   -0.0012693700   -0.0373988300
# File: 19   
# 1       0.0000000000000000   0.0212132034355964   0.0212132034355964
# 9       0.0000000000000000   0.0212132034355964   0.0212132034355964
   0.0000128600   -0.0593628800   -0.0593628800
  -0.0000606300    0.0230006900    0.0230006900
   0.0190901900    0.0057037500    0.0039993900
  -0.0190105100    0.0038609000    0.0086365900
   0.0190901900    0.0039993900    0.0057037500
  -0.0190105100    0.0086365900    0.0038609000
   0.0000246800   -0.0151095800   -0.0151095800
  -0.0000392800    0.0292387000    0.0292387000
   0.0000650300   -0.0701496200   -0.0701496200
  -0.0001723500    0.0098002900    0.0098002900
   0.0052199300    0.0100445700    0.0045224100
  -0.0052923600    0.0045298600    0.0071434400
   0.0052199300    0.0045224100    0.0100445700
  -0.0052923600    0.0071434400    0.0045298600
   0.0001420700   -0.0007243800   -0.0007243800
   0.0000131100    0.0348658700    0.0348658700
# File: 20   
# 1       0.0000000000000000   0.0212132034355964   0.0212132034355964
# 9       0.0000000000000000  -0.0212132034355964  -0.0212132034355964
   0.0000661200   -0.0568094300   -0.0568094300
  -0.0000114200    0.0222520500    0.0222520500
   0.0190124300   -0.0081739400    0.0032714400
  -0.0190915500    0.0031395400   -0.0052742600
   0.0190124300    0.0032714400   -0.0081739400
  -0.0190915500   -0.0052742600    0.0031395400
   0.0000457300   -0.0158623100   -0.0158623100
  -0.0000392700    0.0317982000    0.0317982000
  -0.0000908000    0.0676271300    0.0676271300
  -0.0001187300   -0.0090602000   -0.0090602000
  -0.0052202500    0.0067553500   -0.0037515500
   0.0052923400   -0.0038437100    0.0038634100
  -0.0052202500   -0.0037515500    0.0067553500
   0.0052923400    0.0038634100   -0.0038437100
   0.0001485800    0.0014642800    0.0014642800
   0.0000138600   -0.0373959800   -0.0373959800
# File: 21   
# 1       0.0000000000000000   0.0212132034355964   0.0212132034355964
# 10      0.0212132034355964   0.0000000000000000   0.0212132034355964
   0.0055237200   -0.0582215300   -0.0577853200
  -0.0012776100    0.0227043600    0.0213824400
   0.0193438400    0.0002253900    0.0120184100
  -0.0187087100    0.0035326100    0.0005867400
   0.0194467300    0.0036625000    0.0005963600
  -0.0186719100    0.0002087600    0.0090603300
  -0.0012799300   -0.0155649500   -0.0168087800
   0.0085433500    0.0305187300    0.0308141100
   0.0016343800    0.0039748500    0.0028806400
  -0.0689706900    0.0004279300   -0.0684557100
   0.0040829600    0.0030872300    0.0020748300
   0.0095075100    0.0003778700    0.0148698100
  -0.0011461700    0.0004002400    0.0071989300
   0.0042123400    0.0106551900    0.0020029300
   0.0361026100    0.0005348300    0.0366712600
   0.0016575700   -0.0065240200    0.0028930000
# File: 22   
# 1       0.0000000000000000   0.0212132034355964   0.0212132034355964
# 10     -0.0212132034355964   0.0000000000000000  -0.0212132034355964
  -0.0084098100   -0.0579339600   -0.0582311900
   0.0012753400    0.0226302400    0.0238746800
   0.0186188800    0.0002251900   -0.0019675800
  -0.0194001000    0.0035377000   -0.0001318300
   0.0186611200    0.0035396200   -0.0001443900
  -0.0193035000    0.0002460500   -0.0048385000
   0.0012794400   -0.0154870300   -0.0141662400
  -0.0056360200    0.0305167100    0.0300825900
  -0.0016607600   -0.0065161100   -0.0054233300
   0.0686324700    0.0002959100    0.0691827900
  -0.0040809100    0.0137105800   -0.0012992700
  -0.0094929800    0.0003111500   -0.0038677800
   0.0011594500    0.0003744700    0.0095988000
  -0.0042100100    0.0003534700   -0.0013105900
  -0.0358028000    0.0002106600   -0.0359231500
  -0.0016298100    0.0039853400   -0.0054350000
# File: 23   
# 1       0.0000000000000000   0.0212132034355964   0.0212132034355964
# 10      0.0000000000000000   0.0212132034355964   0.0212132034355964
   0.0000081300   -0.0577037300   -0.0577037300
   0.0000491700    0.0213467800    0.0213467800
   0.0190225900    0.0005360800    0.0120192100
  -0.0190811700    0.0090028300    0.0006413600
   0.0190225900    0.0120192100    0.0005360800
  -0.0190811700    0.0006413600    0.0090028300
  -0.0000358200   -0.0167681900   -0.0167681900
   0.0003054500    0.0308978900    0.0308978900
  -0.0000114600    0.0081610700    0.0081610700
  -0.0000124800   -0.0685117600   -0.0685117600
  -0.0052597700    0.0125575500    0.0020334800
   0.0052543000    0.0019900800    0.0096560900
  -0.0052597700    0.0020334800    0.0125575500
   0.0052543000    0.0096560900    0.0019900800
  -0.0001829100    0.0365054600    0.0365054600
   0.0000080100   -0.0023642100   -0.0023642100
# File: 24   
# 1       0.0000000000000000   0.0212132034355964   0.0212132034355964
# 10      0.0000000000000000  -0.0212132034355964  -0.0212132034355964
  -0.0000786500   -0.0584612700   -0.0584612700
   0.0000280000    0.0239039900    0.0239039900
   0.0190771800   -0.0002187500   -0.0019658800
  -0.0190180700   -0.0047816000   -0.0000532000
   0.0190771800   -0.0019658800   -0.0002187500
  -0.0190180700   -0.0000532000   -0.0047816000
  -0.0000427700   -0.0142014900   -0.0142014900
  -0.0002342400    0.0301354200    0.0301354200
  -0.0000148700   -0.0106982200   -0.0106982200
  -0.0002786700    0.0692617900    0.0692617900
   0.0052589900    0.0042286600   -0.0012575500
  -0.0052534500   -0.0012994200    0.0013387500
   0.0052589900   -0.0012575500    0.0042286600
  -0.0052534500    0.0013387500   -0.0012994200
   0.0004728100   -0.0357563100   -0.0357563100
   0.0000191100   -0.0001749200   -0.0001749200
# File: 25   
# 1       0.0000000000000000   0.0212132034355964   0.0212132034355964
# 11      0.0212132034355964   0.0000000000000000   0.0212132034355964
   0.0003892200   -0.0580921600   -0.0576905400
   0.0002673500    0.0225782000    0.0312345400
   0.0177607700    0.0002710800    0.0022748200
  -0.0134091700    0.0035918500    0.0006184600
   0.0276740000    0.0035341000    0.0004986800
  -0.0203316100    0.0001895500    0.0022902000
   0.0003958000   -0.0154791500   -0.0098333800
   0.0002403700    0.0306874600    0.0307661900
   0.0093516700   -0.0012719400    0.0080933300
   0.0039763500   -0.0048904600    0.0020189800
  -0.0689126700    0.0084700200   -0.0685225600
   0.0016453300    0.0055978200    0.0096182800
   0.0016734300   -0.0048536400    0.0124633600
   0.0361290600    0.0053369700    0.0364760600
   0.0042157800    0.0056038300    0.0020442900
  -0.0010656800   -0.0012735200   -0.0023507100
# File: 26   
# 1       0.0000000000000000   0.0212132034355964   0.0212132034355964
# 11     -0.0212132034355964   0.0000000000000000  -0.0212132034355964
  -0.0003912400   -0.0581096700   -0.0584798200
  -0.0004092900    0.0226778200    0.0169334800
   0.0203469600    0.0002589600    0.0048615300
  -0.0276089200    0.0035455200   -0.0000249100
   0.0133456800    0.0036009400   -0.0001856400
  -0.0177771200    0.0001851500    0.0048451800
  -0.0002565000   -0.0154948400   -0.0240523400
  -0.0002447400    0.0304067200    0.0302769800
  -0.0093765100   -0.0012682800   -0.0106348900
  -0.0042681400    0.0056314700   -0.0012747500
   0.0689160100    0.0083067000    0.0693024300
  -0.0016448100   -0.0049122000    0.0013789200
  -0.0016734300    0.0056242700    0.0043222500
  -0.0361301900    0.0056781400   -0.0357813300
  -0.0039227500   -0.0048641800   -0.0012964700
   0.0010950000   -0.0012665200   -0.0001906300
# File: 27   
# 1       0.0000000000000000   0.0212132034355964   0.0212132034355964
# 11      0.0000000000000000   0.0212132034355964   0.0212132034355964
   0.0000000000   -0.0495091200   -0.0577565000
   0.0000000000    0.0228733300    0.0310763500
   0.0191249900   -0.0010574700    0.0022799900
  -0.0189365200    0.0039164000    0.0005622400
   0.0189365200    0.0039164000    0.0005622400
  -0.0191249900   -0.0010574700    0.0022799900
   0.0000000000   -0.0150960300   -0.0096309000
   0.0000000000    0.0390634700    0.0306877200
   0.0051987000    0.0003855900    0.0028597200
  -0.0054584300    0.0044991200    0.0020600700
   0.0000000000   -0.0633089500   -0.0684535100
   0.0000000000    0.0098165100    0.0148759600
   0.0000000000   -0.0007774500    0.0070353800
   0.0000000000    0.0414509700    0.0366414600
   0.0054584300    0.0044991200    0.0020600700
  -0.0051987000    0.0003855900    0.0028597200
# File: 28   
# 1       0.0000000000000000   0.0212132034355964   0.0212132034355964
# 11      0.0000000000000000  -0.0212132034355964  -0.0212132034355964
  -0.0000000000   -0.0698214900   -0.0582299300
  -0.0000000000    0.0222405200    0.0170793400
   0.0190622200    0.0015057600    0.0048547800
  -0.0192353500    0.0032195500   -0.0001077400
   0.0192353500    0.0032195500   -0.0001077400
  -0.0190622200    0.0015057600    0.0048547800
  -0.0000000000   -0.0157471100   -0.0242738200
  -0.0000000000    0.0248449100    0.0302044000
  -0.0052235900   -0.0029188400   -0.0054012300
   0.0051651200   -0.0037496500   -0.0013095700
  -0.0000000000    0.0803264100    0.0691949400
  -0.0000000000   -0.0091171300   -0.0038793900
  -0.0000000000    0.0015630700    0.0097616100
  -0.0000000000   -0.0304028200   -0.0359296200
  -0.0051651200   -0.0037496500   -0.0013095700
   0.0052235900   -0.0029188400   -0.0054012300
# File: 29   
# 1       0.0000000000000000   0.0212132034355964   0.0212132034355964
# 12      0.0212132034355964   0.0000000000000000   0.0212132034355964
   0.0002822100   -0.0579308700   -0.0526975200
   0.0003984800    0.0227508400    0.0229995600
   0.0245363000    0.0002265300    0.0040464100
  -0.0202961500    0.0036007800   -0.0010493500
   0.0177383400    0.0035406700   -0.0010533100
  -0.0110275000    0.0002461700    0.0038532300
   0.0004108100   -0.0156640700   -0.0150699700
   0.0005635500    0.0305264200    0.0360090500
   0.0041669600   -0.0065626000    0.0003716400
   0.0092634300    0.0003296100    0.0098287800
   0.0016471100    0.0136507900    0.0045074800
  -0.0688511700    0.0002794200   -0.0605049300
   0.0361396700    0.0002175300    0.0445164700
   0.0016241400    0.0003969600    0.0045884000
  -0.0008062300    0.0003591600   -0.0007114000
   0.0042100600    0.0040326500    0.0003654700
# File: 30   
# 1       0.0000000000000000   0.0212132034355964   0.0212132034355964
# 12     -0.0212132034355964   0.0000000000000000  -0.0212132034355964
  -0.0003915800   -0.0582257700   -0.0608152600
  -0.0004004800    0.0224293000    0.0222573600
   0.0106349800    0.0002239500    0.0032240300
  -0.0178128900    0.0036150200    0.0014986200
   0.0203674800    0.0035166300    0.0015015000
  -0.0241758400    0.0002087000    0.0031488600
  -0.0004091800   -0.0152342000   -0.0159048900
  -0.0004367000    0.0305081800    0.0220701000
  -0.0041940600    0.0040193200   -0.0029074600
  -0.0095554700    0.0004150400   -0.0090897400
  -0.0016437700    0.0031504800   -0.0037313600
   0.0688403200    0.0003899600    0.0717691400
  -0.0361194500    0.0005592400   -0.0276801400
  -0.0016206700    0.0106096200   -0.0038965700
   0.0010994800    0.0003842300    0.0014567200
  -0.0041821700   -0.0065697000   -0.0029009100
# File: 31   
# 1       0.0000000000000000   0.0212132034355964   0.0212132034355964
# 12      0.0000000000000000   0.0212132034355964   0.0212132034355964
   0.0000000000   -0.0576444800   -0.0527189800
   0.0000000000    0.0280624800    0.0231081200
   0.0191752000    0.0006415700    0.0039678600
  -0.0189895500    0.0022908800   -0.0010546600
   0.0189895500    0.0022908800   -0.0010546600
  -0.0191752000    0.0006415700    0.0039678600
   0.0000000000   -0.0074724300   -0.0151553300
   0.0000000000    0.0310943200    0.0358773600
  -0.0053184400    0.0029215900    0.0003689900
   0.0050576200    0.0019832200    0.0045694700
   0.0000000000    0.0178566300    0.0097748900
   0.0000000000   -0.0685613200   -0.0605787300
   0.0000000000    0.0363548300    0.0446757500
   0.0000000000    0.0046354400   -0.0006864100
  -0.0050576200    0.0019832200    0.0045694700
   0.0053184400    0.0029215900    0.0003689900
# File: 32   
# 1       0.0000000000000000   0.0212132034355964   0.0212132034355964
# 12      0.0000000000000000  -0.0212132034355964  -0.0212132034355964
   0.0000000000   -0.0586199900   -0.0607727600
   0.0000000000    0.0142588700    0.0222770700
   0.0188541600   -0.0001873300    0.0031678700
  -0.0190415200    0.0048433600    0.0015027400
   0.0190415200    0.0048433600    0.0015027400
  -0.0188541600   -0.0001873300    0.0031678700
   0.0000000000   -0.0205997700   -0.0159596000
   0.0000000000    0.0300691300    0.0221963100
   0.0052887100   -0.0054634700   -0.0029027300
  -0.0053445000   -0.0012326200   -0.0038205800
   0.0000000000   -0.0010650900   -0.0089893600
   0.0000000000    0.0692274100    0.0718005800
   0.0000000000   -0.0355585900   -0.0278333300
   0.0000000000    0.0063681500    0.0013864800
   0.0053445000   -0.0012326200   -0.0038205800
  -0.0052887100   -0.0054634700   -0.0029027300
# File: 33   
# 9       0.0000000000000000   0.0212132034355964   0.0212132034355964
# 1       0.0212132034355964   0.0000000000000000   0.0212132034355964
  -0.0580569500   -0.0012947700   -0.0593817900
   0.0001786400    0.0194343200    0.0039481500
   0.0226652200    0.0054716600    0.0230949200
   0.0035719400   -0.0187253200    0.0086258700
   0.0035684800    0.0195256700    0.0056989200
  -0.0154466500    0.0083965300   -0.0151525700
   0.0002570500   -0.0186820500    0.0039400900
   0.0304861200   -0.0012815200    0.0292416400
  -0.0012309500   -0.0688578400   -0.0701172100
   0.0083778000    0.0093629000    0.0097500800
   0.0056319600    0.0014878300    0.0045380100
  -0.0049523100    0.0041892500    0.0071334600
   0.0056044300    0.0041406300    0.0100441200
  -0.0048810500    0.0017922100    0.0045374200
   0.0054965900   -0.0011098800   -0.0007654600
  -0.0012703200    0.0361503900    0.0348643400
# File: 34   
# 9       0.0000000000000000   0.0212132034355964   0.0212132034355964
# 1      -0.0212132034355964   0.0000000000000000  -0.0212132034355964
   0.0581380300   -0.0012677800    0.0568216900
  -0.0002481200   -0.0186845500   -0.0031990900
  -0.0226631600    0.0055008900   -0.0222338400
  -0.0035720200    0.0193140700    0.0081839500
  -0.0035677200   -0.0186642500    0.0052790200
   0.0154473200    0.0084081900    0.0157421500
  -0.0001854200    0.0194303400   -0.0031918400
  -0.0305611200   -0.0012799000   -0.0318010400
   0.0012291600   -0.0689430600   -0.0676634500
  -0.0054912100    0.0094946300    0.0091503300
   0.0048826500    0.0015100700    0.0037896700
  -0.0056047000    0.0041348200   -0.0067387800
   0.0049530100    0.0041877600   -0.0038608700
  -0.0056307200    0.0017929100    0.0037887100
  -0.0083958400   -0.0010791300   -0.0014659600
   0.0012698400    0.0361450000    0.0373993600
# File: 35   
# 9       0.0000000000000000   0.0212132034355964   0.0212132034355964
# 1       0.0000000000000000   0.0212132034355964   0.0212132034355964
   0.0000128600   -0.0593628800   -0.0593628800
  -0.0000606300    0.0230006900    0.0230006900
   0.0190901900    0.0057037500    0.0039993900
  -0.0190105100    0.0038609000    0.0086365900
   0.0190901900    0.0039993900    0.0057037500
  -0.0190105100    0.0086365900    0.0038609000
   0.0000246800   -0.0151095800   -0.0151095800
  -0.0000392800    0.0292387000    0.0292387000
   0.0000650300   -0.0701496200   -0.0701496200
  -0.0001723500    0.0098002900    0.0098002900
   0.0052199300    0.0100445700    0.0045224100
  -0.0052923600    0.0045298600    0.0071434400
   0.0052199300    0.0045224100    0.0100445700
  -0.0052923600    0.0071434400    0.0045298600
   0.0001420700   -0.0007243800   -0.0007243800
   0.0000131100    0.0348658700    0.0348658700
# File: 36   
# 9       0.0000000000000000   0.0212132034355964   0.0212132034355964
# 1       0.0000000000000000  -0.0212132034355964  -0.0212132034355964
   0.0000657900    0.0568093700    0.0568093700
  -0.0000099800   -0.0222522300   -0.0222522300
  -0.0190919600    0.0052743900   -0.0031393400
   0.0190122700   -0.0032711800    0.0081735100
  -0.0190919600   -0.0031393400    0.0052743900
   0.0190122700    0.0081735100   -0.0032711800
   0.0000458000    0.0158625700    0.0158625700
  -0.0000391000   -0.0317985600   -0.0317985600
  -0.0000921600   -0.0676265200   -0.0676265200
  -0.0001251800    0.0090579200    0.0090579200
   0.0052948200   -0.0038648900    0.0038458000
  -0.0052190200    0.0037501400   -0.0067527000
   0.0052948200    0.0038458000   -0.0038648900
  -0.0052190200   -0.0067527000    0.0037501400
   0.0001487200   -0.0014646600   -0.0014646600
   0.0000138700    0.0373963800    0.0373963800
# File: 37   
# 9       0.0000000000000000   0.0212132034355964   0.0212132034355964
# 2       0.0212132034355964   0.0000000000000000   0.0212132034355964
   0.0002712800    0.0177566900    0.0022744600
  -0.0580873200    0.0003892500   -0.0576857700
   0.0035918600   -0.0134062300    0.0006187800
   0.0225747200    0.0002674500    0.0312297700
  -0.0154755500    0.0003957100   -0.0098301900
   0.0035341100    0.0276691100    0.0004990900
   0.0306843100    0.0002402900    0.0307636400
   0.0001897200   -0.0203285600    0.0022898900
   0.0084686800   -0.0689075200   -0.0685175100
  -0.0012706200    0.0093517300    0.0080932500
   0.0055986300    0.0016467600    0.0096145700
  -0.0048900100    0.0039761700    0.0020198200
   0.0056042300    0.0042144900    0.0020452400
  -0.0048541500    0.0016732300    0.0124608800
  -0.0012740400   -0.0010668900   -0.0023512300
   0.0053341600    0.0361283100    0.0364753200
# File: 38   
# 9       0.0000000000000000   0.0212132034355964   0.0212132034355964
# 2      -0.0212132034355964   0.0000000000000000  -0.0212132034355964
  -0.0001910600   -0.0203221800   -0.0048370800
   0.0580002400    0.0003488000    0.0584369200
  -0.0035919600    0.0243835600    0.0002395200
  -0.0225724300    0.0003233100   -0.0144266400
   0.0154845000    0.0004634900    0.0208062400
  -0.0035318800   -0.0108586300    0.0000919800
  -0.0306046700    0.0005143200   -0.0300074100
  -0.0002667200    0.0177667600   -0.0048556500
  -0.0055497400   -0.0688475400   -0.0691905000
   0.0012631400    0.0094800100    0.0107644900
   0.0048694500    0.0016436900   -0.0041917400
  -0.0056247100    0.0040535500    0.0012758000
   0.0049102800    0.0043939500    0.0012452400
  -0.0056195700    0.0016235000   -0.0012535700
   0.0012724700   -0.0010967900    0.0001626400
  -0.0082473300    0.0361301900    0.0357397500
# File: 39   
# 9       0.0000000000000000   0.0212132034355964   0.0212132034355964
# 2       0.0000000000000000   0.0212132034355964   0.0212132034355964
   0.0000495600    0.0213473700    0.0213473700
   0.0000078400   -0.0577043700   -0.0577043700
  -0.0190817200    0.0090026900    0.0006413700
   0.0190231400    0.0005362500    0.0120193900
  -0.0190817200    0.0006413700    0.0090026900
   0.0190231400    0.0120193900    0.0005362500
   0.0003053600    0.0308982200    0.0308982200
  -0.0000356500   -0.0167690300   -0.0167690300
  -0.0000111800   -0.0685116500   -0.0685116500
  -0.0000136300    0.0081589700    0.0081589700
   0.0052543600    0.0019894500    0.0096565200
  -0.0052598600    0.0125586500    0.0020344500
   0.0052543600    0.0096565200    0.0019894500
  -0.0052598600    0.0020344500    0.0125586500
   0.0000082800   -0.0023638900   -0.0023638900
  -0.0001824100    0.0365056300    0.0365056300
# File: 40   
# 9       0.0000000000000000   0.0212132034355964   0.0212132034355964
# 2       0.0000000000000000  -0.0212132034355964  -0.0212132034355964
   0.0000291900   -0.0239056000   -0.0239056000
  -0.0000788200    0.0584625500    0.0584625500
   0.0190785600    0.0019659300    0.0002184400
  -0.0190198100    0.0000533400    0.0047810300
   0.0190785600    0.0002184400    0.0019659300
  -0.0190198100    0.0047810300    0.0000533400
  -0.0002343600   -0.0301371700   -0.0301371700
  -0.0000426900    0.0142028200    0.0142028200
  -0.0002790500   -0.0692609000   -0.0692609000
  -0.0000208400    0.0106983300    0.0106983300
   0.0052605500    0.0012559200   -0.0042267000
  -0.0052517300   -0.0013398000    0.0013011300
   0.0052605500   -0.0042267000    0.0012559200
  -0.0052517300    0.0013011300   -0.0013398000
   0.0000189000    0.0001746600    0.0001746600
   0.0004725200    0.0357559900    0.0357559900
# File: 41   
# 9       0.0000000000000000   0.0212132034355964   0.0212132034355964
# 3       0.0212132034355964   0.0000000000000000   0.0212132034355964
   0.0227039900   -0.0012774900    0.0213814100
   0.0035326100   -0.0187078700    0.0005867800
  -0.0582206000    0.0055240600   -0.0577850100
   0.0002251500    0.0193437600    0.0120184300
   0.0002088600   -0.0186717200    0.0090605000
   0.0305173400    0.0085437000    0.0308135000
   0.0036623800    0.0194457600    0.0005960900
  -0.0155645600   -0.0012795500   -0.0168076800
   0.0004272500   -0.0689726200   -0.0684569600
   0.0003775400    0.0095079500    0.0148697500
   0.0039750800    0.0016334100    0.0028807600
   0.0030876400    0.0040829300    0.0020754100
   0.0106561200    0.0042130600    0.0020022200
  -0.0065244800    0.0016580900    0.0028931500
   0.0004001600   -0.0011465600    0.0072002200
   0.0005355200    0.0361031000    0.0366714200
# File: 42   
# 9       0.0000000000000000   0.0212132034355964   0.0212132034355964
# 3      -0.0212132034355964   0.0000000000000000  -0.0212132034355964
  -0.0226233800   -0.0012859700   -0.0239458500
  -0.0036054500    0.0194582600    0.0001622400
   0.0582238300    0.0054549600    0.0586557000
  -0.0002251500   -0.0187536900    0.0047852900
  -0.0002077900    0.0195334300    0.0019051400
  -0.0305155500    0.0082827300   -0.0302172300
  -0.0035875900   -0.0186965100    0.0001518300
   0.0154878800   -0.0012825100    0.0142450000
  -0.0004307700   -0.0690632100   -0.0693175000
  -0.0004323900    0.0093446700    0.0010887100
   0.0065396200    0.0016280300    0.0054470800
  -0.0107047800    0.0042357400    0.0012650800
  -0.0030357600    0.0041085800    0.0012419800
  -0.0039875900    0.0016630500    0.0054331400
  -0.0003561200   -0.0010496800   -0.0064962200
  -0.0005390100    0.0364221200    0.0355956000
# File: 43   
# 9       0.0000000000000000   0.0212132034355964   0.0212132034355964
# 3       0.0000000000000000   0.0212132034355964   0.0212132034355964
   0.0191238500   -0.0010570300    0.0022803100
  -0.0189346500    0.0039161100    0.0005618500
   0.0000000000   -0.0495064300   -0.0577556100
   0.0000000000    0.0228718200    0.0310749500
   0.0000000000   -0.0150946800   -0.0096284000
   0.0000000000    0.0390615800    0.0306850200
   0.0189346500    0.0039161100    0.0005618500
  -0.0191238500   -0.0010570300    0.0022803100
   0.0000000000   -0.0633118000   -0.0684591800
   0.0000000000    0.0098153700    0.0148786400
   0.0051990200    0.0003842700    0.0028603000
  -0.0054583200    0.0044999700    0.0020587300
   0.0054583200    0.0044999700    0.0020587300
  -0.0051990200    0.0003842700    0.0028603000
   0.0000000000   -0.0007760400    0.0070398700
   0.0000000000    0.0414535400    0.0366423300
# File: 44   
# 9       0.0000000000000000   0.0212132034355964   0.0212132034355964
# 3       0.0000000000000000  -0.0212132034355964  -0.0212132034355964
  -0.0190394700   -0.0015023800   -0.0048430900
   0.0188524900   -0.0031679200    0.0001875200
   0.0000000000    0.0607712000    0.0586180200
   0.0000000000   -0.0222746900   -0.0142569200
   0.0000000000    0.0159575200    0.0205980100
   0.0000000000   -0.0221934100   -0.0300667400
  -0.0188524900   -0.0031679200    0.0001875200
   0.0190394700   -0.0015023800   -0.0048430900
   0.0000000000   -0.0718034400   -0.0692296400
   0.0000000000    0.0089897900    0.0010638200
   0.0052904600    0.0029028100    0.0054637300
  -0.0053444100    0.0038215500    0.0012321600
   0.0053444100    0.0038215500    0.0012321600
  -0.0052904600    0.0029028100    0.0054637300
   0.0000000000   -0.0013867200   -0.0063680200
   0.0000000000    0.0278316200    0.0355607900
# File: 45   
# 9       0.0000000000000000   0.0212132034355964   0.0212132034355964
# 4       0.0212132034355964   0.0000000000000000   0.0212132034355964
   0.0036007100   -0.0202959900   -0.0010494100
   0.0227511600    0.0003984100    0.0229995300
   0.0002264700    0.0245367300    0.0040463900
  -0.0579308700    0.0002823100   -0.0526976900
   0.0305263200    0.0005634100    0.0360092100
   0.0002459800   -0.0110274700    0.0038532900
  -0.0156642600    0.0004106900   -0.0150698800
   0.0035407000    0.0177384800   -0.0010533000
   0.0002796100   -0.0688517700   -0.0605057500
   0.0003289500    0.0092638200    0.0098288600
   0.0136517000    0.0016454900    0.0045070900
  -0.0065627900    0.0041674900    0.0003729500
   0.0040329600    0.0042103600    0.0003644800
   0.0003964800    0.0016252200    0.0045887700
   0.0003601300   -0.0008067300   -0.0007117100
   0.0002167600    0.0361395500    0.0445171600
# File: 46   
# 9       0.0000000000000000   0.0212132034355964   0.0212132034355964
# 4      -0.0212132034355964   0.0000000000000000  -0.0212132034355964
  -0.0035227500    0.0177294100   -0.0015117000
  -0.0228111300    0.0003514000   -0.0222489300
  -0.0002238600   -0.0135505400   -0.0031866900
   0.0579305700    0.0002944600    0.0698291300
  -0.0305064600    0.0003026300   -0.0249849100
  -0.0002465400    0.0278315200   -0.0032665200
   0.0157321100    0.0003373700    0.0158160900
  -0.0036163600   -0.0202974800   -0.0015073200
  -0.0002934600   -0.0689078000   -0.0804432300
  -0.0003376400    0.0092986400    0.0090262200
  -0.0002546900    0.0016419500    0.0038570000
  -0.0039520200    0.0041300200    0.0029194700
   0.0064806400    0.0041452200    0.0029219700
  -0.0138313100    0.0016724000    0.0036841700
  -0.0003586500   -0.0010991700   -0.0014808900
  -0.0001884500    0.0361199600    0.0305761300
# File: 47   
# 9       0.0000000000000000   0.0212132034355964   0.0212132034355964
# 4       0.0000000000000000   0.0212132034355964   0.0212132034355964
  -0.0189867300    0.0022913500   -0.0010544800
   0.0191727800    0.0006413000    0.0039675900
  -0.0000000000    0.0280607600    0.0231048700
  -0.0000000000   -0.0576419600   -0.0527161600
  -0.0000000000    0.0310904700    0.0358745900
  -0.0000000000   -0.0074689500   -0.0151528600
  -0.0191727800    0.0006413000    0.0039675900
   0.0189867300    0.0022913500   -0.0010544800
  -0.0000000000   -0.0685667300   -0.0605811900
  -0.0000000000    0.0178581700    0.0097741100
   0.0050577200    0.0019821600    0.0045700900
  -0.0053181300    0.0029221500    0.0003678600
   0.0053181300    0.0029221500    0.0003678600
  -0.0050577200    0.0019821600    0.0045700900
  -0.0000000000    0.0046391100   -0.0006844600
  -0.0000000000    0.0363552000    0.0446789700
# File: 48   
# 9       0.0000000000000000   0.0212132034355964   0.0212132034355964
# 4       0.0000000000000000  -0.0212132034355964  -0.0212132034355964
   0.0190603300   -0.0048537200   -0.0015048900
  -0.0192328100    0.0001082200   -0.0032192600
   0.0000000000   -0.0170750600   -0.0222379000
   0.0000000000    0.0582287900    0.0698205800
   0.0000000000   -0.0302006500   -0.0248404100
   0.0000000000    0.0242727700    0.0157453500
   0.0192328100    0.0001082200   -0.0032192600
  -0.0190603300   -0.0048537200   -0.0015048900
   0.0000000000   -0.0691995300   -0.0803345200
   0.0000000000    0.0038759400    0.0091165900
   0.0051652600    0.0013090500    0.0037508700
  -0.0052230600    0.0054023600    0.0029185000
   0.0052230600    0.0054023600    0.0029185000
  -0.0051652600    0.0013090500    0.0037508700
   0.0000000000   -0.0097629700   -0.0015613800
   0.0000000000    0.0359289100    0.0304012600
# File: 49   
# 9       0.0000000000000000   0.0212132034355964   0.0212132034355964
# 9       0.0212132034355964   0.0000000000000000   0.0212132034355964
  -0.0011988400   -0.0011988400   -0.0025153300
   0.0054077600    0.0004308000    0.0008635800
   0.0004308000    0.0054077600    0.0008635800
   0.0001920600    0.0001920600    0.0199616400
   0.0004655900    0.0004655900    0.0083576200
   0.0002994100    0.0084573000    0.0005953700
   0.0084573000    0.0002994100    0.0005953700
  -0.0013572400   -0.0013572400   -0.0025970300
  -0.0687416400   -0.0687416400   -0.1382116300
   0.0016341000    0.0146934400    0.0135990000
   0.0146934400    0.0016341000    0.0135990000
  -0.0010922600   -0.0010922600    0.0032832300
   0.0094183300    0.0094183300    0.0032763800
  -0.0063432400    0.0016423000    0.0030602200
   0.0016423000   -0.0063432400    0.0030602200
   0.0360921400    0.0360921400    0.0722087800
# File: 50   
# 9       0.0000000000000000   0.0212132034355964   0.0212132034355964
# 9      -0.0212132034355964   0.0000000000000000  -0.0212132034355964
   0.0012828200   -0.0012828200   -0.0000399600
  -0.0083957200    0.0002954400    0.0000000000
  -0.0004292600    0.0054931800    0.0000000000
  -0.0003744100    0.0003744100    0.0000286500
  -0.0003744100    0.0003744100   -0.0000286500
  -0.0002954400    0.0083957200    0.0000000000
  -0.0054931800    0.0004292600    0.0000000000
   0.0012828200   -0.0012828200    0.0000399600
   0.0688845600   -0.0688845600    0.0000000000
  -0.0016499300    0.0041620800    0.0052567900
  -0.0041620800    0.0016499300   -0.0052567900
  -0.0094256300    0.0094256300    0.0000000000
   0.0010956600   -0.0010956600    0.0000000000
  -0.0041620800    0.0016499300    0.0052567900
  -0.0016499300    0.0041620800   -0.0052567900
  -0.0361338200    0.0361338200    0.0000000000
# File: 51   
# 9       0.0000000000000000   0.0212132034355964   0.0212132034355964
# 10      0.0212132034355964   0.0000000000000000   0.0212132034355964
   0.0054607600   -0.0012911200   -0.0008658400
  -0.0013813500    0.0004178700   -0.0009073300
   0.0003362300    0.0055085500    0.0087779200
   0.0003380700    0.0001921500    0.0088042100
   0.0004114600    0.0005457500    0.0058257900
   0.0003921000    0.0083903000    0.0058439200
  -0.0011810300    0.0003334700   -0.0009076200
   0.0084300100   -0.0012711000   -0.0009750400
   0.0016443200   -0.0636247200   -0.0647117800
  -0.0688894700    0.0094131500   -0.0594668500
   0.0094185800   -0.0036109000    0.0058118900
   0.0041717200    0.0041570800    0.0110773300
   0.0041613200    0.0041617700    0.0005510600
  -0.0010933900    0.0069042800    0.0058087200
   0.0361337800   -0.0011031600    0.0350347000
   0.0016469000    0.0308766300    0.0402989200
# File: 52   
# 9       0.0000000000000000   0.0212132034355964   0.0212132034355964
# 10     -0.0212132034355964   0.0000000000000000  -0.0212132034355964
  -0.0082958900   -0.0012724100   -0.0015632300
   0.0013136800    0.0004093800    0.0016572800
  -0.0004681100    0.0054783400   -0.0049973200
  -0.0003399300    0.0003242200    0.0079931900
  -0.0004089000    0.0003824300    0.0051484700
  -0.0002535800    0.0084199800   -0.0081663100
   0.0012457300    0.0003366500    0.0016526100
  -0.0055893100   -0.0012874100   -0.0017241600
  -0.0016396200   -0.0741538200   -0.0730534900
   0.0688753400    0.0094509600    0.0783176200
   0.0010936600    0.0068996600    0.0025172700
  -0.0146877700    0.0041671300   -0.0077823700
   0.0063501000    0.0041660100    0.0027390200
  -0.0094212200   -0.0036127600    0.0025167600
  -0.0361316000   -0.0010861200   -0.0372263700
  -0.0016425800    0.0413777700    0.0319710100
# File: 53   
# 9       0.0000000000000000   0.0212132034355964   0.0212132034355964
# 11      0.0000000000000000   0.0212132034355964   0.0212132034355964
   0.0000349000    0.0041939200   -0.0008567800
  -0.0000850900    0.0006594800    0.0087866300
   0.0000349000    0.0041939200   -0.0008567800
  -0.0000850900    0.0006594800    0.0087866300
   0.0000880400    0.0008203400    0.0058523300
  -0.0000346900    0.0071439700   -0.0009812000
   0.0000880400    0.0008203400    0.0058523300
  -0.0000346900    0.0071439700   -0.0009812000
   0.0052577800   -0.0672460700   -0.0647197000
  -0.0052599500    0.0135891700    0.0110763700
   0.0052577800   -0.0672460700   -0.0647197000
  -0.0052599500    0.0135891700    0.0110763700
   0.0052585200    0.0030657000    0.0005491700
  -0.0052595000    0.0377734800    0.0402931900
   0.0052585200    0.0030657000    0.0005491700
  -0.0052595000    0.0377734800    0.0402931900
# File: 54   
# 9       0.0000000000000000   0.0212132034355964   0.0212132034355964
# 11      0.0000000000000000  -0.0212132034355964  -0.0212132034355964
   0.0000446600   -0.0096693800   -0.0015718900
   0.0000125800   -0.0000409100   -0.0051145300
   0.0000446100    0.0067824500    0.0017161500
   0.0000142900   -0.0000668200    0.0080170400
  -0.0000125800    0.0000409100    0.0051145300
  -0.0000446600    0.0096693800    0.0015718900
  -0.0000142900    0.0000668200   -0.0080170400
  -0.0000446100   -0.0067824500   -0.0017161500
  -0.0052585200   -0.0705274200   -0.0730417500
   0.0052528200    0.0052682700    0.0077814000
   0.0052585200    0.0705274200    0.0730417500
  -0.0052528200   -0.0052682700   -0.0077814000
   0.0052581000    0.0052594500    0.0027411900
  -0.0052585400   -0.0344877900   -0.0319784300
  -0.0052581000   -0.0052594500   -0.0027411900
   0.0052585400    0.0344877900    0.0319784300
# File: 55   
# 9       0.0000000000000000   0.0212132034355964   0.0212132034355964
# 11      0.0212132034355964   0.0000000000000000   0.0212132034355964
   0.0004171600   -0.0013805200   -0.0009051800
   0.0001924700    0.0003357200    0.0088034300
  -0.0012935300    0.0054615900   -0.0008650900
   0.0055094600    0.0003356700    0.0087770200
   0.0083888300    0.0003926800    0.0058444700
  -0.0012690100    0.0084291100   -0.0009758100
   0.0005453000    0.0004138500    0.0058265700
   0.0003341400   -0.0011818600   -0.0009098600
   0.0094133300   -0.0688892900   -0.0594661800
   0.0041574400    0.0041717700    0.0110771300
  -0.0636239900    0.0016445100   -0.0647112900
  -0.0036107100    0.0094184000    0.0058119400
   0.0069042400   -0.0010933100    0.0058086900
   0.0308763400    0.0016467200    0.0402988300
   0.0041615400    0.0041614100    0.0005510200
  -0.0011030200    0.0361335400    0.0350342900
# File: 56   
# 9       0.0000000000000000   0.0212132034355964   0.0212132034355964
# 11     -0.0212132034355964   0.0000000000000000  -0.0212132034355964
  -0.0003339500   -0.0012552200   -0.0016575200
  -0.0003803600    0.0004139000   -0.0051393700
   0.0012922500    0.0055917100    0.0017211200
  -0.0084299800    0.0002561300    0.0081642200
  -0.0054692400    0.0004655500    0.0049994900
   0.0012671900    0.0082934200    0.0015658000
  -0.0003265900    0.0003350100   -0.0080027700
  -0.0004122200   -0.0013041900   -0.0016524500
  -0.0094511900   -0.0688762700   -0.0783189300
  -0.0041679700    0.0146879800    0.0077829600
   0.0741567400    0.0016389300    0.0730562300
  -0.0068995600   -0.0010931200   -0.0025178700
   0.0036136100    0.0094219700   -0.0025178500
  -0.0413780800    0.0016424900   -0.0319704800
  -0.0041662700   -0.0063500400   -0.0027387200
   0.0010856000    0.0361317500    0.0372261400
# File: 57   
# 9       0.0000000000000000   0.0212132034355964   0.0212132034355964
# 11      0.0212132034355964   0.0212132034355964   0.0000000000000000
   0.0004621200    0.0041799300   -0.0012824400
   0.0003395000    0.0007504300    0.0004079200
  -0.0012824400    0.0041799300    0.0004621200
   0.0055856100    0.0007280600    0.0083177700
   0.0083177700    0.0007280600    0.0055856100
  -0.0012768300    0.0071621000    0.0002629200
   0.0004079200    0.0007504300    0.0003395000
   0.0002629200    0.0071621000   -0.0012768300
   0.0041661900   -0.0672561200   -0.0636392900
  -0.0010970000    0.0083362900    0.0094321300
  -0.0636392900   -0.0672561200    0.0041661900
  -0.0036152900    0.0083289900    0.0069020400
   0.0069020400    0.0083289900   -0.0036152900
   0.0308670100    0.0377703200    0.0041676500
   0.0094321300    0.0083362900   -0.0010970000
   0.0041676500    0.0377703200    0.0308670100
# File: 58   
# 9       0.0000000000000000   0.0212132034355964   0.0212132034355964
# 11     -0.0212132034355964  -0.0212132034355964   0.0000000000000000
  -0.0002478100   -0.0096524800   -0.0012789000
  -0.0004107400    0.0000000000    0.0004107400
   0.0012845500    0.0067990700    0.0004758700
  -0.0084984600    0.0000000000    0.0084984600
  -0.0053948400    0.0000000000    0.0053948400
   0.0012789000    0.0096524800    0.0002478100
  -0.0003343200    0.0000000000    0.0003343200
  -0.0004758700   -0.0067990700   -0.0012845500
  -0.0041623100   -0.0705256700   -0.0741387400
   0.0010914600    0.0105223200    0.0094280500
   0.0741387400    0.0705256700    0.0041623100
  -0.0069020000   -0.0000019000   -0.0036091800
   0.0036091800    0.0000019000    0.0069020000
  -0.0413869300   -0.0344859700    0.0041615100
  -0.0094280500   -0.0105223200   -0.0010914600
  -0.0041615100    0.0344859700    0.0413869300
# File: 59   
# 9       0.0000000000000000   0.0212132034355964   0.0212132034355964
# 15      0.0212132034355964   0.0000000000000000   0.0212132034355964
   0.0084293500   -0.0012874400   -0.0009891600
  -0.0013007800    0.0003329700   -0.0009059600
   0.0004426400    0.0053488800    0.0058151900
   0.0003577100    0.0003900400    0.0087852600
   0.0003918300    0.0003417600    0.0058482900
   0.0002826000    0.0085512800    0.0088063800
  -0.0012622500    0.0004175800   -0.0009091500
   0.0054591800   -0.0012755100   -0.0008514500
   0.0016474100   -0.0741433600   -0.0647248000
   0.0361300600    0.0094257800    0.0455588200
   0.0094201900    0.0069027000    0.0058095900
  -0.0063510500    0.0041619800    0.0005539500
   0.0146865000    0.0041602900    0.0110756100
  -0.0010944800   -0.0036096400    0.0058106700
  -0.0688845300   -0.0011065800   -0.0699812300
   0.0016456300    0.0413892700    0.0402980000
# File: 60   
# 9       0.0000000000000000   0.0212132034355964   0.0212132034355964
# 15     -0.0212132034355964   0.0000000000000000  -0.0212132034355964
  -0.0054342700   -0.0012846000   -0.0017086100
   0.0012326500    0.0003360300    0.0016645900
  -0.0003078700    0.0056363700   -0.0078724600
  -0.0003674900    0.0002668100    0.0080111200
  -0.0003804500    0.0004409000    0.0051232400
  -0.0004159600    0.0082582100   -0.0052984100
   0.0013284100    0.0004104800    0.0016468100
  -0.0084566500   -0.0012755400   -0.0015784100
  -0.0016442600   -0.0636367700   -0.0730410000
  -0.0361351500    0.0094429700   -0.0267021600
   0.0010928700   -0.0036143100    0.0025188400
  -0.0041634700    0.0041638900    0.0027421700
  -0.0041735000    0.0041691800   -0.0077854400
  -0.0094207600    0.0069008600    0.0025151300
   0.0688875100   -0.0010819200    0.0677935800
  -0.0016416100    0.0308674500    0.0319710300
# File: 61   
# 9       0.0000000000000000   0.0212132034355964   0.0212132034355964
# 16      0.0212132034355964   0.0000000000000000   0.0212132034355964
  -0.0012348400   -0.0013213400   -0.0025567800
   0.0083850200    0.0002109100    0.0005133900
   0.0005389400    0.0055398100    0.0009685500
   0.0002672700    0.0004681200    0.0139345300
   0.0004681200    0.0002672700    0.0139345300
   0.0002109100    0.0083850200    0.0005133900
   0.0055398100    0.0005389400    0.0009685500
  -0.0013213400   -0.0012348400   -0.0025567800
   0.0360984000   -0.0689156300   -0.0328024100
   0.0016369800    0.0041814600    0.0135961600
   0.0041691700    0.0016391400    0.0030658700
  -0.0010904100    0.0094270100    0.0032806900
   0.0094270100   -0.0010904100    0.0032806900
   0.0041814600    0.0016369800    0.0135961600
   0.0016391400    0.0041691700    0.0030658700
  -0.0689156300    0.0360984000   -0.0328024100
# File: 62   
# 9       0.0000000000000000   0.0212132034355964   0.0212132034355964
# 16     -0.0212132034355964   0.0000000000000000  -0.0212132034355964
   0.0013230300   -0.0013230300    0.0000000000
  -0.0055207600    0.0005396900    0.0001082700
  -0.0005396900    0.0055207600   -0.0001082700
  -0.0001271700    0.0001271700    0.0000000000
  -0.0005898400    0.0005898400    0.0000000000
  -0.0002113900    0.0083659200    0.0000858300
  -0.0083659200    0.0002113900   -0.0000858300
   0.0012433800   -0.0012433800    0.0000000000
  -0.0361284700   -0.0688747000   -0.1050116600
  -0.0016521000    0.0146834200    0.0052666900
   0.0063524100    0.0016468400    0.0052620600
  -0.0094245300   -0.0010966200    0.0000019200
   0.0010966200    0.0094245300   -0.0000019200
  -0.0146834200    0.0016521000   -0.0052666900
  -0.0016468400   -0.0063524100   -0.0052620600
   0.0688747000    0.0361284700    0.1050116600
