# File: 1    
# 1       0.0000000000000000   0.0212132034355964   0.0212132034355964
   0.0000000000   -0.0580857000   -0.0580857000
   0.0000000000    0.0226305900    0.0226305900
   0.0190551400    0.0002272900    0.0035689100
  -0.0190551400    0.0035689100    0.0002272900
   0.0190551400    0.0035689100    0.0002272900
  -0.0190551400    0.0002272900    0.0035689100
  -0.0000000000   -0.0154878800   -0.0154878800
   0.0000000000    0.0305256600    0.0305256600
  -0.0000136700   -0.0012718300   -0.0012718300
  -0.0001456600    0.0003721200    0.0003721200
   0.0000000000    0.0083948400    0.0003872000
   0.0000000000    0.0003443700    0.0054979400
   0.0000000000    0.0003872000    0.0083948400
   0.0000000000    0.0054979400    0.0003443700
   0.0001456600    0.0003721200    0.0003721200
   0.0000136700   -0.0012718300   -0.0012718300
# File: 2    
# 9       0.0000000000000000   0.0212132034355964   0.0212132034355964
   0.0000365400   -0.0012830700   -0.0012830700
  -0.0000403500    0.0003742700    0.0003742700
   0.0000000000    0.0054817000    0.0004320900
   0.0000000000    0.0002921400    0.0084069400
   0.0000000000    0.0004320900    0.0054817000
   0.0000000000    0.0084069400    0.0002921400
   0.0000403500    0.0003742700    0.0003742700
  -0.0000365400   -0.0012830700   -0.0012830700
   0.0000000000   -0.0688805600   -0.0688805600
  -0.0000000000    0.0094279600    0.0094279600
   0.0052568900    0.0016480300    0.0041617300
  -0.0052568900    0.0041617300    0.0016480300
   0.0052568900    0.0041617300    0.0016480300
  -0.0052568900    0.0016480300    0.0041617300
   0.0000000000   -0.0010958800   -0.0010958800
   0.0000000000    0.0361337000    0.0361337000
