48   
41   

1    
  0.0055074840131907   0.0083467131162180  -0.0000000018866352
  -0.2924452100   -0.4596261500   -0.0226994200
   0.0009022200   -0.0000147500   -0.0004436100
   0.0009057900   -0.0000080400    0.0004781100
  -0.0009139300   -0.0000328300   -0.0005030000
   0.0557573600    0.0711050600   -0.0195509400
   0.0005308500   -0.0000177100   -0.0007165200
   0.0005822500   -0.0000244400    0.0007272700
  -0.0005485300   -0.0000463100   -0.0006775900
  -0.0146828900   -0.0052189200    0.0241359000
   0.0005976600    0.0002299900   -0.0003440100
   0.0005480600    0.0002096200    0.0003839700
  -0.0005106800   -0.0001583100   -0.0003627400
   0.0005903600   -0.0002710500   -0.0003502300
   0.0076964500   -0.0005484900   -0.0164932900
  -0.0005317700    0.0002200500   -0.0003221700
   0.0005123900   -0.0002384700    0.0003943700
   0.0059151400    0.0002384300   -0.0174589500
   0.0004289700   -0.0000272900   -0.0006858700
   0.0004204900   -0.0000376100    0.0006901600
  -0.0004899000    0.0000184400   -0.0006728500
  -0.0217793200    0.1469040600   -0.0603717200
   0.0009588900   -0.0001548400   -0.0003133700
   0.0009382000   -0.0001516100    0.0003426500
  -0.0009341800    0.0001440300   -0.0003433600
   0.0009350000    0.0000997700   -0.0003290600
   0.0908322600    0.2100247100    0.0928978700
  -0.0009190400   -0.0001577400   -0.0003359400
   0.0009348900    0.0001011700    0.0003513200
   0.1617387300    0.0336309000    0.0221205600
   0.0006427700   -0.0000100400   -0.0001765100
   0.0006502200   -0.0000174100    0.0002044900
  -0.0006239700   -0.0000258300   -0.0001853100
   0.0000685500    0.0002600700    0.0003341800
   0.0001201200   -0.0002683500    0.0000172900
   0.0000837000   -0.0001495700   -0.0005692900
  -0.0002547900    0.0001376200    0.0003461700
  -0.0000930500    0.0000748700    0.0003772500
   0.0001020600    0.0000710000   -0.0002786400
   0.0000802900    0.0009685000   -0.0001261700
   0.0000961500   -0.0001481300   -0.0002389200
  -0.0000919200    0.0001266300   -0.0002742200
   0.0001643500   -0.0000502100    0.0003207300
   0.0005088000   -0.0004405800   -0.0003812000
   0.0009549800    0.0020532300    0.0009882800
   0.0000060500    0.0002052100    0.0003579100
  -0.0000683100   -0.0000992300   -0.0003245300
  -0.0007724800    0.0004245700    0.0000965200
   0.0004559700    0.0006960100   -0.0000355900

1    
 -0.0055074840131907  -0.0083467131162180   0.0000000018866352
   0.2923954400    0.4704167300    0.0335894300
   0.0009094500   -0.0000153600   -0.0005024200
   0.0009031700   -0.0000178400    0.0005074100
  -0.0008868600   -0.0000064800   -0.0004399300
  -0.0572020500   -0.0717396500    0.0208339700
   0.0006168800   -0.0000134700   -0.0006641600
   0.0005688700   -0.0000144200    0.0006963300
  -0.0005931400    0.0000258600   -0.0007076200
   0.0137109600    0.0048052100   -0.0234747200
   0.0004818800    0.0001916500   -0.0003952900
   0.0005316000    0.0002134600    0.0003939500
  -0.0005653300   -0.0003308200   -0.0003734600
   0.0004863900   -0.0002106200   -0.0003890800
  -0.0087479300    0.0009953400    0.0175156100
  -0.0005387500    0.0001948300   -0.0004193100
   0.0005601700   -0.0002376200    0.0003880800
  -0.0068685300   -0.0001542900    0.0190627600
   0.0004078100   -0.0000055300   -0.0006885700
   0.0004176300    0.0000046100    0.0007258800
  -0.0003499400   -0.0000487200   -0.0007017200
   0.0174303500   -0.1449401600    0.0584910900
   0.0009154100   -0.0001050900   -0.0003332400
   0.0009376500   -0.0001122800    0.0003420000
  -0.0009373400    0.0000549700   -0.0003010600
   0.0009373200    0.0000976000   -0.0003164500
  -0.0956159400   -0.2206525500   -0.0999486900
  -0.0009480100   -0.0000974500   -0.0003110100
   0.0009357700    0.0000935400    0.0003369400
  -0.1590181200   -0.0357197700   -0.0215177600
   0.0006521300   -0.0000197900   -0.0001896700
   0.0006440200   -0.0000118200    0.0001999000
  -0.0006677000   -0.0000069500   -0.0001779100
  -0.0000488300   -0.0002821000   -0.0003417100
  -0.0001367600    0.0002520800   -0.0000196500
  -0.0000939400    0.0001171200    0.0005857100
   0.0002680700   -0.0001889600   -0.0003487400
  -0.0001398000   -0.0000930800    0.0002783300
   0.0001406500   -0.0001001900   -0.0003505600
   0.0000220500    0.0007536200   -0.0000786200
  -0.0003380500    0.0001141700   -0.0003891700
  -0.0001385900    0.0000750500   -0.0003576800
   0.0000793100   -0.0002201300    0.0003621400
  -0.0002845400    0.0001711000   -0.0002589700
  -0.0011906200   -0.0018312000   -0.0002965400
   0.0002357100    0.0000021600    0.0003182800
  -0.0001679900   -0.0001728700   -0.0003098600
   0.0005404200   -0.0007166500    0.0005966500
  -0.0002503100   -0.0005132500   -0.0006209000

1    
 -0.0000000002243064  -0.0000000021128815   0.0099999999999998
  -0.0462828500   -0.0000192900   -0.4513641300
   0.0009523300   -0.0000177800   -0.0005166400
   0.0009353900   -0.0000155600    0.0005790200
  -0.0008431900   -0.0000223800   -0.0004356800
  -0.0390364800   -0.0000154400    0.1707523400
   0.0006408600   -0.0000177300   -0.0006337500
   0.0005866000   -0.0000206400    0.0006474200
  -0.0005456600   -0.0000136800   -0.0007066700
  -0.0075516800    0.0030045700    0.0211402700
   0.0004675000    0.0001222200   -0.0003864000
   0.0005412000    0.0001333900    0.0004052000
  -0.0005781300   -0.0002479400   -0.0003224100
   0.0004662700   -0.0001590800   -0.0003862400
  -0.0075493900   -0.0030437500    0.0211401700
  -0.0005753100    0.0002067100   -0.0003246300
   0.0005391500   -0.0001680700    0.0004069200
  -0.0069365800   -0.0000178500   -0.0010627100
   0.0003678100   -0.0000196200   -0.0006989000
   0.0004033800   -0.0000193300    0.0007647300
  -0.0005244000   -0.0000173400   -0.0006382900
   0.0385722900   -0.1018099800    0.0974929200
   0.0009054200   -0.0001092100   -0.0003310000
   0.0009344800   -0.0001015300    0.0003431800
  -0.0009307300    0.0001212800   -0.0003467400
   0.0009039200    0.0000717700   -0.0003306600
   0.0385737900    0.1017735200    0.0974924100
  -0.0009281900   -0.0001546600   -0.0003480700
   0.0009324300    0.0000611500    0.0003449900
   0.0250665200   -0.0000192300    0.0470609200
   0.0006608700   -0.0000176500   -0.0001838200
   0.0006396500   -0.0000178500    0.0002082600
  -0.0006425600   -0.0000191500   -0.0001072000
   0.0000327100    0.0000860000    0.0006586800
   0.0001957100   -0.0002719300   -0.0005764700
   0.0000233400   -0.0001193600    0.0006666300
   0.0002026700    0.0002315900   -0.0005753000
  -0.0002750100   -0.0000146900    0.0013113000
   0.0001511000   -0.0000159600   -0.0003738800
   0.0000047200    0.0008604000   -0.0000089500
   0.0020480800   -0.0000194600    0.0001611700
  -0.0001111900    0.0000795100   -0.0003180300
   0.0001296900    0.0000501500    0.0002011400
  -0.0011155100    0.0013505000   -0.0006462000
  -0.0001745200    0.0003239600    0.0003067900
   0.0001286800   -0.0000876400    0.0001978200
  -0.0001126200   -0.0001176900   -0.0003199100
  -0.0001751800   -0.0003596600    0.0003069500
  -0.0011173900   -0.0013856100   -0.0006465400

1    
  0.0000000002243064   0.0000000021128815  -0.0099999999999998
   0.0549871400   -0.0000194700    0.4399702200
   0.0008566700   -0.0000177900   -0.0004224900
   0.0008708000   -0.0000155800    0.0004201100
  -0.0009685600   -0.0000223800   -0.0005009100
   0.0330023100   -0.0000153800   -0.1587048100
   0.0004981900   -0.0000177500   -0.0007272200
   0.0005531900   -0.0000205800    0.0007779900
  -0.0006031600   -0.0000136700   -0.0006566800
   0.0062559900   -0.0032759500   -0.0197198600
   0.0006037000    0.0002868900   -0.0003452300
   0.0005322000    0.0002782500    0.0003860000
  -0.0005008800   -0.0002366300   -0.0004082500
   0.0006024800   -0.0003237600   -0.0003450800
   0.0062582700    0.0032367400   -0.0197199100
  -0.0004980700    0.0001954000   -0.0004104900
   0.0005301600   -0.0003129300    0.0003877200
   0.0059503200   -0.0000178500    0.0024644700
   0.0004685900   -0.0000196300   -0.0006639400
   0.0004345000   -0.0000193300    0.0006624000
  -0.0003129200   -0.0000173400   -0.0007285800
  -0.0418619600    0.1051829800   -0.0966720900
   0.0009625500   -0.0001517600   -0.0003083700
   0.0009336100   -0.0001626800    0.0003550700
  -0.0009431300    0.0000681900   -0.0002904300
   0.0009610500    0.0001143000   -0.0003080300
  -0.0418604400   -0.1052193200   -0.0966726200
  -0.0009406000   -0.0001015700   -0.0002917600
   0.0009315600    0.0001223000    0.0003568800
  -0.0282810700   -0.0000192300   -0.0469398900
   0.0006348600   -0.0000176500   -0.0001713700
   0.0006555100   -0.0000178600    0.0002051400
  -0.0006632700   -0.0000191400   -0.0002454400
  -0.0000285300   -0.0001406300   -0.0006592600
  -0.0002085000    0.0002475600    0.0005888100
  -0.0000379200    0.0001073300   -0.0006513200
  -0.0002014700   -0.0002878700    0.0005899600
   0.0000439800   -0.0000147200   -0.0005743900
   0.0000878200   -0.0000159200   -0.0002458900
   0.0000920700    0.0008604000   -0.0001857600
  -0.0022768800   -0.0000194500   -0.0007772400
  -0.0001286600    0.0001235200   -0.0003039500
   0.0001094000   -0.0003261500    0.0004956500
   0.0013247300   -0.0016024400    0.0000101500
  -0.0000630800   -0.0001035200    0.0003921200
   0.0001083500    0.0002886700    0.0004923600
  -0.0001300700   -0.0001617200   -0.0003058500
  -0.0000637600    0.0000677900    0.0003922500
   0.0013229000    0.0015673500    0.0000098000

5    
  0.0055074840131907   0.0083467131162180  -0.0000000018866352
   0.0557436500    0.0717362600   -0.0192701600
   0.0008668800    0.0000101600   -0.0004287600
   0.0009142900    0.0000095500    0.0004947200
  -0.0008761900   -0.0000283500   -0.0004825000
  -0.3251004400   -0.5100818600   -0.0332349600
   0.0005620900    0.0002250800   -0.0006979600
   0.0005777100    0.0002614500    0.0007373200
  -0.0005666800   -0.0001694900   -0.0006716500
   0.0928845000    0.2296095000    0.1205965500
   0.0005007700    0.0000617500   -0.0003753300
   0.0004672300    0.0000535300    0.0004273600
  -0.0005316700    0.0000695100   -0.0003797200
   0.0006410100   -0.0004504500   -0.0003224200
  -0.0101987500    0.1543823900   -0.0670694700
  -0.0005366900    0.0003985200   -0.0002352800
   0.0006234000   -0.0004254200    0.0003723100
   0.1693204600    0.0450755100    0.0117482300
   0.0004096700   -0.0000829900   -0.0006581400
   0.0004496700   -0.0000355300    0.0007192200
  -0.0004276400    0.0001402100   -0.0006848700
   0.0094093400   -0.0020484800   -0.0179046500
   0.0010661500   -0.0002117700   -0.0002774100
   0.0008286700   -0.0001289000    0.0003327600
  -0.0009428100    0.0001973100   -0.0003668700
   0.0009093000    0.0000480700   -0.0003416500
  -0.0149795300   -0.0035739800    0.0258766200
  -0.0009398200   -0.0001090500   -0.0003435600
   0.0009885300    0.0000755700    0.0003705600
   0.0059124800    0.0003758300   -0.0209304900
   0.0006528700    0.0000178900   -0.0001960100
   0.0006684900   -0.0001034300    0.0001774500
  -0.0006394300    0.0000517700   -0.0001790800
  -0.0002175100   -0.0000685600    0.0003047200
   0.0004704900   -0.0007330000   -0.0005282300
   0.0007761000    0.0002093400   -0.0008221300
  -0.0012262100    0.0009424800    0.0010915000
  -0.0002896700   -0.0005999000    0.0003472600
   0.0000864700    0.0004415000   -0.0002677500
   0.0001514700    0.0014700800   -0.0001548000
   0.0073310200   -0.0016899500    0.0019126300
  -0.0001623500    0.0002707900   -0.0002768000
   0.0004721200    0.0004239900   -0.0001525900
  -0.0041569000    0.0036021700   -0.0017580900
  -0.0001811800    0.0002855800    0.0003475400
   0.0000841900    0.0001160600    0.0005120600
   0.0000371700   -0.0000481800   -0.0002491000
  -0.0000358600   -0.0000993900    0.0004203000
   0.0082031300    0.0101268200    0.0024713200

5    
 -0.0055074840131907  -0.0083467131162180   0.0000000018866352
  -0.0572097400   -0.0711704400    0.0203018100
   0.0009565300   -0.0000469700   -0.0005340300
   0.0009045500   -0.0000420700    0.0004834800
  -0.0009155000   -0.0000178500   -0.0004772800
   0.3222571900    0.4973163100    0.0220859500
   0.0005963800   -0.0002621100   -0.0006922600
   0.0005817500   -0.0003045000    0.0006731300
  -0.0005657100    0.0001403900   -0.0007239500
  -0.0903209200   -0.2176368600   -0.1100350300
   0.0005850400    0.0003478400   -0.0003779900
   0.0006215800    0.0003579400    0.0003398900
  -0.0005293000   -0.0005619100   -0.0003688400
   0.0004436200   -0.0000364000   -0.0004297900
   0.0119236200   -0.1563546000    0.0712471100
  -0.0005212000    0.0000084700   -0.0005178900
   0.0004604900   -0.0000585100    0.0003982500
  -0.1756443000   -0.0428730000   -0.0102148000
   0.0004378000    0.0000429100   -0.0007283700
   0.0003996000   -0.0000052700    0.0006850400
  -0.0004067500   -0.0001777600   -0.0007002700
  -0.0112751600    0.0022231400    0.0183337700
   0.0008151800   -0.0000542400   -0.0003816400
   0.0010578400   -0.0001432000    0.0003409900
  -0.0009186000   -0.0000052900   -0.0002904300
   0.0009707700    0.0001411800   -0.0003161200
   0.0130553800    0.0032777000   -0.0250937700
  -0.0009168000   -0.0001530000   -0.0003165100
   0.0008923900    0.0001123700    0.0003065400
  -0.0070547200   -0.0005193300    0.0211347500
   0.0006537400   -0.0000554500   -0.0001810000
   0.0006363200    0.0000669400    0.0002160700
  -0.0006441600   -0.0000914000   -0.0001971100
   0.0002316500    0.0000469200   -0.0003193300
  -0.0004551600    0.0007034200    0.0005128500
  -0.0007951500   -0.0002578800    0.0008420100
   0.0012766000   -0.0009970900   -0.0011127600
   0.0000709800    0.0005705500    0.0003328600
   0.0001688100   -0.0004755400   -0.0003753400
  -0.0000425300    0.0002474100   -0.0000587700
  -0.0074640400    0.0016555800   -0.0025279900
  -0.0000590900   -0.0000743900   -0.0003657100
  -0.0002235300   -0.0007068000    0.0008235200
   0.0043343800   -0.0038000300    0.0010800300
  -0.0000456800   -0.0000701100    0.0003319400
   0.0001579200    0.0000951400    0.0001547600
  -0.0002626800   -0.0002277700   -0.0003981400
  -0.0001973700   -0.0001821300    0.0002551500
  -0.0080220200   -0.0099923200   -0.0031448100

5    
 -0.0000000002243064  -0.0000000021128815   0.0099999999999998
  -0.0351996200   -0.0000194100    0.1600708700
   0.0008636300   -0.0000178000   -0.0003722700
   0.0008926700   -0.0000155600    0.0004826500
  -0.0009228400   -0.0000223800   -0.0004435600
  -0.0555785600   -0.0000151700   -0.4931910200
   0.0005406500   -0.0000177300   -0.0006674300
   0.0005396000   -0.0000206200    0.0008099300
  -0.0005812100   -0.0000136700   -0.0006075700
   0.0418042500    0.1117879600    0.1161216700
   0.0005837700    0.0002558300   -0.0003042500
   0.0005775500    0.0002684000    0.0004403900
  -0.0004982500   -0.0001562400   -0.0003046300
   0.0005825400   -0.0002927000   -0.0003041000
   0.0418065500   -0.1118273000    0.1161216700
  -0.0004954200    0.0001150000   -0.0003068600
   0.0005755000   -0.0003030900    0.0004421000
   0.0208417600   -0.0000178600    0.0500845100
   0.0004374200   -0.0000196300   -0.0006064300
   0.0004542100   -0.0000193400    0.0007511500
  -0.0003402900   -0.0000173300   -0.0005978300
  -0.0127786700    0.0029762300    0.0223195300
   0.0009869700   -0.0001481700   -0.0002626800
   0.0009208000   -0.0001372900    0.0004032900
  -0.0009250600    0.0001203000   -0.0002962000
   0.0009854700    0.0001107200   -0.0002623300
  -0.0127771600   -0.0030126400    0.0223190100
  -0.0009225100   -0.0001536600   -0.0002975400
   0.0009187400    0.0000968800    0.0004051100
  -0.0021456000   -0.0000192300    0.0034210500
   0.0006484600   -0.0000176500   -0.0001434700
   0.0006666800   -0.0000178600    0.0002303900
  -0.0006522300   -0.0000191400   -0.0001539100
   0.0001532300   -0.0002593900   -0.0004211900
  -0.0003741100   -0.0006168500    0.0005334200
   0.0001438500    0.0002260600   -0.0004132700
  -0.0003671200    0.0005765400    0.0005345900
   0.0003678900   -0.0000147200    0.0037946300
   0.0000965200   -0.0000159500   -0.0002145300
   0.0001565500    0.0008603900   -0.0001516900
   0.0030337900   -0.0000194700   -0.0003619900
  -0.0001017400    0.0002047700   -0.0001948800
  -0.0001174100   -0.0004799700    0.0005198400
   0.0028032100   -0.0038696200    0.0000935900
  -0.0000917700    0.0000464500    0.0002835700
  -0.0001184200    0.0004424900    0.0005165300
  -0.0001031700   -0.0002429400   -0.0001967800
  -0.0000924500   -0.0000821600    0.0002836900
   0.0028013500    0.0038345200    0.0000932500

5    
  0.0000000002243064   0.0000000021128815  -0.0099999999999998
   0.0382548100   -0.0000193600   -0.1694420000
   0.0009442700   -0.0000177700   -0.0005380500
   0.0009118600   -0.0000155600    0.0005393000
  -0.0008866400   -0.0000223900   -0.0004660300
   0.0427783800   -0.0000156000    0.5034504700
   0.0005983600   -0.0000177400   -0.0006698300
   0.0006017300   -0.0000206500    0.0006436000
  -0.0005660100   -0.0000136800   -0.0007322600
  -0.0406906300   -0.1076215000   -0.1148021200
   0.0004871700    0.0001489300   -0.0004044800
   0.0004935400    0.0001379300    0.0003795100
  -0.0005775100   -0.0003241500   -0.0004017700
   0.0004859300   -0.0001857900   -0.0004043300
  -0.0406883700    0.1075824400   -0.1148022800
  -0.0005747000    0.0002829200   -0.0004040000
   0.0004914900   -0.0001726200    0.0003812400
  -0.0192871800   -0.0000178500   -0.0489394700
   0.0004050800   -0.0000196300   -0.0007309200
   0.0003896200   -0.0000193300    0.0007004500
  -0.0005102600   -0.0000173400   -0.0007421000
   0.0110372500   -0.0025407600   -0.0221044200
   0.0008787800   -0.0001089100   -0.0003519600
   0.0009462000   -0.0001239200    0.0003221200
  -0.0009477000    0.0000652300   -0.0003168600
   0.0008772800    0.0000714800   -0.0003516100
   0.0110387600    0.0025043600   -0.0221049500
  -0.0009451600   -0.0000986000   -0.0003182000
   0.0009441500    0.0000835300    0.0003239300
   0.0009043300   -0.0000192300   -0.0028525600
   0.0006515600   -0.0000176500   -0.0001834500
   0.0006325000   -0.0000178600    0.0002077900
  -0.0006560400   -0.0000191500   -0.0001721700
  -0.0001532400    0.0002251900    0.0004446400
   0.0003669900    0.0005877300   -0.0004892700
  -0.0001626800   -0.0002585200    0.0004526200
   0.0003739800   -0.0006280800   -0.0004880700
  -0.0006081300   -0.0000146900   -0.0030572400
   0.0001426600   -0.0000159400   -0.0003789500
  -0.0000596400    0.0008604200   -0.0000167800
  -0.0032356000   -0.0000194500   -0.0002061400
  -0.0001359800   -0.0000033300   -0.0004006600
   0.0003541200    0.0002004200    0.0002011600
  -0.0026158400    0.0036540000   -0.0007276500
  -0.0001434300    0.0001785400    0.0004431600
   0.0003531100   -0.0002378900    0.0001978800
  -0.0001373800   -0.0000348400   -0.0004025700
  -0.0001441100   -0.0002142500    0.0004432900
  -0.0026176800   -0.0036891000   -0.0007279900

9    
  0.0100000000000000  -0.0000000005864176  -0.0000000002222566
  -0.0063842400   -0.0134134100   -0.0064004200
   0.0009917100   -0.0000198600   -0.0005485500
   0.0008760600   -0.0000022300    0.0004847600
  -0.0008861300   -0.0000135400   -0.0004398600
   0.0732700200    0.0613562200    0.0419189100
   0.0006164000   -0.0001092200   -0.0006514000
   0.0005694800   -0.0001226000    0.0006686600
  -0.0005887600   -0.0000139400   -0.0007255100
  -0.0724404200   -0.0639755800   -0.0389748600
   0.0004720900    0.0002121800   -0.0004218200
   0.0005874200    0.0002324500    0.0003529900
  -0.0002242600   -0.0002101100   -0.0003636700
   0.0004596300   -0.0001016700   -0.0004021700
  -0.0040939700   -0.0070519000   -0.0068972300
  -0.0004828000    0.0001419700   -0.0004011900
   0.0004993200   -0.0001476700    0.0003813800
   0.0063371600    0.0261510200    0.0162514900
   0.0004185900    0.0000573700   -0.0007384400
   0.0003568200   -0.0000430600    0.0006975100
  -0.0004621500   -0.0001745100   -0.0004969300
  -0.0010693300    0.0003822300    0.0008786100
   0.0007264600   -0.0000008300   -0.0003786500
   0.0010855700   -0.0002030700    0.0003624800
  -0.0009395500    0.0000597800   -0.0003344900
   0.0009388000    0.0001156000   -0.0003054400
   0.0004822000    0.0003683600   -0.0028642400
  -0.0009641200   -0.0001268800   -0.0003388500
   0.0009011100    0.0001238400    0.0003424700
  -0.0005680400   -0.0005523500   -0.0000557200
   0.0006610100   -0.0000771300   -0.0001425500
   0.0006213100    0.0000807900    0.0002581100
  -0.0006689700   -0.0000122400   -0.0002290300
   0.0000403100    0.0002052600   -0.0001187900
  -0.0001325700    0.0002165800    0.0001303800
  -0.0014791900   -0.0003705200    0.0011462100
   0.0019670900   -0.0002884700   -0.0006320100
   0.0001684900    0.0002589100    0.0002730100
   0.0002123800   -0.0002035600   -0.0003969200
  -0.0000906800    0.0004734700   -0.0000198400
  -0.0000687000   -0.0001364400   -0.0003263800
  -0.0000816700    0.0000051400   -0.0003066600
   0.0000657600   -0.0002494600    0.0003458900
   0.0006794000   -0.0005816000   -0.0001588800
  -0.0001780600   -0.0000761000    0.0003154100
  -0.0005004200    0.0008504200    0.0005646800
  -0.0002046600   -0.0001222700   -0.0003373100
  -0.0002133600   -0.0000188800    0.0001588200
  -0.0012825500   -0.0028725100   -0.0011239400

9    
 -0.0100000000000000   0.0000000005864176   0.0000000002222566
   0.0044672000    0.0134487200    0.0074039400
   0.0008095800   -0.0000245700   -0.0004221500
   0.0009218000   -0.0000381800    0.0004935700
  -0.0009375100   -0.0000396100   -0.0005263400
  -0.0729619200   -0.0615827100   -0.0405380200
   0.0005078300    0.0000619200   -0.0007264500
   0.0005559900    0.0000698800    0.0007211300
  -0.0005613200   -0.0000192500   -0.0006574200
   0.0711766400    0.0644290000    0.0407308200
   0.0005859500    0.0001852700   -0.0003384500
   0.0004723600    0.0001667700    0.0004140900
  -0.0008659900   -0.0002865600   -0.0003918400
   0.0005943800   -0.0003830700   -0.0003579600
   0.0029251400    0.0075536800    0.0077204600
  -0.0006002700    0.0002464300   -0.0003615400
   0.0005552300   -0.0003351700    0.0003893500
  -0.0074802400   -0.0265895900   -0.0151169700
   0.0004105000   -0.0001044200   -0.0006507900
   0.0004737700   -0.0000038600    0.0007027500
  -0.0004036900    0.0001288600   -0.0008916400
  -0.0007954600   -0.0002087700   -0.0002177000
   0.0011261600   -0.0002632300   -0.0002894100
   0.0007699800   -0.0000648700    0.0003114100
  -0.0009456400    0.0001152000   -0.0003306700
   0.0009136700    0.0000578200   -0.0003606500
  -0.0023685200   -0.0006397900    0.0035092300
  -0.0009157000   -0.0001337800   -0.0003295500
   0.0009496500    0.0000465700    0.0003346500
  -0.0007464800    0.0005124100    0.0004232300
   0.0006277900    0.0000322600   -0.0002374400
   0.0006666700   -0.0001246900    0.0001284600
  -0.0006502400   -0.0000359300   -0.0001487000
  -0.0000442700   -0.0002448900    0.0000946000
   0.0001084400   -0.0002486200   -0.0001436100
   0.0014496200    0.0003225900   -0.0011317200
  -0.0019662000    0.0002241000    0.0006026000
  -0.0004164400   -0.0002924400    0.0003881000
   0.0000151100    0.0001566200   -0.0002513300
   0.0001746300    0.0012310100   -0.0001986800
  -0.0001789200    0.0000974700   -0.0003124600
  -0.0001658000    0.0001840100   -0.0003416500
   0.0001587900   -0.0000375800    0.0003249000
  -0.0004571900    0.0002878800   -0.0004961600
  -0.0000784900    0.0002729700    0.0003545400
   0.0007353500   -0.0006692300    0.0000894300
  -0.0000473700   -0.0001628400   -0.0003156200
  -0.0000441700   -0.0002705200    0.0005106400
   0.0014795900    0.0029727200    0.0004370300

9    
 -0.0000000005820563   0.0099999999999998  -0.0000000021136795
  -0.0047598100   -0.0034214000    0.0037777900
   0.0009363100   -0.0000277800   -0.0005575500
   0.0008883800   -0.0000203000    0.0005640800
  -0.0008319500    0.0000338900   -0.0004672300
   0.0587329700    0.2217556000    0.1059726000
   0.0006338800   -0.0002700800   -0.0006420200
   0.0006043100   -0.0002644200    0.0006486300
  -0.0004749800    0.0002539000   -0.0007820600
  -0.0618390100   -0.2315892200   -0.1146019000
   0.0005463800    0.0004076200   -0.0003825700
   0.0005671900    0.0003482800    0.0003649300
  -0.0005023700   -0.0007851900   -0.0002890400
   0.0003872400    0.0000588400   -0.0004343300
   0.0066812700    0.0205322500    0.0125761600
  -0.0004887900    0.0001208000   -0.0004913700
   0.0004346100    0.0000231300    0.0004152500
   0.0019087200   -0.0028365900   -0.0015784000
   0.0004002100    0.0000980300   -0.0007276200
   0.0003949500    0.0000477400    0.0007053400
  -0.0007203600   -0.0002022800   -0.0006303500
  -0.0008170100   -0.0004686500   -0.0005461600
   0.0007972900    0.0000500600   -0.0003534100
   0.0010693900   -0.0000789700    0.0003594700
  -0.0009776300   -0.0000141100   -0.0002660000
   0.0009639000    0.0001676300   -0.0002846300
  -0.0000802400   -0.0007777700   -0.0016325400
  -0.0009625300   -0.0000874100   -0.0003059400
   0.0009148700    0.0001505500    0.0003119100
  -0.0003664500   -0.0000154900   -0.0000991900
   0.0006451100   -0.0000192300   -0.0001655400
   0.0006085600    0.0000986000    0.0002480500
  -0.0006027800   -0.0000719100   -0.0001819200
   0.0000883800    0.0007744900   -0.0003173500
  -0.0001773700    0.0007882700    0.0002644800
  -0.0008399300   -0.0006681400    0.0020037100
   0.0020239300   -0.0008280300   -0.0019703600
   0.0000415300    0.0006161300    0.0009176500
   0.0001602500   -0.0005223500   -0.0003745700
  -0.0000763800    0.0001836300    0.0000188500
  -0.0012003600    0.0006175600   -0.0005320500
  -0.0000292300   -0.0001086800   -0.0003237800
   0.0000120600   -0.0003559300    0.0003985700
   0.0004096200   -0.0008591800   -0.0002750500
  -0.0001713800   -0.0002331100    0.0002885000
   0.0001421900    0.0003067900    0.0000726800
  -0.0002140800   -0.0000769000   -0.0003810600
  -0.0004548800   -0.0001143300    0.0005835800
  -0.0044059700   -0.0027163200   -0.0008982300

9    
  0.0000000005820563  -0.0099999999999998   0.0000000021136795
   0.0029254400    0.0035024700   -0.0024926000
   0.0008678900   -0.0000198000   -0.0004026300
   0.0009121200   -0.0000225400    0.0004234500
  -0.0009800600   -0.0000896100   -0.0004878600
  -0.0650915500   -0.2322693600   -0.1136133100
   0.0005051000    0.0002179700   -0.0007397100
   0.0005352300    0.0002064100    0.0007645900
  -0.0006751300   -0.0002888500   -0.0006051400
   0.0666461700    0.2426216600    0.1245937100
   0.0005213100   -0.0000050500   -0.0003649800
   0.0005032700    0.0000554700    0.0004083900
  -0.0005788500    0.0002764400   -0.0004546700
   0.0006754600   -0.0005497200   -0.0003137200
  -0.0079209400   -0.0206940700   -0.0120546800
  -0.0005882700    0.0002707500   -0.0002602700
   0.0006288200   -0.0005124200    0.0003624900
  -0.0025840300    0.0029056500    0.0031064900
   0.0004300500   -0.0001468600   -0.0006525700
   0.0004365900   -0.0000973800    0.0007050400
  -0.0001307700    0.0001519500   -0.0007486200
  -0.0010517600    0.0006455500    0.0012162000
   0.0010648200   -0.0003248800   -0.0002997700
   0.0007992800   -0.0002025100    0.0003201800
  -0.0009022700    0.0001952200   -0.0003836900
   0.0008986200    0.0000138300   -0.0003664600
  -0.0017908900    0.0004828000    0.0022994800
  -0.0009122800   -0.0001857000   -0.0003471100
   0.0009455600    0.0000280400    0.0003703200
  -0.0009257200   -0.0000347000    0.0004809600
   0.0006421700   -0.0000281400   -0.0002062300
   0.0006773300   -0.0001435100    0.0001511700
  -0.0007001100    0.0000209100   -0.0001881200
  -0.0000851100   -0.0008164500    0.0003008600
   0.0001600800   -0.0008095900   -0.0002664400
   0.0007983000    0.0006177000   -0.0019599800
  -0.0019728700    0.0007434500    0.0019229900
  -0.0002822600   -0.0006498900   -0.0002546000
   0.0000759300    0.0004693700   -0.0002628100
   0.0001664100    0.0015122500   -0.0002266200
   0.0009326600   -0.0006572200   -0.0001061100
  -0.0002112300    0.0002921700   -0.0003146500
   0.0002206300    0.0000640700    0.0002833400
  -0.0001773600    0.0005606100   -0.0003653600
  -0.0000780600    0.0004237200    0.0003896000
   0.0000851400   -0.0001101800    0.0005951100
  -0.0000333200   -0.0002098100   -0.0002631800
   0.0001964700   -0.0001765500    0.0001003100
   0.0044220000    0.0027663200    0.0002072500

9    
 -0.0000000002243064  -0.0000000021128815   0.0099999999999998
   0.0052778300    0.0242356000    0.0207204100
   0.0009297500   -0.0000134800   -0.0004952800
   0.0009007200   -0.0000101600    0.0005008200
  -0.0009458500    0.0000040600   -0.0004307600
   0.0402987600    0.1082521400    0.1159531100
   0.0005958500   -0.0000487900   -0.0006797200
   0.0005698200   -0.0000541300    0.0007056800
  -0.0006800600    0.0000747000   -0.0006822500
  -0.0391758600   -0.1174695800   -0.1280324900
   0.0004889200    0.0001972500   -0.0003860300
   0.0005666300    0.0002312800    0.0003838000
  -0.0005548600   -0.0003255500   -0.0003947400
   0.0005069400   -0.0001809500   -0.0003736500
  -0.0077789800   -0.0119871800   -0.0102191300
  -0.0005184700    0.0000873500   -0.0004720600
   0.0005380500   -0.0002165700    0.0003681600
   0.0013801600    0.0000006400    0.0021595600
   0.0003971700    0.0000219100   -0.0006976800
   0.0003896800   -0.0000130700    0.0007280000
  -0.0001273700   -0.0000776700   -0.0007284800
  -0.0001242700   -0.0000670700   -0.0004088400
   0.0008726500   -0.0000971700   -0.0003389300
   0.0009369300   -0.0001156300    0.0003574600
  -0.0009178500    0.0000923400   -0.0002912800
   0.0009459500    0.0001296700   -0.0003138700
  -0.0036669200   -0.0016723300    0.0038957300
  -0.0009089800   -0.0001374100   -0.0003108500
   0.0009191100    0.0001203100    0.0003318500
  -0.0004097100   -0.0000725000   -0.0013304500
   0.0006479900   -0.0000340600   -0.0001833600
   0.0006437400   -0.0000025100    0.0001964700
  -0.0007118500   -0.0000347200   -0.0001816300
  -0.0000337200   -0.0005925900   -0.0003907300
  -0.0001406100    0.0003998200    0.0002958100
  -0.0001030800    0.0008748600    0.0008206700
   0.0007726900   -0.0005212200   -0.0007607000
  -0.0002714000    0.0004329900   -0.0003230400
   0.0001464100   -0.0001335100   -0.0003446200
  -0.0000183500    0.0006475700   -0.0000648100
  -0.0006067900    0.0001341400   -0.0004288100
  -0.0001633000    0.0001182000   -0.0003662300
   0.0001049000   -0.0002130400    0.0005274100
   0.0007275800   -0.0006932400   -0.0000046000
  -0.0000365000    0.0000708400    0.0002044100
   0.0003609600   -0.0000612900    0.0004621200
  -0.0001819700   -0.0001340000   -0.0003777600
  -0.0003617200   -0.0000042600    0.0002397100
  -0.0014807400   -0.0011419800    0.0011615400

9    
  0.0000000002243064   0.0000000021128815  -0.0099999999999998
  -0.0070710600   -0.0246642100   -0.0201366000
   0.0008711200   -0.0000240500   -0.0004635900
   0.0008976200   -0.0000229600    0.0004832500
  -0.0008714200   -0.0000508400   -0.0005255700
  -0.0432806400   -0.1126512900   -0.1149222500
   0.0005355500    0.0000108400   -0.0006988400
   0.0005635400    0.0000107500    0.0007026700
  -0.0004739700   -0.0001041500   -0.0006987400
   0.0403338000    0.1216030200    0.1298647500
   0.0005760400    0.0002110900   -0.0003622800
   0.0004991700    0.0001787800    0.0003891900
  -0.0005309500   -0.0001620800   -0.0003527700
   0.0005549200   -0.0003039300   -0.0003747200
   0.0068452300    0.0126332400    0.0110618700
  -0.0005623800    0.0003145500   -0.0002796300
   0.0005237600   -0.0002664700    0.0004085500
  -0.0021646300   -0.0000159500   -0.0007450300
   0.0004324800   -0.0000630600   -0.0006820200
   0.0004410200   -0.0000274800    0.0006806600
  -0.0007182500    0.0000407000   -0.0006553800
  -0.0017677300    0.0002614100    0.0010899300
   0.0009876100   -0.0001662400   -0.0003174100
   0.0009230900   -0.0001511200    0.0003235300
  -0.0009619700    0.0000950200   -0.0003630600
   0.0009115200    0.0000548100   -0.0003420700
   0.0018174100    0.0013879700   -0.0032866100
  -0.0009656800   -0.0001207600   -0.0003460600
   0.0009368200    0.0000613400    0.0003528900
  -0.0008909600    0.0000307000    0.0017418000
   0.0006426000   -0.0000032700   -0.0001888800
   0.0006465200   -0.0000352700    0.0001992100
  -0.0006018300   -0.0000055500   -0.0001882400
   0.0000331000    0.0005382600    0.0003746900
   0.0001216000   -0.0004216300   -0.0003027600
   0.0000823700   -0.0008894600   -0.0008224100
  -0.0007763100    0.0004572900    0.0007602500
   0.0000199800   -0.0004504900    0.0009618600
   0.0000847500    0.0000990000   -0.0002923200
   0.0001079500    0.0010709700   -0.0001471800
   0.0003410300   -0.0001743800   -0.0002115000
  -0.0000820100    0.0000804900   -0.0002744400
   0.0001284600   -0.0000645700    0.0001523900
  -0.0005109300    0.0004116000   -0.0006398600
  -0.0002129400    0.0001383000    0.0004742900
  -0.0001281900    0.0002599000    0.0002140400
  -0.0000660900   -0.0001449100   -0.0002658000
   0.0001103700   -0.0002803200    0.0004405600
   0.0016685100    0.0013144300   -0.0017903800

17   
  0.0055074840131907   0.0083467131162180  -0.0000000018866352
   0.0054842000    0.0001708800   -0.0029916500
   0.0009124100   -0.0000280700   -0.0005005100
   0.0009021000   -0.0000360600    0.0005107100
  -0.0009865900    0.0000115700   -0.0004139000
   0.1745727600    0.0429190600    0.0118564000
   0.0005436200   -0.0001110500   -0.0006689900
   0.0005836300   -0.0000660900    0.0006914400
  -0.0005806000    0.0001151900   -0.0007177100
   0.0255380200   -0.0013903900    0.0014684400
   0.0006021300    0.0002977100   -0.0003409300
   0.0004842300    0.0002533900    0.0004037500
  -0.0006851200   -0.0005531100   -0.0004754500
   0.0004635600   -0.0001326600   -0.0004093000
  -0.0188986100   -0.0033996300    0.0013789900
  -0.0004314000    0.0002133300   -0.0005786900
   0.0005126600   -0.0001695200    0.0004150800
  -0.1841137000   -0.0407118800   -0.0083998700
   0.0004778600   -0.0000261400   -0.0006841200
   0.0004029900    0.0000540300    0.0006997900
  -0.0002028900    0.0000089500   -0.0006920600
  -0.0008513800    0.0003232800    0.0006275400
   0.0009485900   -0.0001067100   -0.0003103000
   0.0008956700   -0.0000715400    0.0003438400
  -0.0009355300   -0.0000138100   -0.0002089400
   0.0008803400    0.0000718100   -0.0003296000
  -0.0019631900   -0.0002535900    0.0010680700
  -0.0008948800   -0.0000334200   -0.0002387100
   0.0009821100    0.0001140900    0.0003479500
  -0.0012081500   -0.0002534800   -0.0000005600
   0.0006380000    0.0000276400   -0.0001634400
   0.0006506700   -0.0000436200    0.0002198900
  -0.0007019900   -0.0000614900   -0.0001845900
  -0.0004904600   -0.0002666000    0.0002249700
   0.0008404600    0.0015040900   -0.0000861600
   0.0003272100    0.0002932300    0.0000926200
  -0.0004910700   -0.0015910800   -0.0004432200
  -0.0002032200    0.0001003800    0.0002715800
   0.0001224700   -0.0001799200   -0.0003228600
  -0.0000093300    0.0008744900   -0.0000852300
  -0.0034515600    0.0018674500   -0.0015075700
  -0.0002332900    0.0000446900   -0.0004403900
   0.0001434000   -0.0004783200    0.0006936600
  -0.0008016800    0.0009885300   -0.0004550900
   0.0000175700   -0.0000253500    0.0001575500
   0.0005686200   -0.0002277100    0.0002447400
  -0.0002189300   -0.0000720800   -0.0004146500
   0.0000332000   -0.0003480000    0.0004702300
  -0.0001748900    0.0003975200   -0.0001228000

17   
 -0.0055074840131907  -0.0083467131162180   0.0000000018866352
  -0.0072885000   -0.0002240900    0.0040912300
   0.0008826500   -0.0000075800   -0.0004456800
   0.0008907400    0.0000047700    0.0004812000
  -0.0008337100   -0.0000568900   -0.0005309700
  -0.1704070400   -0.0449849900   -0.0102352800
   0.0005813700    0.0000751700   -0.0006965700
   0.0005429800    0.0000245200    0.0007233400
  -0.0005738200   -0.0001423000   -0.0006516600
  -0.0261014800    0.0009248000   -0.0005037400
   0.0004570700    0.0001127700   -0.0003975000
   0.0005758400    0.0001581900    0.0003793500
  -0.0004061400    0.0000663600   -0.0002594900
   0.0005927000   -0.0003506500   -0.0003291500
   0.0175107700    0.0038739100   -0.0005685900
  -0.0006546800    0.0001909500   -0.0001601100
   0.0005429700   -0.0003106900    0.0003717500
   0.1784536000    0.0426846900    0.0091269600
   0.0003447800   -0.0000131300   -0.0006860400
   0.0004227800   -0.0000926200    0.0007188800
  -0.0006583800   -0.0000437500   -0.0006797100
  -0.0010301400   -0.0001413500    0.0000531400
   0.0009062200   -0.0001531600   -0.0003364600
   0.0009585900   -0.0001911500    0.0003469400
  -0.0009508200    0.0002025100   -0.0004373000
   0.0009712800    0.0001131400   -0.0003165900
   0.0000793100    0.0000027500   -0.0003819200
  -0.0009864200   -0.0002219900   -0.0004097000
   0.0008679300    0.0000678700    0.0003465000
  -0.0000775800    0.0002165900    0.0003688400
   0.0006476800   -0.0000628400   -0.0001986100
   0.0006343900    0.0000079900    0.0001849200
  -0.0006159700    0.0000232400   -0.0001747500
   0.0004879200    0.0002328900   -0.0002286700
  -0.0008724600   -0.0015450300    0.0000865900
  -0.0003484900   -0.0003264000   -0.0000827700
   0.0004796600    0.0015579900    0.0004522000
  -0.0000471200   -0.0001292500    0.0004035400
   0.0001030300    0.0001476900   -0.0003043600
   0.0000948000    0.0008445600   -0.0001165000
   0.0033036900   -0.0019730800    0.0009253600
  -0.0000147400    0.0001549300   -0.0001876400
   0.0000816600    0.0002053600   -0.0000118600
   0.0010140800   -0.0012626000   -0.0001831900
  -0.0002766800    0.0002356800    0.0005343300
  -0.0003445300    0.0004280700    0.0004306600
  -0.0000325300   -0.0002053100   -0.0002178400
  -0.0002943600    0.0000666700    0.0002231700
   0.0003871100   -0.0001852000   -0.0005162500

17   
 -0.0000000002243064  -0.0000000021128815   0.0099999999999998
  -0.0339525200   -0.0000193800   -0.0013642500
   0.0009120500   -0.0000177900   -0.0004828500
   0.0009525400   -0.0000155600    0.0005587400
  -0.0009184000   -0.0000224000   -0.0004192700
   0.0181195000   -0.0000154000    0.0501609700
   0.0006135600   -0.0000177500   -0.0006427900
   0.0005709100   -0.0000205900    0.0007007300
  -0.0005485300   -0.0000136800   -0.0006338900
   0.0152092700   -0.0025546300    0.0018044800
   0.0004985900    0.0001644400   -0.0003702100
   0.0005502200    0.0002050800    0.0004239200
  -0.0007252600   -0.0002989900   -0.0003977800
   0.0004973700   -0.0002013100   -0.0003700500
   0.0152115600    0.0025154200    0.0018044000
  -0.0007224400    0.0002577600   -0.0004000100
   0.0005481700   -0.0002397600    0.0004256300
  -0.0153591500   -0.0000178500   -0.0551586400
   0.0004246500   -0.0000196300   -0.0006525400
   0.0004532500   -0.0000193300    0.0007556600
  -0.0003969800   -0.0000173400   -0.0007898000
  -0.0006770800   -0.0003251300   -0.0004415100
   0.0009625600   -0.0001328800   -0.0003161800
   0.0009083600   -0.0000796700    0.0003386700
  -0.0008860200    0.0000889400   -0.0002849700
   0.0009610600    0.0000954500   -0.0003158200
  -0.0006755800    0.0002887200   -0.0004420300
  -0.0008834800   -0.0001223300   -0.0002863000
   0.0009063100    0.0000393000    0.0003404700
  -0.0018697600   -0.0000192300    0.0062024300
   0.0006539200   -0.0000176500   -0.0001959700
   0.0006638900   -0.0000178500    0.0001813400
  -0.0006518200   -0.0000191500   -0.0000825300
   0.0002294700   -0.0002424300    0.0002037300
  -0.0000855400    0.0007439400   -0.0002908500
   0.0002200900    0.0002091200    0.0002116900
  -0.0000785500   -0.0007842800   -0.0002896800
  -0.0002846300   -0.0000147000    0.0001358100
   0.0001093700   -0.0000159600   -0.0003437400
   0.0000622100    0.0008604000   -0.0000828800
  -0.0021163700   -0.0000194700    0.0006939500
  -0.0001432100    0.0001204600   -0.0003673400
   0.0003516500    0.0003194200    0.0003405300
   0.0001325900   -0.0005440800   -0.0001350100
  -0.0000419300   -0.0000093500    0.0002204800
   0.0003506400   -0.0003568900    0.0003372400
  -0.0001446400   -0.0001586600   -0.0003692400
  -0.0000425900   -0.0000263400    0.0002206300
   0.0001307300    0.0005089800   -0.0001353600

17   
  0.0000000002243064   0.0000000021128815  -0.0099999999999998
   0.0323573800   -0.0000193900    0.0021519300
   0.0008989900   -0.0000177800   -0.0004533300
   0.0008566500   -0.0000155800    0.0004432500
  -0.0008900100   -0.0000223800   -0.0005148100
  -0.0217308800   -0.0000154000   -0.0487923000
   0.0005265900   -0.0000177300   -0.0007142800
   0.0005715100   -0.0000205900    0.0007252000
  -0.0005934000   -0.0000136800   -0.0007252900
  -0.0161703300    0.0021267500   -0.0011072900
   0.0005762500    0.0002463600   -0.0003581000
   0.0005250000    0.0002070200    0.0003692400
  -0.0003529400   -0.0001874900   -0.0003282900
   0.0005750300   -0.0002832400   -0.0003579500
  -0.0161680500   -0.0021659500   -0.0011073500
  -0.0003501200    0.0001462500   -0.0003305500
   0.0005229400   -0.0002416900    0.0003709700
   0.0166235200   -0.0000178600    0.0564451400
   0.0004135700   -0.0000196200   -0.0007077200
   0.0003869300   -0.0000193200    0.0006733200
  -0.0004444100   -0.0000173300   -0.0005733800
  -0.0011903100    0.0005126900    0.0011254800
   0.0009086900   -0.0001285800   -0.0003201400
   0.0009619300   -0.0001842700    0.0003618000
  -0.0009860700    0.0001004300   -0.0003493500
   0.0009071900    0.0000911300   -0.0003198000
  -0.0011888100   -0.0005490900    0.0011249600
  -0.0009835300   -0.0001338000   -0.0003506800
   0.0009598800    0.0001438900    0.0003636000
   0.0006058900   -0.0000192300   -0.0057905000
   0.0006441300   -0.0000176500   -0.0001569200
   0.0006341400   -0.0000178600    0.0002342200
  -0.0006489400   -0.0000191400   -0.0002677800
  -0.0002168100    0.0001987900   -0.0001997500
   0.0000734400   -0.0007693700    0.0003040200
  -0.0002262000   -0.0002321300   -0.0001917500
   0.0000804700    0.0007290200    0.0003051600
   0.0000440200   -0.0000147100    0.0005431600
   0.0001312300   -0.0000159500   -0.0002734700
   0.0000382900    0.0008603800   -0.0001093800
   0.0019155300   -0.0000194500   -0.0013256400
  -0.0000919800    0.0000794900   -0.0002527700
  -0.0001083900   -0.0005886300    0.0003587400
   0.0001031200    0.0002599700   -0.0004895900
  -0.0001994600    0.0002208900    0.0004785000
  -0.0001093800    0.0005511700    0.0003554300
  -0.0000934200   -0.0001176900   -0.0002546700
  -0.0002001700   -0.0002566100    0.0004786000
   0.0001012600   -0.0002950400   -0.0004899400

21   
  0.0100000000000000  -0.0000000005864176  -0.0000000002222566
   0.0651951300   -0.0676088900    0.0406804100
   0.0009175400   -0.0000003900   -0.0005052200
   0.0008975900   -0.0000113900    0.0004924800
  -0.0008925900   -0.0000265300   -0.0004824500
  -0.0038708400    0.0146173400   -0.0112196300
   0.0006557500    0.0000793500   -0.0006382800
   0.0005100700   -0.0001148100    0.0007231700
  -0.0005930300   -0.0000102500   -0.0006890100
  -0.0006772500   -0.0001143700    0.0012156200
   0.0003363900    0.0000747500   -0.0004313300
   0.0006953700    0.0003449000    0.0003828800
  -0.0005335500   -0.0002737600   -0.0003943300
   0.0005473700   -0.0002703700   -0.0003566900
   0.0008998500   -0.0006597100   -0.0023398300
  -0.0005581000    0.0002272300   -0.0004028600
   0.0005101600   -0.0002210200    0.0004003700
  -0.0012694600    0.0006528300    0.0009566800
   0.0003976200    0.0000240700   -0.0006681600
   0.0004438400   -0.0000689500    0.0007398700
  -0.0003805300   -0.0000366800   -0.0007299800
  -0.0675072100    0.0678358400   -0.0343695400
   0.0009144000   -0.0001083700   -0.0003368700
   0.0009555200   -0.0001197500    0.0003358000
  -0.0008707900    0.0000795200   -0.0003227900
   0.0009429300    0.0000951000   -0.0003183500
  -0.0031312000    0.0078316700   -0.0045665900
  -0.0009234400   -0.0001196700   -0.0003178500
   0.0009237500    0.0000862200    0.0003397500
   0.0048591100   -0.0230030900    0.0131732700
   0.0006594000   -0.0000400600   -0.0001955000
   0.0006421300    0.0000107600    0.0001931100
  -0.0006764900    0.0000123800   -0.0001258700
   0.0000903200   -0.0002049700   -0.0000683100
  -0.0001328700    0.0002760100   -0.0000294400
  -0.0005564900    0.0001922500    0.0002929400
   0.0006788600   -0.0001530600   -0.0000949300
  -0.0000183800    0.0000880300    0.0002608300
   0.0001514600    0.0000370400   -0.0003564700
   0.0000196300    0.0008455800   -0.0000966700
  -0.0001472200   -0.0000705500   -0.0002122300
  -0.0001166000    0.0000784300   -0.0003453800
   0.0001708900   -0.0001016700    0.0003608800
  -0.0000966100   -0.0000882100   -0.0000738700
  -0.0000421000    0.0001730700    0.0003897300
   0.0001205800    0.0001186800    0.0003606300
  -0.0002613700   -0.0003421800   -0.0002930400
   0.0000729500    0.0000195600    0.0002396900
   0.0000474800   -0.0000319300   -0.0005566300

21   
 -0.0100000000000000   0.0000000005864176   0.0000000002222566
  -0.0684679400    0.0675128200   -0.0397399400
   0.0009004200   -0.0000320000   -0.0004475500
   0.0009179500   -0.0000164300    0.0004901100
  -0.0009057500   -0.0000152000   -0.0004688500
   0.0028100500   -0.0145710600    0.0126178400
   0.0004940300   -0.0001121300   -0.0007402100
   0.0006412700    0.0000757600    0.0006892800
  -0.0005407900   -0.0000135400   -0.0006925400
  -0.0004000000   -0.0003630100   -0.0004324300
   0.0007473700    0.0003419600   -0.0003131300
   0.0003908400    0.0000742600    0.0003911500
  -0.0005364400   -0.0002128000   -0.0003477100
   0.0005334400   -0.0002128900   -0.0003879200
  -0.0019474300    0.0010562000    0.0031397500
  -0.0005064100    0.0001828900   -0.0003437200
   0.0005697100   -0.0002592900    0.0003771300
   0.0004459600   -0.0006820800    0.0004614800
   0.0004457400   -0.0000599200   -0.0007101400
   0.0004015300    0.0000330300    0.0006718200
  -0.0004532400    0.0000048300   -0.0006503000
   0.0665865200   -0.0676240000    0.0351384800
   0.0009647000   -0.0001514400   -0.0003162900
   0.0009236900   -0.0001433000    0.0003455400
  -0.0009932400    0.0001153300   -0.0003287800
   0.0009334600    0.0000965600   -0.0003340000
   0.0013072600   -0.0080235300    0.0052029100
  -0.0009358300   -0.0001355700   -0.0003362100
   0.0009510300    0.0001025900    0.0003452100
  -0.0059482100    0.0227195500   -0.0126082100
   0.0006449200    0.0000079100   -0.0001752600
   0.0006614400   -0.0000429400    0.0002050700
  -0.0006141700   -0.0000473300   -0.0002418600
  -0.0000703600    0.0001713200    0.0000549900
   0.0001281100   -0.0003019500    0.0000245700
   0.0005526500   -0.0002209300   -0.0002832200
  -0.0006618900    0.0001079900    0.0000920700
  -0.0002079200   -0.0001148900    0.0004013600
   0.0000971800   -0.0000663100   -0.0002782400
   0.0000878900    0.0008778800   -0.0001129800
  -0.0000870600    0.0000383000   -0.0004256800
  -0.0001096600    0.0001245800   -0.0002916600
   0.0000780400   -0.0001702500    0.0003187100
   0.0003348800   -0.0001861800   -0.0005716700
  -0.0001911300    0.0000417100    0.0002932200
   0.0001260800    0.0000852800    0.0003124300
   0.0000295100    0.0000654900   -0.0003464400
  -0.0003170900   -0.0003005500    0.0004430000
   0.0001889000    0.0002432600   -0.0000912000

21   
 -0.0000000005820563   0.0099999999999998  -0.0000000021136795
  -0.0617171700    0.2121941300   -0.0994918500
   0.0008934500   -0.0000356500   -0.0004554700
   0.0008944700   -0.0000286300    0.0004609300
  -0.0008359600   -0.0000171500   -0.0005023500
   0.0005967600   -0.0033058400    0.0033407900
   0.0005405800   -0.0001344600   -0.0007109200
   0.0005950300   -0.0000678800    0.0007146900
  -0.0004870700    0.0000201100   -0.0007202200
  -0.0002413400   -0.0008112400    0.0002153700
   0.0006813700    0.0003983400   -0.0003331700
   0.0004783800    0.0002711500    0.0003648000
  -0.0005637300   -0.0003640100   -0.0003625700
   0.0005156700   -0.0001796800   -0.0004027200
  -0.0010311200   -0.0004365500    0.0019078900
  -0.0005389200    0.0002546600   -0.0003776400
   0.0005053300   -0.0001939400    0.0004111300
  -0.0000786500    0.0000421900    0.0002933700
   0.0004529000   -0.0000223300   -0.0006953800
   0.0004470700    0.0000268800    0.0006566700
  -0.0005872000   -0.0000300300   -0.0006879600
   0.0646199100   -0.2213109500    0.1061800600
   0.0009583300   -0.0001358900   -0.0003117100
   0.0009482700   -0.0001410000    0.0003372500
  -0.0009481600    0.0000379900   -0.0003150800
   0.0009399700    0.0001091600   -0.0003256800
  -0.0088105100    0.0146468800   -0.0106977500
  -0.0009312400   -0.0000904900   -0.0003145800
   0.0009468200    0.0001099900    0.0003481400
   0.0009444100   -0.0014892000    0.0025054100
   0.0006426200    0.0000098000   -0.0001755500
   0.0006532500   -0.0000117000    0.0002080600
  -0.0006145200   -0.0000310300   -0.0001346500
   0.0000096400    0.0004139600   -0.0000967600
  -0.0000562400    0.0002648400    0.0001058500
   0.0002069100   -0.0004696800   -0.0005330400
  -0.0004281000   -0.0003953000    0.0004144500
  -0.0000215700    0.0000401200   -0.0000361200
   0.0000873900   -0.0001219900   -0.0002745200
   0.0000893800    0.0007629400   -0.0001400700
  -0.0002090700    0.0000787400   -0.0002559500
  -0.0000926400    0.0000498500   -0.0002949000
   0.0001170500   -0.0002090500    0.0003300100
   0.0002012400   -0.0001978800   -0.0004941600
   0.0000610900    0.0001409700    0.0004192500
   0.0001499400    0.0001864700    0.0003363800
  -0.0001467700   -0.0001490000   -0.0002302800
   0.0000620200    0.0001535000    0.0002754300
   0.0001007200    0.0001678900   -0.0004549000

21   
  0.0000000005820563  -0.0099999999999998   0.0000000021136795
   0.0642619500   -0.2206324300    0.1076216700
   0.0009246600    0.0000101000   -0.0005015300
   0.0009213300    0.0000076300    0.0005106600
  -0.0009591800   -0.0000170600   -0.0004526600
  -0.0017626000    0.0034463400   -0.0021846200
   0.0006138100    0.0001071300   -0.0006834900
   0.0005632500    0.0000369500    0.0006974700
  -0.0006489600   -0.0000365100   -0.0006772600
  -0.0008309400    0.0003358900    0.0005479500
   0.0004080700    0.0000325900   -0.0004169300
   0.0006061600    0.0001571900    0.0003995600
  -0.0005064300   -0.0001199400   -0.0003858600
   0.0005677600   -0.0002985700   -0.0003485500
  -0.0000166700    0.0008361600   -0.0011543000
  -0.0005252600    0.0001664900   -0.0003755200
   0.0005772100   -0.0002817700    0.0003574900
  -0.0007504600   -0.0000637200    0.0011164300
   0.0003894400   -0.0000066700   -0.0006914200
   0.0003964300   -0.0000537700    0.0007466700
  -0.0002394600    0.0000054600   -0.0007000500
  -0.0710781200    0.2295103400   -0.1118780100
   0.0009249400   -0.0001218200   -0.0003460500
   0.0009343100   -0.0001198000    0.0003340300
  -0.0009171100    0.0001679000   -0.0003409300
   0.0009398900    0.0000945500   -0.0003317600
   0.0070324700   -0.0152543800    0.0115035500
  -0.0009285300   -0.0001617400   -0.0003441100
   0.0009317700    0.0000909100    0.0003269600
  -0.0023361200    0.0016023100   -0.0022235700
   0.0006573300   -0.0000341400   -0.0002036900
   0.0006465500   -0.0000136300    0.0001838700
  -0.0006688300    0.0000029600   -0.0002424900
   0.0000117300   -0.0004405500    0.0000763600
   0.0000543300   -0.0002778100   -0.0001191000
  -0.0001976900    0.0004475500    0.0005208000
   0.0004285200    0.0003452000   -0.0004179900
  -0.0002065600   -0.0000611400    0.0006944700
   0.0001620500    0.0000979200   -0.0003667600
   0.0000208900    0.0009664700   -0.0000783800
  -0.0000276700   -0.0001066700   -0.0003855800
  -0.0001320500    0.0001592500   -0.0003499300
   0.0001338600   -0.0000563400    0.0003424600
   0.0000384100   -0.0000723500   -0.0001562000
  -0.0002930700    0.0000794100    0.0002545600
   0.0000993900    0.0000253700    0.0003301300
  -0.0000803500   -0.0001152200   -0.0004169200
  -0.0002746600   -0.0004385400    0.0004055200
   0.0001342300    0.0000524800   -0.0001969700

21   
 -0.0000000002243064  -0.0000000021128815   0.0099999999999998
   0.0331729600   -0.0947406300    0.0974752600
   0.0008946100   -0.0000009700   -0.0004932900
   0.0008947500   -0.0000043300    0.0004770700
  -0.0008657500   -0.0000101000   -0.0005081900
   0.0060715700   -0.0263560200    0.0231285400
   0.0005845500    0.0000289200   -0.0006940700
   0.0005750600    0.0000088500    0.0007084900
  -0.0005095300    0.0000078100   -0.0007303200
   0.0000110400   -0.0011197200   -0.0003673600
   0.0004854300    0.0001830000   -0.0003940400
   0.0005113300    0.0001942500    0.0003965300
  -0.0005375100   -0.0002942800   -0.0003458900
   0.0005576800   -0.0002756500   -0.0003682800
  -0.0037456900    0.0021661200    0.0040100000
  -0.0005320300    0.0002289600   -0.0003664900
   0.0005309200   -0.0002654600    0.0003701400
   0.0004839100   -0.0002766000   -0.0000991300
   0.0004163300   -0.0000009600   -0.0006971400
   0.0004236000   -0.0000115000    0.0006811900
  -0.0005989100   -0.0000274200   -0.0006682000
  -0.0358975800    0.1104639200   -0.1137290600
   0.0009240500   -0.0001150200   -0.0003348800
   0.0009403500   -0.0001276400    0.0003323900
  -0.0009447100    0.0000973600   -0.0003364800
   0.0009407800    0.0001055800   -0.0003262400
  -0.0058806200    0.0110620800   -0.0079057900
  -0.0009483900   -0.0001148600   -0.0003463300
   0.0009361800    0.0001101000    0.0003253700
   0.0001867100   -0.0013745300    0.0009950700
   0.0006423700   -0.0000253000   -0.0001941900
   0.0006370500   -0.0000109300    0.0001964900
  -0.0006200900   -0.0000043000   -0.0001698900
  -0.0000143500    0.0003527000   -0.0002152300
  -0.0000679500   -0.0000675200    0.0002031700
  -0.0000817800   -0.0004809000    0.0004307500
   0.0001810100    0.0001173500   -0.0001629400
  -0.0000469600   -0.0000622700    0.0004660200
   0.0000996000   -0.0000309600   -0.0003131500
   0.0000397600    0.0008734700   -0.0001130500
  -0.0002568300    0.0000194000   -0.0003672500
  -0.0001083700    0.0001233200   -0.0002856700
   0.0000655600   -0.0002111700    0.0003272500
   0.0003605000   -0.0002865100   -0.0005475100
   0.0000302400    0.0002397000    0.0004131300
   0.0001018000    0.0001191800    0.0002568200
  -0.0000526600   -0.0000671100   -0.0003145500
  -0.0000999700   -0.0002719900    0.0007369200
   0.0001100000    0.0001326100   -0.0005360000

21   
  0.0000000002243064   0.0000000021128815  -0.0099999999999998
  -0.0338580500    0.0918710200   -0.0966908400
   0.0009098000   -0.0000290300   -0.0004693600
   0.0009071800   -0.0000211600    0.0004953000
  -0.0009439500   -0.0000291300   -0.0004506900
  -0.0072419100    0.0258818800   -0.0212216900
   0.0005568100   -0.0000575000   -0.0007010500
   0.0005677600   -0.0000431100    0.0007006300
  -0.0006425600   -0.0000302800   -0.0006684300
  -0.0010795900    0.0006335200    0.0011361800
   0.0005844100    0.0002355200   -0.0003605700
   0.0005618200    0.0002266900    0.0003667700
  -0.0005459900   -0.0001923700   -0.0004058100
   0.0005121500   -0.0002097000   -0.0003845700
   0.0026339000   -0.0017736600   -0.0031678800
  -0.0005459700    0.0001863000   -0.0003898200
   0.0005381300   -0.0002172400    0.0003953800
  -0.0013339200    0.0002393200    0.0014852800
   0.0004118100   -0.0000329800   -0.0006913900
   0.0004059600   -0.0000227800    0.0007210800
  -0.0002387000   -0.0000016700   -0.0007227600
   0.0334642800   -0.1074192200    0.1147807900
   0.0009437400   -0.0001468200   -0.0003263200
   0.0009274600   -0.0001374700    0.0003371900
  -0.0009331400    0.0001038100   -0.0003223500
   0.0009242700    0.0000920000   -0.0003339300
   0.0038974700   -0.0111505900    0.0084955800
  -0.0009244200   -0.0001422000   -0.0003153700
   0.0009275600    0.0000848500    0.0003475000
  -0.0014984600    0.0013743300   -0.0006103600
   0.0006453400   -0.0000050700   -0.0001874800
   0.0006500100   -0.0000196600    0.0001927200
  -0.0006800000   -0.0000285400   -0.0002090700
   0.0000191600   -0.0003948300    0.0001916900
   0.0000526400    0.0000483300   -0.0002173000
   0.0000671200    0.0004677000   -0.0004288600
  -0.0001771400   -0.0001675500    0.0001411100
  -0.0001949600    0.0000417500    0.0001911000
   0.0001370200    0.0000064300   -0.0003321900
   0.0000550200    0.0008541600   -0.0001067000
   0.0000074000   -0.0000546900   -0.0002754400
  -0.0001317200    0.0000825600   -0.0003616200
   0.0001716700   -0.0000588000    0.0003434800
  -0.0001366000    0.0000161100   -0.0001075100
  -0.0002731600   -0.0000211700    0.0002587000
   0.0001333700    0.0000854100    0.0004065600
  -0.0001905500   -0.0002034100   -0.0003379100
  -0.0001505700    0.0000000400   -0.0000704300
   0.0001080900    0.0000788700   -0.0001193300

29   
  0.0055074840131907   0.0083467131162180  -0.0000000018866352
   0.1575563800    0.0356277300    0.0150057900
   0.0009264800   -0.0000050900   -0.0004659700
   0.0009330300   -0.0000105400    0.0004957000
  -0.0008616700   -0.0000241300   -0.0004774900
   0.0059257400    0.0004122300   -0.0001563100
   0.0005920700   -0.0000041300   -0.0006933300
   0.0006096900   -0.0001285800    0.0007036000
  -0.0005404100    0.0000347700   -0.0006863300
  -0.0009020300   -0.0000770100    0.0004738900
   0.0005302200    0.0002208300   -0.0003810400
   0.0006398300    0.0002988300    0.0003749400
  -0.0005092500   -0.0002533700   -0.0003236300
   0.0006179400   -0.0002387900   -0.0003527400
  -0.0000199000    0.0000678100    0.0005656300
  -0.0005282700    0.0001462800   -0.0003527000
   0.0004644800   -0.0001203600    0.0004014300
  -0.0009682200   -0.0002432700    0.0000312900
   0.0004319300    0.0000327000   -0.0006914400
   0.0004459000   -0.0000379000    0.0007057000
  -0.0004334700   -0.0000524500   -0.0006853900
  -0.0168875000   -0.0003003900   -0.0003471300
   0.0009432100   -0.0001014200   -0.0003363400
   0.0009762000   -0.0001145000    0.0003448900
  -0.0008999500    0.0001092900   -0.0003467900
   0.0009851700    0.0001305500   -0.0003119800
   0.0209850900   -0.0023287500    0.0018943300
  -0.0009436900   -0.0001408400   -0.0003350400
   0.0009328400    0.0001056700    0.0003468500
  -0.1718449800   -0.0342376900   -0.0139482300
   0.0006773500   -0.0000222700   -0.0001847700
   0.0006770700    0.0000295900    0.0001970000
  -0.0006131500    0.0000045400   -0.0001849100
   0.0004286400    0.0000148200   -0.0003154200
  -0.0005956500   -0.0001021600    0.0000479200
  -0.0001852100   -0.0000749300    0.0002371600
   0.0004255900    0.0004521800   -0.0000301300
  -0.0001288300    0.0001568800    0.0003784900
   0.0001356900   -0.0000601800   -0.0003069700
   0.0000882600    0.0007475800   -0.0000995300
  -0.0001994800    0.0002579800   -0.0003960500
   0.0000022300   -0.0000250700   -0.0003378000
   0.0001302000   -0.0000701400    0.0003090600
   0.0000965900   -0.0002592800   -0.0000228000
  -0.0000676600    0.0004053200    0.0004940300
   0.0001150800    0.0001008800    0.0002919800
  -0.0001241700   -0.0002629300   -0.0002449000
  -0.0001710900    0.0000602200    0.0002671300
   0.0001516400   -0.0001205300   -0.0005516200

29   
 -0.0055074840131907  -0.0083467131162180   0.0000000018866352
  -0.1632013000   -0.0337438700   -0.0143768000
   0.0009125000   -0.0000208400   -0.0004818800
   0.0009036300   -0.0000110400    0.0004922000
  -0.0009110400   -0.0000111200   -0.0004676500
  -0.0070727600   -0.0004283800    0.0015382600
   0.0005841600   -0.0000218500   -0.0006866100
   0.0005686700    0.0000974500    0.0007201400
  -0.0005739700   -0.0000526400   -0.0006970300
  -0.0001319200   -0.0004029800    0.0003015600
   0.0005779400    0.0002051400   -0.0003568700
   0.0004682000    0.0001281600    0.0004024800
  -0.0005390500   -0.0002306000   -0.0004124400
   0.0004872200   -0.0002415600   -0.0003850800
  -0.0010230300    0.0003581500    0.0002160200
  -0.0005143800    0.0002748800   -0.0003877300
   0.0006400100   -0.0003574300    0.0003793500
   0.0001401300    0.0002220900    0.0014013100
   0.0004315300   -0.0000625000   -0.0006818800
   0.0004193100    0.0000090100    0.0007105400
  -0.0003706800    0.0000275800   -0.0006900300
   0.0152971800    0.0004604300    0.0010241000
   0.0009598800   -0.0001566800   -0.0003092300
   0.0009265200   -0.0001464600    0.0003395400
  -0.0009419700    0.0000952000   -0.0002966600
   0.0009148300    0.0000717700   -0.0003329400
  -0.0231657900    0.0020278600   -0.0013376200
  -0.0008930300   -0.0001109700   -0.0003109700
   0.0009659200    0.0000937100    0.0003411800
   0.1732654700    0.0319047500    0.0148169300
   0.0006468500   -0.0000033500   -0.0001810700
   0.0006469400   -0.0000558100    0.0002067900
  -0.0006514800   -0.0000332200   -0.0001786500
  -0.0003888400   -0.0000444800    0.0003092900
   0.0006168400    0.0000909900   -0.0000482600
   0.0002089100    0.0000571600   -0.0002300700
  -0.0003907800   -0.0004998500    0.0000338700
  -0.0000773200   -0.0001777500    0.0002934300
   0.0001360200    0.0000379900   -0.0003226200
   0.0000427300    0.0009827100   -0.0001055300
  -0.0000172100   -0.0002814000   -0.0002339100
  -0.0002066600    0.0002347500   -0.0002937400
   0.0001427300   -0.0001961300    0.0003761700
   0.0001648300   -0.0000114400   -0.0006192900
  -0.0001396900   -0.0001838500    0.0001928100
   0.0001559200    0.0001100000    0.0003870800
  -0.0000824200   -0.0000041100   -0.0003898600
  -0.0000373600   -0.0003367300    0.0004209300
   0.0001057700    0.0003372900   -0.0000895700

29   
 -0.0000000002243064  -0.0000000021128815   0.0099999999999998
   0.0396541300   -0.0000193900    0.0477594000
   0.0009192300   -0.0000177800   -0.0004760300
   0.0009131400   -0.0000155700    0.0004995000
  -0.0008869300   -0.0000223900   -0.0003988800
  -0.0388928900   -0.0000153900    0.0038865900
   0.0005373300   -0.0000177600   -0.0006991700
   0.0006376300   -0.0000206200    0.0006873700
  -0.0005557200   -0.0000136500   -0.0007117000
  -0.0007795000   -0.0005268800   -0.0011349400
   0.0005883900    0.0002234500   -0.0003659400
   0.0004818100    0.0001582900    0.0003914000
  -0.0004901900   -0.0002447800   -0.0003646900
   0.0005871600   -0.0002603000   -0.0003657900
  -0.0007772200    0.0004876800   -0.0011350100
  -0.0004873600    0.0002035300   -0.0003669200
   0.0004797500   -0.0001929500    0.0003931200
  -0.0007840000   -0.0000178600    0.0067075700
   0.0004509900   -0.0000196300   -0.0007073500
   0.0004000500   -0.0000193300    0.0006821600
  -0.0003989900   -0.0000173300   -0.0005960000
   0.0119242200    0.0024804200    0.0011768300
   0.0009299200   -0.0001203800   -0.0003212200
   0.0009472000   -0.0001402700    0.0003517400
  -0.0009864300    0.0000445600   -0.0002972700
   0.0009284200    0.0000829500   -0.0003208700
   0.0119257200   -0.0025168400    0.0011763000
  -0.0009838800   -0.0000779300   -0.0002986100
   0.0009451500    0.0000999100    0.0003535400
  -0.0277401200   -0.0000192200   -0.0546542000
   0.0006514700   -0.0000176500   -0.0001624200
   0.0006608600   -0.0000178500    0.0002203900
  -0.0006391300   -0.0000191400   -0.0002602900
   0.0000535400    0.0000670900    0.0000195200
  -0.0000505000    0.0000767700   -0.0000724000
   0.0000441300   -0.0001004100    0.0000274900
  -0.0000434200   -0.0001171200   -0.0000712700
  -0.0002271600   -0.0000147000    0.0001264200
   0.0001194000   -0.0000159600   -0.0003082900
   0.0000592900    0.0008603900   -0.0000940200
  -0.0004809300   -0.0000194600   -0.0003801400
  -0.0000945500   -0.0000159200   -0.0003373600
   0.0001139900   -0.0002081400    0.0003659100
   0.0002108900   -0.0000241600   -0.0003621200
  -0.0000451400    0.0003006900    0.0003883200
   0.0001130300    0.0001706700    0.0003626000
  -0.0000960000   -0.0000222800   -0.0003392600
  -0.0000458200   -0.0003364200    0.0003884500
   0.0002090100   -0.0000109200   -0.0003624800

29   
  0.0000000002243064   0.0000000021128815  -0.0099999999999998
  -0.0395390500   -0.0000193800   -0.0462584200
   0.0009148800   -0.0000177900   -0.0004808400
   0.0009183400   -0.0000155700    0.0004831400
  -0.0008997400   -0.0000224000   -0.0005547800
   0.0375451300   -0.0000154000   -0.0023292800
   0.0006258700   -0.0000177300   -0.0006771300
   0.0005269800   -0.0000206100    0.0007187800
  -0.0005639100   -0.0000136700   -0.0006678500
  -0.0002841600    0.0000565800    0.0019260800
   0.0005072000    0.0001846800   -0.0003835300
   0.0006151700    0.0002518300    0.0003832000
  -0.0005640000   -0.0002407900   -0.0003832400
   0.0005059700   -0.0002215500   -0.0003833800
  -0.0002818800   -0.0000957900    0.0019260100
  -0.0005611800    0.0001995500   -0.0003854700
   0.0006131200   -0.0002865200    0.0003849100
  -0.0000934400   -0.0000178500   -0.0052932700
   0.0004116100   -0.0000196300   -0.0006727200
   0.0004638800   -0.0000193300    0.0007273100
  -0.0004206000   -0.0000173400   -0.0007857900
  -0.0138457700   -0.0022418600   -0.0004459300
   0.0009621800   -0.0001387500   -0.0003355200
   0.0009449500   -0.0001218900    0.0003298600
  -0.0008621900    0.0001429000   -0.0003572600
   0.0009606900    0.0001013100   -0.0003351600
  -0.0138442600    0.0022054500   -0.0004464600
  -0.0008596400   -0.0001762900   -0.0003585800
   0.0009429000    0.0000815200    0.0003316700
   0.0241162300   -0.0000192400    0.0545181400
   0.0006705600   -0.0000176500   -0.0002092200
   0.0006609200   -0.0000178600    0.0001753200
  -0.0006422000   -0.0000191500   -0.0001085500
  -0.0000226200   -0.0001124100   -0.0000313100
   0.0000628500   -0.0000917100    0.0000619400
  -0.0000319900    0.0000791000   -0.0000233500
   0.0000698200    0.0000514000    0.0000630900
   0.0000137300   -0.0000147000    0.0005441000
   0.0001440200   -0.0000159500   -0.0003289900
   0.0000621900    0.0008603900   -0.0001174800
   0.0002703700   -0.0000194600   -0.0002507800
  -0.0001188400    0.0002164100   -0.0003028500
   0.0001505100   -0.0000674300    0.0003137100
   0.0000375700   -0.0002469100   -0.0002835300
  -0.0001732400   -0.0000907300    0.0002907400
   0.0001495000    0.0000299300    0.0003104200
  -0.0001202600   -0.0002545900   -0.0003047400
  -0.0001739000    0.0000550200    0.0002908800
   0.0000357300    0.0002118300   -0.0002838800

33   
  0.0100000000000000  -0.0000000005864176  -0.0000000002222566
  -0.0007989300   -0.0000375300    0.0005275200
   0.0010170100   -0.0000354500   -0.0004458600
   0.0007615200    0.0002183500    0.0002954400
  -0.0010512800    0.0002115100   -0.0006795800
  -0.0000778100   -0.0006222300    0.0008417900
   0.0010549600   -0.0006211100   -0.0005324000
  -0.0001727800    0.0010091800    0.0010767100
  -0.0012990400    0.0010100100   -0.0003001500
  -0.0005119400   -0.0001471400    0.0003614000
   0.0005579700    0.0002875100   -0.0004093300
   0.0003950800    0.0000306800    0.0005252200
  -0.0006746400   -0.0004019500   -0.0002431800
  -0.0009496900    0.0005788400   -0.0004688600
  -0.0020162500    0.0010166800    0.0003023800
   0.0014093800   -0.0017987600   -0.0011511700
   0.0024859000   -0.0022391800   -0.0003783500
  -0.0005857300   -0.0005117700    0.0009199400
   0.0002653000   -0.0005163900   -0.0004705900
   0.0007460100    0.0007824900    0.0007945900
  -0.0001180700    0.0007887000   -0.0005997200
  -0.0008689700    0.0000868600    0.0003302600
   0.0009984700   -0.0001268300   -0.0003425700
   0.0007875100   -0.0001827500    0.0004040800
  -0.0010797700    0.0000330800   -0.0002669300
   0.0003627200   -0.0001137500   -0.0003992000
  -0.0015025900   -0.0003262300    0.0002713300
  -0.0002765700    0.0003074200   -0.0005067700
   0.0015863000    0.0005147600    0.0001657200
  -0.0004996600    0.0003442100    0.0002450800
   0.0008096100    0.0003449700   -0.0001393200
   0.0004354900   -0.0006269400    0.0002506100
  -0.0008723100   -0.0006251700   -0.0001284500
  -0.0263186100   -0.0007608300   -0.0009077100
   0.0121219800    0.0011303200    0.0088730700
   0.0003627300    0.0022594400   -0.0000543600
  -0.0000718400   -0.0005507400   -0.0001109900
   0.0007224000   -0.0005102200    0.0004619900
   0.0009674300   -0.0004770000   -0.0001851300
  -0.0004484800    0.0013703600   -0.0004604700
  -0.0006186800    0.0004866000   -0.0006721400
   0.0052974000   -0.0008346300    0.0000941500
   0.0051229000   -0.0010334700    0.0004552500
   0.0014272500   -0.0000170400   -0.0041296200
   0.0011283200    0.0002189000   -0.0033343700
   0.0001610500    0.0002019100    0.0003804200
  -0.0000724100   -0.0000349300   -0.0002756100
  -0.0001680600   -0.0001638700    0.0003416800
   0.0000694200    0.0000831100   -0.0003258100

33   
 -0.0000000005820563   0.0099999999999998  -0.0000000021136795
  -0.0005375000    0.0000521500    0.0006111000
   0.0012751300    0.0000516000   -0.0003663300
   0.0005259400   -0.0000865000    0.0007543300
  -0.0012912400   -0.0000924600   -0.0002165700
  -0.0008317300    0.0000449300    0.0004528400
   0.0003052400    0.0000343800   -0.0009192200
  -0.0009553600    0.0000769600    0.0012970600
  -0.0021050600    0.0000913700   -0.0000743900
  -0.0003079800    0.0005454900   -0.0001780500
   0.0007633100    0.0009793600   -0.0009381000
   0.0007721700    0.0009839800   -0.0000164200
  -0.0003020100    0.0005467800   -0.0007837900
   0.0008782800   -0.0008858400   -0.0012518600
  -0.0001838800   -0.0004684700   -0.0004916500
  -0.0002750000   -0.0006123000   -0.0008701500
   0.0007884100   -0.0010263100   -0.0000935700
  -0.0009342900    0.0000044600    0.0004835500
  -0.0000789500    0.0000043700   -0.0009069500
   0.0032256500   -0.0000624200   -0.0000456200
   0.0024040900   -0.0000600300   -0.0014494700
  -0.0011233300    0.0005148000    0.0007168600
   0.0007458000    0.0002966700    0.0000391400
   0.0012206900    0.0001404000    0.0004073100
  -0.0006441900    0.0003585600   -0.0002647000
   0.0007297900   -0.0003711100    0.0001479100
  -0.0011358500   -0.0005907700    0.0008261900
  -0.0007960900   -0.0004990500   -0.0001903500
   0.0010644200   -0.0002852700    0.0004850700
  -0.0005655200   -0.0000575000    0.0002911200
   0.0007435700   -0.0000541400   -0.0000935700
   0.0001400000    0.0001934800    0.0001151500
  -0.0011761500    0.0001926000   -0.0002663800
  -0.0007246600   -0.0287940400    0.0014710400
   0.0011397400    0.0004554600   -0.0028403900
  -0.0022745900    0.0165352800   -0.0002212900
   0.0005271500    0.0002405700   -0.0004157300
   0.0009650500    0.0052975500    0.0018118300
   0.0011470900    0.0045442100    0.0011298400
   0.0001066900    0.0008940600   -0.0001694500
  -0.0000642600    0.0000261400   -0.0003838100
  -0.0007022100    0.0014337500    0.0001869900
  -0.0004303900    0.0011931800    0.0008663000
  -0.0005573400    0.0010586600   -0.0001383000
  -0.0007729200    0.0013052000    0.0004871900
   0.0000829200   -0.0009349600    0.0004199200
  -0.0001568700   -0.0011723300   -0.0002413300
  -0.0004283400   -0.0011432900    0.0007437500
  -0.0001954000   -0.0008996300    0.0000829600

33   
 -0.0000000002243064  -0.0000000021128815   0.0099999999999998
  -0.0011265600    0.0005298100    0.0011333700
   0.0006836500    0.0005292100    0.0001618900
   0.0005791400    0.0001810200   -0.0001100100
  -0.0012275000    0.0001744300   -0.0010777600
  -0.0010626800    0.0006645400    0.0002097200
   0.0000711200    0.0006721300   -0.0011724200
   0.0000668300    0.0009535500    0.0011568400
  -0.0010670000    0.0009551400   -0.0002307800
  -0.0006427400   -0.0005475000   -0.0000122400
   0.0004274200   -0.0001106500   -0.0007801000
   0.0004029500   -0.0000620700    0.0006671100
  -0.0006688900   -0.0005045800   -0.0000954900
   0.0016775600   -0.0022302100    0.0004290200
   0.0005992200   -0.0017707800    0.0011868000
   0.0000874300   -0.0017441000   -0.0011565900
   0.0011558000   -0.0021903300   -0.0003915400
  -0.0001437500    0.0000654800    0.0008820800
   0.0007053800    0.0000629100   -0.0005111900
   0.0009204100   -0.0002372200    0.0003810100
   0.0000644400   -0.0002330100   -0.0010079400
  -0.0009948700   -0.0000009500    0.0001226900
   0.0008737600   -0.0002172000   -0.0005489100
   0.0009638200   -0.0002369300    0.0005362700
  -0.0009053900   -0.0000183700   -0.0001353200
   0.0012217600    0.0006173000    0.0000831800
  -0.0006436200    0.0004058700    0.0007566300
  -0.0008367700    0.0002882700   -0.0004984100
   0.0010284300    0.0004990300    0.0001758100
  -0.0007216200   -0.0003465000    0.0001975500
   0.0005852000   -0.0003451900   -0.0001853400
   0.0006387500   -0.0000664100    0.0001042800
  -0.0006683400   -0.0000674100   -0.0002775100
  -0.0009012900    0.0014374300   -0.0284326600
  -0.0088763700    0.0028254500    0.0158442600
  -0.0000609100    0.0002114900    0.0007831500
   0.0001150600   -0.0004430900   -0.0001560000
  -0.0002207500    0.0006429100    0.0009827000
   0.0000217400    0.0006794600    0.0003401200
   0.0002276600    0.0009609600   -0.0007565800
   0.0000571200    0.0000779600   -0.0009698300
   0.0040122100   -0.0003181800    0.0009025600
   0.0040835000   -0.0005441600    0.0014594400
  -0.0001017200   -0.0008809000    0.0043268500
  -0.0006229700   -0.0006744400    0.0054682700
   0.0002193700    0.0002761600    0.0003417400
  -0.0000144700    0.0000394900   -0.0003124000
  -0.0001084300   -0.0001019600    0.0004270300
   0.0001269200    0.0001421600   -0.0002413400

37   
  0.0055074840131907   0.0083467131162180  -0.0000000018866352
  -0.0007091800    0.0001504800    0.0002269300
   0.0010585300    0.0001539600   -0.0006387500
   0.0011052000    0.0001767100    0.0003379900
  -0.0005235900   -0.0000659600   -0.0018449500
  -0.0005778600   -0.0005451900    0.0007863300
   0.0007013000    0.0004956000   -0.0008804900
   0.0008391300    0.0006457900    0.0004677300
   0.0070124500   -0.0016497300   -0.0025876100
   0.0000311900    0.0004695900    0.0004918300
   0.0006159500   -0.0001029000   -0.0006354000
   0.0003215700   -0.0003343100    0.0004238800
  -0.0004312800   -0.0002067900   -0.0004213300
   0.0009119300   -0.0005943400   -0.0004390800
  -0.0004291400    0.0007137000   -0.0002403900
  -0.0002275800    0.0013948700   -0.0001692600
   0.0009512900   -0.0006444200    0.0000682600
  -0.0003327900    0.0001809600    0.0004292500
   0.0006038300   -0.0000987900   -0.0008782700
   0.0005456700    0.0000801500    0.0005236600
  -0.0035891700    0.0019991800    0.0002326500
  -0.0006245500    0.0002798100    0.0001619500
   0.0011666500   -0.0001477000   -0.0005358200
   0.0010762200   -0.0001027300    0.0001630500
  -0.0008224800    0.0002133100   -0.0004615700
   0.0010823300    0.0001114300   -0.0004969400
  -0.0007891600   -0.0000466200    0.0002542500
  -0.0007234500    0.0000925300   -0.0004076400
   0.0011048500    0.0000779100    0.0001736300
  -0.0005137900    0.0002305500   -0.0000412200
   0.0008160700    0.0000159100   -0.0003675200
   0.0008377700   -0.0000531600    0.0000177900
  -0.0005868500    0.0003311600   -0.0001582800
   0.0002407100    0.0045010100    0.0003119200
   0.0003325600    0.0001420100   -0.0003615300
   0.0010101600    0.0038485300   -0.0008084600
  -0.0005138500    0.0000723900   -0.0001985700
  -0.0143388800   -0.0322766300    0.0101454800
   0.0003835300    0.0147847800   -0.0005006300
   0.0002925400    0.0018362800   -0.0002384900
   0.0001398500   -0.0007521800   -0.0005073400
  -0.0007942800    0.0005815600   -0.0011251800
   0.0016095100    0.0002636900    0.0009262000
  -0.0005785500    0.0003726500    0.0009503300
   0.0003245400    0.0006313800   -0.0003651900
  -0.0001495100    0.0001158700   -0.0001656500
   0.0011167700    0.0010850400    0.0003025400
  -0.0001585100    0.0000894600    0.0006045500
   0.0011824000    0.0014832000   -0.0025246700

37   
 -0.0055074840131907  -0.0083467131162180   0.0000000018866352
  -0.0009135000   -0.0000850000    0.0004762000
   0.0009416900   -0.0000852600   -0.0006044100
   0.0008915200   -0.0001039400    0.0003641200
  -0.0011141500    0.0001304800    0.0006071700
  -0.0003758700    0.0006197100    0.0003245700
   0.0006199800   -0.0004288500   -0.0007691800
   0.0004824300   -0.0005812300    0.0006446900
  -0.0079423800    0.0016922100    0.0009328300
  -0.0009150800   -0.0008280300   -0.0000088900
   0.0006432800    0.0006132500   -0.0004013500
   0.0009356400    0.0008430600    0.0000706100
  -0.0004603300   -0.0001576300   -0.0006178400
   0.0003419000    0.0002219300   -0.0005980800
  -0.0004511300   -0.0002271500    0.0007266400
  -0.0006431300   -0.0009060700   -0.0008752700
   0.0003045100    0.0002728300    0.0004275300
  -0.0003366300   -0.0001132400    0.0006905400
   0.0004275200    0.0001631100   -0.0007850800
   0.0004929000   -0.0000140600    0.0005995300
   0.0030063100   -0.0019055000   -0.0019230600
  -0.0010600800    0.0000103800    0.0002457300
   0.0008872500    0.0000004000   -0.0004076700
   0.0009774800   -0.0000473300    0.0002387300
  -0.0008606700    0.0000762000   -0.0004801500
   0.0009675900    0.0001693800   -0.0004457600
  -0.0008928600   -0.0001079600    0.0001514400
  -0.0009495400   -0.0002403300   -0.0005365100
   0.0009452100    0.0002009900    0.0002308300
  -0.0006071800   -0.0001645100    0.0001570900
   0.0006780600    0.0000538100   -0.0002867700
   0.0006543000    0.0001215700    0.0000926600
  -0.0005499900   -0.0002680900   -0.0004937300
  -0.0000735000   -0.0049734400   -0.0006311600
  -0.0001493100   -0.0000705500    0.0000706300
  -0.0009021300   -0.0033060200    0.0005077300
   0.0007013500   -0.0000165100   -0.0000975200
   0.0055314200    0.0274410100    0.0042459000
   0.0000553400   -0.0147439700   -0.0004194100
  -0.0000063800   -0.0000113900   -0.0002555800
  -0.0001986000    0.0008198100   -0.0004140700
   0.0007527100   -0.0002698700    0.0002065800
  -0.0012062200   -0.0004414300   -0.0005484500
   0.0010014700   -0.0005372100   -0.0018896300
  -0.0003878500   -0.0003216700    0.0007743900
   0.0005713000    0.0001712400    0.0005544200
  -0.0011500500   -0.0012355200   -0.0012165400
   0.0000965900   -0.0002753100   -0.0002002000
  -0.0007612000   -0.0011543100    0.0015657900

37   
 -0.0000000002243064  -0.0000000021128815   0.0099999999999998
  -0.0008326900   -0.0000193800    0.0012841000
   0.0009652800   -0.0000177800   -0.0007149900
   0.0009528700   -0.0000155700    0.0004098600
  -0.0010327600   -0.0000224100   -0.0001791000
  -0.0005830600   -0.0000154000    0.0038954400
   0.0006387800   -0.0000177500   -0.0008093500
   0.0006805100   -0.0000206200    0.0004228300
  -0.0045813800   -0.0000136700   -0.0009619600
  -0.0005997200    0.0003410400   -0.0004258000
   0.0004584300    0.0001438400   -0.0005754500
   0.0004476900    0.0000806700    0.0002572600
  -0.0005298500   -0.0000243200   -0.0006576900
   0.0004572100   -0.0001807100   -0.0005753100
  -0.0005974400   -0.0003802500   -0.0004258700
  -0.0005270200   -0.0000169300   -0.0006599200
   0.0004456400   -0.0001153700    0.0002589800
  -0.0005505200   -0.0000178600    0.0003231000
   0.0003990400   -0.0000196300   -0.0009002200
   0.0003995600   -0.0000193400    0.0005413500
   0.0017965700   -0.0000173500    0.0001375800
  -0.0010078300   -0.0002819600    0.0003190500
   0.0008928700   -0.0000830900   -0.0004906600
   0.0009245900   -0.0000923500    0.0001711300
  -0.0010417600    0.0000283000   -0.0005451800
   0.0008913700    0.0000456500   -0.0004903000
  -0.0010063300    0.0002455400    0.0003185200
  -0.0010392200   -0.0000616800   -0.0005465200
   0.0009225300    0.0000519600    0.0001729400
  -0.0005762300   -0.0000192400   -0.0001892100
   0.0006689000   -0.0000176500   -0.0003541600
   0.0006463600   -0.0000178600    0.0000299100
  -0.0005112500   -0.0000191600   -0.0004260100
   0.0001336200    0.0014705600    0.0005034600
   0.0003507100    0.0000535000   -0.0008093200
   0.0001242800   -0.0015039000    0.0005114200
   0.0003576500   -0.0000938600   -0.0008081100
   0.0023225200   -0.0000144600    0.0014185300
   0.0001103900   -0.0000159900   -0.0004664000
  -0.0000327800    0.0008604100   -0.0001352600
  -0.0001052800   -0.0000194800   -0.0003156800
   0.0001124800   -0.0003434500   -0.0003535800
   0.0002765100    0.0003239300    0.0002573500
  -0.0005369300    0.0012339600    0.0005026400
  -0.0002657200   -0.0002083700    0.0003397900
   0.0002755100   -0.0003614300    0.0002540500
   0.0001110400    0.0003052600   -0.0003554700
  -0.0002663700    0.0001726700    0.0003399300
  -0.0005387900   -0.0012690600    0.0005023000

37   
  0.0000000002243064   0.0000000021128815  -0.0099999999999998
  -0.0008550900   -0.0000193800   -0.0005103300
   0.0009900800   -0.0000177800   -0.0004899800
   0.0010005000   -0.0000155600    0.0003268400
  -0.0006256200   -0.0000224200   -0.0010224500
  -0.0004119300   -0.0000154000   -0.0027899500
   0.0006392900   -0.0000177500   -0.0008029600
   0.0005995600   -0.0000206100    0.0007252100
   0.0035770400   -0.0000136900   -0.0006347800
  -0.0003338600   -0.0008282000    0.0009564000
   0.0007554300    0.0002594100   -0.0004227600
   0.0007675500    0.0003242500    0.0002727000
  -0.0004037900   -0.0004541900   -0.0003393200
   0.0007542100   -0.0002962800   -0.0004226200
  -0.0003315800    0.0007889800    0.0009563300
  -0.0004009700    0.0004129300   -0.0003415600
   0.0007655000   -0.0003589500    0.0002744200
  -0.0001528300   -0.0000178600    0.0008353400
   0.0005889900   -0.0000196400   -0.0007255100
   0.0005895700   -0.0000193400    0.0006202400
  -0.0024880500   -0.0000173400   -0.0017774100
  -0.0007199000    0.0004560600    0.0001348100
   0.0011172000   -0.0001681500   -0.0004173400
   0.0010848100   -0.0001617900    0.0002674100
  -0.0006833700    0.0001507100   -0.0003609000
   0.0011157000    0.0001307100   -0.0004169800
  -0.0007183800   -0.0004924800    0.0001342800
  -0.0006808300   -0.0001841000   -0.0003622400
   0.0010827600    0.0001214000    0.0002692200
  -0.0005874200   -0.0000192400    0.0003375900
   0.0007827800   -0.0000176600   -0.0002631200
   0.0008051500   -0.0000178700    0.0001168500
  -0.0006568800   -0.0000191600   -0.0001864100
   0.0000230200   -0.0014545100   -0.0007513700
  -0.0002184700   -0.0000807800    0.0005547400
   0.0000136300    0.0014211500   -0.0007434000
  -0.0002114700    0.0000404100    0.0005559000
  -0.0090877400   -0.0000143300    0.0111011200
   0.0002733800   -0.0000159200   -0.0004181900
   0.0002749400    0.0008603900   -0.0003230400
   0.0000016800   -0.0000194600   -0.0005686400
  -0.0002039500    0.0005426300   -0.0005345400
   0.0001047000   -0.0006015600    0.0001749200
   0.0009187400   -0.0015325200   -0.0014068100
   0.0001657100    0.0004154500    0.0000950800
   0.0001036900    0.0005640300    0.0001716300
  -0.0002053700   -0.0005808500   -0.0005364400
   0.0001650300   -0.0004512000    0.0000951900
   0.0009169000    0.0014974300   -0.0014071600

41   
  0.0100000000000000  -0.0000000005864176  -0.0000000002222566
  -0.0007272600   -0.0000095600    0.0004463900
   0.0009552000    0.0001016400   -0.0005254400
   0.0017007100    0.0000355900    0.0016564000
  -0.0004152000    0.0010443200   -0.0004810300
  -0.0003613300   -0.0001102100    0.0006476200
   0.0009676300    0.0002344700   -0.0009811800
   0.0041987100   -0.0074339300   -0.0020715300
  -0.0004384400   -0.0000760200   -0.0007588800
  -0.0003746800   -0.0001196800    0.0002920300
   0.0006081700    0.0001229500   -0.0004453400
   0.0012253300    0.0005191000   -0.0002886100
  -0.0004668600   -0.0002590300   -0.0005201800
   0.0000334500   -0.0002402100   -0.0001893100
  -0.0004933500    0.0003116200    0.0002752600
  -0.0004972700    0.0005454700   -0.0001999500
  -0.0007035700    0.0041917600    0.0019128600
  -0.0004917200   -0.0000024300    0.0006126200
   0.0009809000   -0.0002517800   -0.0005224800
  -0.0005375100   -0.0003681100    0.0006414400
  -0.0000276600   -0.0000005400   -0.0008183900
  -0.0008144300    0.0001332700    0.0002992600
   0.0011033000   -0.0001096500   -0.0004391000
   0.0008403900   -0.0000204700    0.0000350700
  -0.0007367700    0.0002916400   -0.0005390200
   0.0010526100    0.0000890900   -0.0004013800
  -0.0009561600   -0.0000667600    0.0003563100
  -0.0006080000   -0.0002594900   -0.0004151700
   0.0009856800    0.0001304100    0.0002845700
  -0.0004778700    0.0000818800    0.0001599200
   0.0007321100    0.0000163300   -0.0002553400
   0.0007442800   -0.0000284900    0.0000475700
  -0.0005841500    0.0000664000   -0.0003088400
   0.0051778900   -0.0005427300    0.0038452900
   0.0014539100   -0.0006422400    0.0003819000
   0.0001783300    0.0000528900    0.0000459700
   0.0000963400    0.0003047500   -0.0000708500
   0.0001812200   -0.0011258000    0.0005057300
   0.0010399300    0.0010608000   -0.0002186400
   0.0001836600   -0.0001684100    0.0004912600
   0.0000567200    0.0002975400   -0.0002332500
  -0.0275447200    0.0026200000   -0.0094936100
   0.0080211700   -0.0001352000    0.0078361500
  -0.0004107900   -0.0001157400    0.0000885100
   0.0048606900    0.0000995500   -0.0004956600
   0.0003947000    0.0001067000    0.0003777600
  -0.0003691000   -0.0003105900   -0.0004888300
   0.0001684700   -0.0001198100    0.0001888100
   0.0000953400    0.0000587000   -0.0002666800

41   
 -0.0100000000000000   0.0000000005864176   0.0000000002222566
  -0.0009448100    0.0000189900    0.0004898400
   0.0010033700   -0.0000907800   -0.0004858900
   0.0002553600   -0.0000206800   -0.0007217700
  -0.0012562800   -0.0010306200   -0.0005339300
  -0.0006298800    0.0001269300    0.0006885000
   0.0003087500   -0.0002307500   -0.0004308700
  -0.0029170700    0.0073675500    0.0033882400
  -0.0005527800    0.0000981700   -0.0006596200
  -0.0005539600   -0.0003083400    0.0004342900
   0.0006065200    0.0003240100   -0.0003612100
  -0.0000062800   -0.0000756100    0.0010100900
  -0.0004626600   -0.0001716600   -0.0002838600
   0.0011739200   -0.0001829100   -0.0006182200
  -0.0004309900    0.0001294000    0.0004521100
  -0.0004233300   -0.0001070800   -0.0006124200
   0.0019627000   -0.0046336200   -0.0011756700
  -0.0002134100    0.0000130100    0.0007402800
   0.0000083600    0.0002546100   -0.0009057500
   0.0015345300    0.0003788700    0.0007147200
  -0.0006815100    0.0000156300   -0.0006167000
  -0.0009090700    0.0000905200    0.0003347300
   0.0009075800   -0.0000936600   -0.0002754200
   0.0011684500   -0.0001843500    0.0005954400
  -0.0009867200   -0.0000655800   -0.0001734700
   0.0009546800    0.0001335600   -0.0003121100
  -0.0007666200   -0.0001373800    0.0002764400
  -0.0011002900    0.0000723400   -0.0003023000
   0.0010239900    0.0000901000    0.0003490500
  -0.0006880900   -0.0000720700    0.0001853700
   0.0007229600   -0.0000042600   -0.0001680900
   0.0007070000    0.0000361500    0.0002907500
  -0.0005849200   -0.0000608300   -0.0001098300
  -0.0053764700    0.0005931100   -0.0041846700
  -0.0012411900    0.0006797100   -0.0002835900
  -0.0000438100   -0.0000300100   -0.0000975000
   0.0000520300   -0.0003172900    0.0000120700
  -0.0002727700    0.0011551800    0.0001042100
  -0.0006624400   -0.0010614600   -0.0004765400
   0.0000534300    0.0019380800   -0.0007584800
  -0.0001590800   -0.0002852600   -0.0004592400
   0.0209973900   -0.0046012600    0.0117882700
  -0.0076680900   -0.0000961900   -0.0072605600
   0.0007777100   -0.0001177900   -0.0007881500
  -0.0049583600    0.0001557300    0.0011619800
  -0.0000128900    0.0001415500    0.0002410400
   0.0002768500    0.0000813700   -0.0002073300
  -0.0002676500   -0.0001147000    0.0004393000
   0.0002758100    0.0001995800   -0.0004335300

41   
 -0.0000000005820563   0.0099999999999998  -0.0000000021136795
  -0.0008856500    0.0001198900    0.0004634200
   0.0009223800    0.0001950600   -0.0002986700
   0.0001165700    0.0002628200   -0.0009865700
   0.0003878300    0.0016002100   -0.0007042200
  -0.0004619000    0.0002056100    0.0007929400
   0.0011005300    0.0003896700   -0.0010265900
  -0.0051184100    0.0082273300    0.0044187500
  -0.0004124700    0.0001803300   -0.0006251400
  -0.0005928300   -0.0003382800    0.0004002400
   0.0004621800    0.0000885000   -0.0004608300
   0.0001346300   -0.0004093400    0.0009349000
  -0.0006788300   -0.0004682000   -0.0003487600
  -0.0001940300    0.0000682800   -0.0002223300
  -0.0005239500    0.0003639500    0.0003783000
  -0.0006308400    0.0003293900   -0.0002487600
   0.0034994500   -0.0028956300   -0.0008462600
  -0.0005049500    0.0000901000    0.0007152800
   0.0004425900   -0.0003198100   -0.0002447500
   0.0012135300    0.0009232100    0.0010947600
  -0.0003250600   -0.0001194600   -0.0005827200
  -0.0009276700    0.0001446800    0.0003517700
   0.0009971800   -0.0000923500   -0.0004180300
   0.0010115700   -0.0000808900    0.0004897500
  -0.0008388000    0.0002314000   -0.0004633700
   0.0009491500    0.0002785300   -0.0003503300
  -0.0006946600   -0.0000318900    0.0002706900
  -0.0010510100    0.0002977100   -0.0004840800
   0.0011030600    0.0002545000    0.0003582300
  -0.0006237100   -0.0000772500    0.0000742400
   0.0007472600    0.0001147700   -0.0002625900
   0.0007796600   -0.0001328100    0.0000771400
  -0.0005366200    0.0003765900   -0.0003890500
  -0.0008581700    0.0014183200   -0.0004179600
   0.0001354700    0.0012953000    0.0007264800
  -0.0000755900   -0.0009367100   -0.0001843900
   0.0000569700   -0.0009177800    0.0000282900
  -0.0007596200    0.0010046000   -0.0001230000
   0.0004950900    0.0002397200    0.0001332000
  -0.0006977900    0.0019786000   -0.0014878500
   0.0001778600    0.0004385500   -0.0000122800
   0.0020860300   -0.0154766100   -0.0007829900
   0.0001327300   -0.0000749400    0.0004237500
   0.0001458400   -0.0001692000   -0.0003550300
  -0.0001171900   -0.0003009500    0.0002445800
   0.0001702700    0.0006077300    0.0003248000
   0.0001102900    0.0005236700   -0.0003367600
  -0.0000855700    0.0001893000    0.0003285400
   0.0002172000    0.0004037900   -0.0003667400

41   
  0.0000000005820563  -0.0099999999999998   0.0000000021136795
  -0.0008595200   -0.0001451000    0.0004953000
   0.0009619100   -0.0002193700   -0.0006948200
   0.0017788200   -0.0002854600    0.0019545700
  -0.0020976400   -0.0015996800   -0.0002965800
  -0.0006042600   -0.0002247200    0.0005702100
   0.0000992900   -0.0004175500   -0.0003632000
   0.0064344900   -0.0083748500   -0.0031214800
  -0.0006516900   -0.0001990000   -0.0007730300
  -0.0004098500   -0.0001258200    0.0003473000
   0.0006807100    0.0003274000   -0.0003223600
   0.0010109600    0.0008292300   -0.0001912600
  -0.0003251600    0.0000006400   -0.0004325600
   0.0013373500   -0.0005378400   -0.0005600700
  -0.0004743300    0.0000498600    0.0003677000
  -0.0003698500    0.0000856900   -0.0005349700
  -0.0023334000    0.0023969600    0.0015956100
  -0.0002720900   -0.0001121400    0.0006594300
   0.0004718700    0.0002941200   -0.0011692300
  -0.0002979200   -0.0009625300    0.0002751400
  -0.0004527200    0.0000965500   -0.0008295000
  -0.0008704700    0.0000486200    0.0003032800
   0.0009413800   -0.0001485400   -0.0002727900
   0.0009260400   -0.0001639800    0.0001624800
  -0.0009589300   -0.0000355100   -0.0002268100
   0.0009869000   -0.0000877000   -0.0003401400
  -0.0010991700   -0.0002083900    0.0003827900
  -0.0007279100   -0.0005047900   -0.0002184900
   0.0008314100   -0.0000664800    0.0002969400
  -0.0006123400    0.0000505800    0.0002917100
   0.0006306300   -0.0001380000   -0.0001389300
   0.0005958300    0.0001072700    0.0002848400
  -0.0007006500   -0.0003966700   -0.0000135900
   0.0009800900   -0.0014608600    0.0003915700
  -0.0000952600   -0.0013188800   -0.0008072900
   0.0001364100    0.0009209400    0.0001547100
   0.0000195000    0.0008745400   -0.0000633500
   0.0005826600   -0.0010062300    0.0007481000
  -0.0001875200   -0.0002603600   -0.0008082300
   0.0008779700   -0.0002569300    0.0012630200
  -0.0003477100   -0.0004614700   -0.0006517800
  -0.0056808800    0.0152247800    0.0019964700
   0.0001833800   -0.0001919600    0.0002227400
   0.0001555000   -0.0001003200   -0.0003219000
  -0.0000495500    0.0005238800    0.0004017400
   0.0001393300   -0.0003938600    0.0003154400
  -0.0002776900   -0.0007877500   -0.0003380200
  -0.0000864700   -0.0004578200    0.0003205600
   0.0000805600   -0.0001805100   -0.0003112600

41   
 -0.0000000002243064  -0.0000000021128815   0.0099999999999998
  -0.0008188500    0.0000218700    0.0004316100
   0.0009621500   -0.0000298300   -0.0006802700
   0.0007628900    0.0002024300    0.0000997100
  -0.0011931800   -0.0005461700   -0.0005765500
  -0.0004234500   -0.0000216500    0.0007082200
   0.0003249600   -0.0004069100   -0.0006172500
  -0.0006190600    0.0025457300    0.0010286000
  -0.0005626900    0.0000432900   -0.0008563800
  -0.0004588200   -0.0002326500    0.0002863200
   0.0006063000    0.0002677600   -0.0002464200
   0.0004315600    0.0001657100    0.0006525900
  -0.0004519100   -0.0001762400   -0.0005671500
   0.0008287700    0.0000351400   -0.0003071200
  -0.0004841400    0.0002684300    0.0002765100
  -0.0002919300    0.0004472900   -0.0005361900
   0.0013988200   -0.0008051300    0.0018032700
  -0.0005719800   -0.0000238000    0.0005859500
   0.0007170800    0.0002568600   -0.0007561700
   0.0004440700    0.0001942100    0.0008226600
  -0.0002982800    0.0001810000   -0.0008800800
  -0.0008988700    0.0001251000    0.0003269600
   0.0010175600   -0.0001254700   -0.0003915300
   0.0007503600    0.0000542700    0.0000699700
  -0.0009188300    0.0000232900   -0.0003039900
   0.0010188000    0.0001016000   -0.0004574400
  -0.0008441200   -0.0002045300    0.0003009900
  -0.0007642500   -0.0001779000    0.0000200900
   0.0012283200   -0.0000329700    0.0000808000
  -0.0005422800   -0.0000642000    0.0001184200
   0.0006438500    0.0000025500   -0.0002221900
   0.0006538400   -0.0003246500    0.0000924900
  -0.0006593900   -0.0001454900   -0.0001971900
   0.0002398800    0.0005170700    0.0010755000
   0.0039407600   -0.0001403400    0.0050636600
   0.0001022600   -0.0000833500   -0.0000287200
   0.0000689500    0.0003862000    0.0000484600
   0.0000960600   -0.0008534700    0.0004161800
   0.0005894300    0.0006501800   -0.0002840900
   0.0006188800   -0.0012188600    0.0008465100
   0.0000266700    0.0005783500   -0.0002045100
  -0.0151189900   -0.0014633800   -0.0175263000
   0.0077854700   -0.0000356400    0.0101219800
  -0.0002988200   -0.0001030200    0.0014753000
   0.0007463000    0.0002007000   -0.0008170800
   0.0002811900    0.0001156300    0.0005078500
  -0.0001651700   -0.0001180900   -0.0006779100
   0.0000368700   -0.0001326800    0.0000910000
   0.0000629600    0.0000817700   -0.0002170700

41   
  0.0000000002243064   0.0000000021128815  -0.0099999999999998
  -0.0008255400   -0.0000254600    0.0004511200
   0.0010224700    0.0000298000   -0.0003854400
   0.0012190500   -0.0002099000    0.0007621500
  -0.0004487300    0.0005346200   -0.0004906800
  -0.0005410000    0.0000269400    0.0005747200
   0.0009811400    0.0004024000   -0.0008560500
   0.0018952600   -0.0025074300    0.0002797500
  -0.0004018100   -0.0000352600   -0.0006167300
  -0.0004423300   -0.0002083600    0.0003849800
   0.0006351000    0.0001657500   -0.0006153000
   0.0008082400    0.0002641900    0.0000244000
  -0.0004495400   -0.0002674000   -0.0002908800
   0.0004031500   -0.0004774300   -0.0005495400
  -0.0004113000    0.0001583300    0.0003958500
  -0.0006024300   -0.0000221700   -0.0003290700
  -0.0001212600    0.0003148800   -0.0011404000
  -0.0001073800    0.0000216800    0.0007122100
   0.0003045600   -0.0002656200   -0.0007250400
   0.0005881000   -0.0001929800    0.0004797800
  -0.0003834200   -0.0001813100   -0.0006094200
  -0.0007981300    0.0000879400    0.0002510200
   0.0010223300   -0.0000929900   -0.0003776400
   0.0012925400   -0.0002782100    0.0005102300
  -0.0007785700    0.0001901700   -0.0004607100
   0.0010175700    0.0001111800   -0.0003101400
  -0.0008513700   -0.0000123900    0.0002770000
  -0.0009234100   -0.0000269700   -0.0007897800
   0.0008070000    0.0002419100    0.0004982100
  -0.0005931200    0.0000604400    0.0001719700
   0.0008359900   -0.0000032700   -0.0002564100
   0.0008271400    0.0003205600    0.0001901400
  -0.0004798400    0.0001390400   -0.0002770800
  -0.0002485800   -0.0004978300   -0.0013004100
  -0.0035093500    0.0001962400   -0.0047574100
   0.0000596100    0.0000883800   -0.0000782100
   0.0001075500   -0.0004074500   -0.0001586800
  -0.0001585700    0.0008654200    0.0001430000
  -0.0001811000   -0.0006524900   -0.0004592700
  -0.0003401600    0.0029431100   -0.0011540400
  -0.0001003300   -0.0005742000   -0.0005414400
   0.0068580900    0.0000355600    0.0218662300
  -0.0073247900   -0.0002094700   -0.0095224000
   0.0006834900   -0.0001399300   -0.0022316600
  -0.0008055400    0.0000393100    0.0013850800
   0.0001298400    0.0001207800    0.0000573700
   0.0001015500   -0.0001210500   -0.0000751000
  -0.0001074000   -0.0001133300    0.0004805000
   0.0003352300    0.0001642900   -0.0005368000
