# File: 3    
# 1       0.0000000000000000   0.0212132034355964   0.0212132034355964
# 1       0.0212132034355964   0.0000000000000000   0.0212132034355964
  -0.0533174400   -0.0533174400   -0.1073353100
   0.0005552000    0.0296594800    0.0180779600
   0.0296594800    0.0005552000    0.0180779600
  -0.0115785000   -0.0115785000    0.0011200800
   0.0159045200    0.0159045200    0.0011145300
  -0.0253305600    0.0005608400   -0.0094195600
   0.0005608400   -0.0253305600   -0.0094195600
   0.0290846300    0.0290846300    0.0581649400
  -0.0012983200   -0.0012983200   -0.0025680200
   0.0122848300   -0.0013845600   -0.0027621300
  -0.0013845600    0.0122848300   -0.0027621300
  -0.0013554200   -0.0013554200    0.0170606000
  -0.0014210100   -0.0014210100    0.0286028200
  -0.0013536400    0.0102513300   -0.0027011600
   0.0102513300   -0.0013536400   -0.0027011600
  -0.0012613700   -0.0012613700   -0.0025498800
# File: 4    
# 1       0.0000000000000000   0.0212132034355964   0.0212132034355964
# 1      -0.0212132034355964   0.0000000000000000  -0.0212132034355964
   0.0534060900   -0.0534060900    0.0000000000
  -0.0005601200    0.0021656400    0.0137498200
  -0.0021656400    0.0005601200   -0.0137498200
  -0.0159182500    0.0159182500    0.0000000000
   0.0115860600   -0.0115860600    0.0000000000
  -0.0021656400    0.0005601200    0.0137498200
  -0.0005601200    0.0021656400   -0.0137498200
  -0.0291195600    0.0291195600    0.0000000000
   0.0012829000   -0.0012829000    0.0000091800
  -0.0098811600   -0.0013584300    0.0000000000
   0.0013891000    0.0126698600    0.0000000000
   0.0013674500   -0.0013674500    0.0001883200
   0.0013674500   -0.0013674500   -0.0001883200
   0.0013584300    0.0098811600    0.0000000000
  -0.0126698600   -0.0013891000    0.0000000000
   0.0012829000   -0.0012829000   -0.0000091800
# File: 5    
# 1       0.0000000000000000   0.0212132034355964   0.0212132034355964
# 2       0.0212132034355964   0.0000000000000000   0.0212132034355964
   0.0005592100   -0.0396618800   -0.0512366200
  -0.0534086200    0.0159066800   -0.0374956300
   0.0159141000   -0.0131887400    0.0027255800
   0.0021677600    0.0021649300    0.0164767200
   0.0021628700    0.0021653600   -0.0110254300
  -0.0115838900    0.0143077100    0.0027254600
   0.0291179100   -0.0115884100    0.0175295800
   0.0005603800    0.0153648300    0.0312848700
   0.0126848800   -0.0012919900   -0.0026807000
  -0.0014472500   -0.0013691100   -0.0026433800
  -0.0013730900    0.0125735100    0.0086460400
  -0.0013495000   -0.0015029700    0.0085200200
  -0.0013834100   -0.0012358600    0.0112945200
  -0.0013695900    0.0099910300    0.0111654800
  -0.0011186800   -0.0013638300   -0.0026568500
   0.0098668900   -0.0012712500   -0.0026296600
# File: 6    
# 1       0.0000000000000000   0.0212132034355964   0.0212132034355964
# 2      -0.0212132034355964   0.0000000000000000  -0.0212132034355964
  -0.0005561900   -0.0671554500   -0.0555660300
   0.0533962300    0.0159206000    0.0693192700
   0.0115843200    0.0143091500    0.0016057200
  -0.0296683800    0.0021658900   -0.0153577500
   0.0253355800    0.0021661800    0.0121447500
  -0.0159155300   -0.0131892900    0.0016054200
  -0.0291187500   -0.0115840000   -0.0407070300
  -0.0005592700    0.0428698000    0.0269542100
  -0.0099117900   -0.0012720400    0.0000870000
   0.0010704400   -0.0013840200   -0.0000914700
   0.0014071200    0.0127705400   -0.0142054800
   0.0013503100   -0.0015860800    0.0112380400
   0.0013840400   -0.0011615900    0.0140415100
   0.0013427500    0.0097752100   -0.0110865300
   0.0014941100   -0.0013522400   -0.0000782800
  -0.0126349900   -0.0012926700    0.0000966500
# File: 7    
# 1       0.0000000000000000   0.0212132034355964   0.0212132034355964
# 3       0.0000000000000000   0.0212132034355964   0.0212132034355964
   0.0137435300   -0.0528461200   -0.0512347800
  -0.0137478700    0.0180819900    0.0164756800
   0.0137435300   -0.0528461200   -0.0512347800
  -0.0137478700    0.0180819900    0.0164756800
   0.0137474600   -0.0094188400   -0.0110239100
  -0.0137482400    0.0296762500    0.0312840100
   0.0137474600   -0.0094188400   -0.0110239100
  -0.0137482400    0.0296762500    0.0312840100
  -0.0000178600    0.0113878600   -0.0026663400
  -0.0001538000   -0.0027086500    0.0085259800
  -0.0000178600    0.0113878600   -0.0026663400
  -0.0001538000   -0.0027086500    0.0085259800
   0.0001581100   -0.0027729400    0.0112860100
   0.0000186700    0.0086004600   -0.0026466500
   0.0001581100   -0.0027729400    0.0112860100
   0.0000186700    0.0086004600   -0.0026466500
# File: 8    
# 1       0.0000000000000000   0.0212132034355964   0.0212132034355964
# 3       0.0000000000000000  -0.0212132034355964  -0.0212132034355964
  -0.0137442200   -0.0539626200   -0.0555632100
   0.0137485300    0.0137527100    0.0153572900
   0.0137442200    0.0539626200    0.0555632100
  -0.0137485300   -0.0137527100   -0.0153572900
   0.0137491100    0.0137513000    0.0121449700
  -0.0137495300   -0.0285585600   -0.0269554500
  -0.0137491100   -0.0137513000   -0.0121449700
   0.0137495300    0.0285585600    0.0269554500
   0.0000006900   -0.0111628200    0.0000709300
  -0.0002215300    0.0000050600   -0.0140491000
  -0.0000007500    0.0139529800   -0.0001121200
  -0.0002194600   -0.0000084000    0.0112317500
   0.0002215300   -0.0000050600    0.0140491000
  -0.0000006900    0.0111628200   -0.0000709300
   0.0002194600    0.0000084000   -0.0112317500
   0.0000007500   -0.0139529800    0.0001121200
# File: 9    
# 1       0.0000000000000000   0.0212132034355964   0.0212132034355964
# 3       0.0212132034355964   0.0000000000000000   0.0212132034355964
   0.0159066500   -0.0534084900   -0.0374954500
   0.0021649400    0.0021678700    0.0164763800
  -0.0396619300    0.0005590000   -0.0512365700
  -0.0131885900    0.0159141800    0.0027257600
   0.0143073900   -0.0115835900    0.0027253900
   0.0153647500    0.0005603100    0.0312848200
   0.0021653800    0.0021629600   -0.0110253000
  -0.0115882400    0.0291175700    0.0175296100
  -0.0013688600   -0.0014471700   -0.0026433600
  -0.0015031700   -0.0013499700    0.0085202500
  -0.0012917100    0.0126851100   -0.0026806100
   0.0125737100   -0.0013731900    0.0086456100
   0.0099910600   -0.0013700500    0.0111653500
  -0.0012710400    0.0098671600   -0.0026294400
  -0.0012363100   -0.0013835900    0.0112943700
  -0.0013640300   -0.0011181100   -0.0026568200
# File: 10   
# 1       0.0000000000000000   0.0212132034355964   0.0212132034355964
# 3      -0.0212132034355964   0.0000000000000000  -0.0212132034355964
  -0.0159204200   -0.0533961600   -0.0693195000
  -0.0021657200    0.0296683800    0.0153576800
   0.0671553900    0.0005562800    0.0555657900
  -0.0143092300   -0.0115843400   -0.0016059100
   0.0131891100    0.0159153400   -0.0016054600
  -0.0428700900    0.0005591400   -0.0269542200
  -0.0021661100   -0.0253359100   -0.0121447800
   0.0115839000    0.0291187900    0.0407071600
   0.0013521400   -0.0014943700    0.0000783200
   0.0011615400   -0.0013841700   -0.0140414300
   0.0012930300    0.0126347100   -0.0000964600
  -0.0097751000   -0.0013422800    0.0110865400
  -0.0127704300   -0.0014068800    0.0142057400
   0.0012723000    0.0099118000   -0.0000867400
   0.0015859900   -0.0013501000   -0.0112382900
   0.0013837200   -0.0010702400    0.0000915500
# File: 11   
# 1       0.0000000000000000   0.0212132034355964   0.0212132034355964
# 3       0.0212132034355964   0.0212132034355964   0.0000000000000000
   0.0021644100   -0.0528524400   -0.0396646600
  -0.0115858700    0.0043313700    0.0159164100
  -0.0396646600   -0.0528524400    0.0021644100
  -0.0131879500    0.0043311200    0.0143076900
   0.0143076900    0.0043311200   -0.0131879500
   0.0153655400    0.0296769500    0.0021652000
   0.0159164100    0.0043313700   -0.0115858700
   0.0021652000    0.0296769500    0.0153655400
  -0.0014025600    0.0114113200   -0.0012802800
  -0.0015582100   -0.0027341900   -0.0011756200
  -0.0012802800    0.0114113200   -0.0014025600
   0.0125299000   -0.0027446000    0.0100325100
   0.0100325100   -0.0027446000    0.0125299000
  -0.0012846300    0.0085804700   -0.0013419000
  -0.0011756200   -0.0027341900   -0.0015582100
  -0.0013419000    0.0085804700   -0.0012846300
# File: 12   
# 1       0.0000000000000000   0.0212132034355964   0.0212132034355964
# 3      -0.0212132034355964  -0.0212132034355964   0.0000000000000000
  -0.0021617100   -0.0539607300   -0.0671531000
   0.0115847000    0.0275040900    0.0159180500
   0.0671531000    0.0539607300    0.0021617100
  -0.0143090300   -0.0000008900   -0.0131888600
   0.0131888600    0.0000008900    0.0143090300
  -0.0428690800   -0.0285582900    0.0021647500
  -0.0159180500   -0.0275040900   -0.0115847000
  -0.0021647500    0.0285582900    0.0428690800
   0.0013561000   -0.0111841200   -0.0012845600
   0.0011807500    0.0000000000   -0.0011807500
   0.0012801500    0.0139314100   -0.0013929800
  -0.0097354500    0.0000000000    0.0097354500
  -0.0128148500    0.0000000000    0.0128148500
   0.0012845600    0.0111841200   -0.0013561000
   0.0015517200    0.0000000000   -0.0015517200
   0.0013929800   -0.0139314100   -0.0012801500
# File: 13   
# 1       0.0000000000000000   0.0212132034355964   0.0212132034355964
# 7       0.0212132034355964   0.0000000000000000   0.0212132034355964
   0.0005623200   -0.0671562900   -0.0512366100
   0.0291178200    0.0159151900    0.0450371600
   0.0159139800    0.0143090100    0.0027259300
  -0.0253348100    0.0021652600   -0.0110248700
   0.0296669200    0.0021656100    0.0164775600
  -0.0115831900   -0.0131893200    0.0027250800
  -0.0534008200   -0.0115883600   -0.0649881100
   0.0005604900    0.0428676500    0.0312835300
   0.0098924400   -0.0012938300   -0.0026529000
  -0.0014928700   -0.0013549300   -0.0026468700
  -0.0014068700    0.0128491700    0.0114111300
  -0.0013508300   -0.0012031500    0.0085235300
  -0.0013847800   -0.0015398900    0.0112895300
  -0.0013425200    0.0097046000    0.0083903400
  -0.0010735300   -0.0013795900   -0.0026535100
   0.0126562400   -0.0012711300   -0.0026609100
# File: 14   
# 1       0.0000000000000000   0.0212132034355964   0.0212132034355964
# 7      -0.0212132034355964   0.0000000000000000  -0.0212132034355964
  -0.0005587000   -0.0396605500   -0.0555657200
  -0.0291187500    0.0159197400   -0.0131994300
   0.0115838800   -0.0131881200    0.0016053200
  -0.0021635800    0.0021654900    0.0121459900
  -0.0021684300    0.0021651100   -0.0153568400
  -0.0159152100    0.0143088100    0.0016055800
   0.0534073400   -0.0115787900    0.0418225900
  -0.0005601500    0.0153664000    0.0269562300
  -0.0127013200   -0.0012722400    0.0001165500
   0.0011153100   -0.0013607300   -0.0000880200
   0.0013751000    0.0124947700   -0.0114052300
   0.0013508500   -0.0011382800    0.0112353600
   0.0013846000   -0.0016161200    0.0140470300
   0.0013718400    0.0100616900   -0.0139010400
   0.0014483400   -0.0013723200   -0.0000816900
  -0.0098511100   -0.0012948600    0.0000633100
# File: 15   
# 1       0.0000000000000000   0.0212132034355964   0.0212132034355964
# 8       0.0212132034355964   0.0000000000000000   0.0212132034355964
   0.0290918300   -0.0534292800   -0.0243492900
   0.0005595700    0.0021670200    0.0180824800
   0.0021623500    0.0005601100   -0.0094230600
  -0.0115846100    0.0159140200    0.0011190000
   0.0159140200   -0.0115846100    0.0011190000
   0.0021670200    0.0005595700    0.0180824800
   0.0005601100    0.0021623500   -0.0094230600
  -0.0534292800    0.0290918300   -0.0243492900
  -0.0012913200   -0.0012733300   -0.0025630500
   0.0097084300   -0.0012290300   -0.0025809600
  -0.0014978100    0.0128739100   -0.0028803300
  -0.0012469600   -0.0014849100    0.0225952100
  -0.0014849100   -0.0012469600    0.0225952100
  -0.0012290300    0.0097084300   -0.0025809600
   0.0128739100   -0.0014978100   -0.0028803300
  -0.0012733300   -0.0012913200   -0.0025630500
# File: 16   
# 1       0.0000000000000000   0.0212132034355964   0.0212132034355964
# 8      -0.0212132034355964   0.0000000000000000  -0.0212132034355964
  -0.0291104100   -0.0533966700   -0.0825144300
  -0.0005598500    0.0296725100    0.0137518300
   0.0253394700    0.0005606300    0.0137506400
  -0.0159152000   -0.0115841000   -0.0000003000
   0.0115841000    0.0159152000    0.0000003000
  -0.0296725100    0.0005598500   -0.0137518300
  -0.0005606300   -0.0253394700   -0.0137506400
   0.0533966700    0.0291104100    0.0825144300
   0.0012739800   -0.0012739800    0.0000000000
  -0.0128582900   -0.0015002100   -0.0001115500
   0.0015002100    0.0128582900    0.0001115500
   0.0012262800   -0.0012262800    0.0000000000
   0.0015256100   -0.0015256100    0.0000000000
   0.0012315400    0.0096930700   -0.0001268100
  -0.0096930700   -0.0012315400    0.0001268100
   0.0012920900   -0.0012920900    0.0000000000
# File: 17   
# 1       0.0000000000000000   0.0212132034355964   0.0212132034355964
# 9       0.0212132034355964   0.0000000000000000   0.0212132034355964
  -0.0012802700   -0.0533855600   -0.0546855000
   0.0098174300    0.0159402700    0.0146399400
   0.0123822700    0.0005826800    0.0007990100
  -0.0151984500    0.0021661200    0.0132498700
   0.0124756600    0.0021675800    0.0103766300
  -0.0151243800    0.0005149400    0.0007894100
   0.0126865600   -0.0115623500   -0.0130304900
  -0.0012730700    0.0290920600    0.0278443800
  -0.0710894300   -0.0012575400   -0.0723648900
   0.0022689200    0.0018124800    0.0041120900
   0.0086325500    0.0126542800    0.0072438000
   0.0055063100   -0.0045572100    0.0123479700
   0.0054656200    0.0017650700    0.0151399800
   0.0022971900    0.0098892400    0.0009385400
   0.0026671000   -0.0045401500    0.0041260900
   0.0297659800   -0.0012819000    0.0284731600
# File: 18   
# 1       0.0000000000000000   0.0212132034355964   0.0212132034355964
# 9      -0.0212132034355964   0.0000000000000000  -0.0212132034355964
   0.0012821800   -0.0533701000   -0.0521269000
  -0.0126875700    0.0158919200    0.0173600600
   0.0151136300    0.0006037600    0.0035319400
  -0.0124661100    0.0021650200   -0.0092617900
   0.0151874000    0.0021629900   -0.0121276200
  -0.0123730300    0.0005375600    0.0035412200
  -0.0098176400   -0.0116065400   -0.0103060600
   0.0012738800    0.0290914700    0.0303888100
   0.0710723600   -0.0013065600    0.0698020800
  -0.0026465200   -0.0045472500   -0.0068461500
  -0.0086317100    0.0126834800   -0.0100210300
  -0.0055057400    0.0018412800    0.0074160800
  -0.0054648100   -0.0045427800    0.0102020400
  -0.0022967300    0.0098725300   -0.0036548500
  -0.0022923500    0.0018060300   -0.0068607800
  -0.0297472200   -0.0012828100   -0.0310370800
# File: 19   
# 1       0.0000000000000000   0.0212132034355964   0.0212132034355964
# 9       0.0000000000000000   0.0212132034355964   0.0212132034355964
   0.0000081400   -0.0546756500   -0.0546756500
   0.0000128600    0.0145459200    0.0145459200
   0.0137739500    0.0103877400    0.0008705200
  -0.0137253400    0.0006906200    0.0132587100
   0.0137739500    0.0008705200    0.0103877400
  -0.0137253400    0.0132587100    0.0006906200
  -0.0000564400   -0.0129587000   -0.0129587000
  -0.0000259000    0.0278474400    0.0278474400
   0.0000408500   -0.0723901900   -0.0723901900
  -0.0002148100    0.0073102200    0.0073102200
   0.0031648400    0.0151294700    0.0040654000
  -0.0032035000    0.0041528800    0.0123591700
   0.0031648400    0.0040654000    0.0151294700
  -0.0032035000    0.0123591700    0.0041528800
   0.0002062500    0.0009317500    0.0009317500
   0.0000091500    0.0284747000    0.0284747000
# File: 20   
# 1       0.0000000000000000   0.0212132034355964   0.0212132034355964
# 9       0.0000000000000000  -0.0212132034355964  -0.0212132034355964
   0.0000444200   -0.0521370800   -0.0521370800
   0.0000541200    0.0172887900    0.0172887900
   0.0137231800   -0.0121388000    0.0036276500
  -0.0137720200    0.0034717000   -0.0092724800
   0.0137231800    0.0036276500   -0.0121388000
  -0.0137720200   -0.0092724800    0.0034717000
  -0.0000109600   -0.0102130500   -0.0102130500
  -0.0000258500    0.0303889900    0.0303889900
  -0.0000595500    0.0698281300    0.0698281300
  -0.0001616400   -0.0100440100   -0.0100440100
  -0.0031652900    0.0102110900   -0.0068424400
   0.0032038600   -0.0068691000    0.0074037900
  -0.0031652900   -0.0068424400    0.0102110900
   0.0032038600    0.0074037900   -0.0068691000
   0.0001704300   -0.0036659700   -0.0036659700
   0.0000095700   -0.0310372100   -0.0310372100
# File: 21   
# 1       0.0000000000000000   0.0212132034355964   0.0212132034355964
# 10      0.0212132034355964   0.0000000000000000   0.0212132034355964
   0.0098252500   -0.0535833500   -0.0548785300
  -0.0012669900    0.0159680600    0.0146682200
   0.0122780600    0.0005594100    0.0149082900
  -0.0151238500    0.0022197100   -0.0008175000
   0.0123793900    0.0021848400   -0.0008183500
  -0.0150546600    0.0005504700    0.0120191700
  -0.0012701300   -0.0116336400   -0.0128807200
   0.0128356600    0.0291162100    0.0276494600
   0.0024562500    0.0018903700    0.0041898800
  -0.0712157800   -0.0012948300   -0.0724003400
   0.0054107800    0.0094498300    0.0010980900
   0.0087213300   -0.0013268200    0.0185174500
   0.0022455400   -0.0013988600    0.0149094900
   0.0055076000    0.0130076100    0.0011200700
   0.0298014900   -0.0012336100    0.0285239900
   0.0024700700   -0.0044754100    0.0041913200
# File: 22   
# 1       0.0000000000000000   0.0212132034355964   0.0212132034355964
# 10     -0.0212132034355964   0.0000000000000000  -0.0212132034355964
  -0.0126627800   -0.0532097700   -0.0517482300
   0.0012661500    0.0159171900    0.0171656300
   0.0150436700    0.0005594600   -0.0077112100
  -0.0123736200    0.0021817600    0.0019382300
   0.0151175800    0.0020735800    0.0019368100
  -0.0122783800    0.0005710100   -0.0105573700
   0.0012698800   -0.0115881900   -0.0102894600
  -0.0099758000    0.0291112900    0.0304063200
  -0.0024733800   -0.0044554800   -0.0067546400
   0.0707958100   -0.0014585500    0.0696499000
  -0.0054099600    0.0158939500   -0.0038746900
  -0.0087092800   -0.0013892700    0.0012488900
  -0.0022350800   -0.0013790700    0.0104372700
  -0.0055064500    0.0067602500   -0.0038361000
  -0.0294178000   -0.0014983900   -0.0312546100
  -0.0024505800    0.0019102300   -0.0067567400
# File: 23   
# 1       0.0000000000000000   0.0212132034355964   0.0212132034355964
# 10      0.0000000000000000   0.0212132034355964   0.0212132034355964
   0.0000038800   -0.0547685500   -0.0547685500
   0.0000389100    0.0146442800    0.0146442800
   0.0137452500   -0.0009035200    0.0148878600
  -0.0137493300    0.0119668200   -0.0007451500
   0.0137452500    0.0148878600   -0.0009035200
  -0.0137493300   -0.0007451500    0.0119668200
  -0.0000192700   -0.0128587500   -0.0128587500
   0.0002353700    0.0277475100    0.0277475100
  -0.0000219800    0.0073946600    0.0073946600
  -0.0000223700   -0.0724712200   -0.0724712200
  -0.0032141200    0.0181508400    0.0010614900
   0.0031559600    0.0011301700    0.0153580200
  -0.0032141200    0.0010614900    0.0181508400
   0.0031559600    0.0153580200    0.0011301700
  -0.0000784100    0.0283895900    0.0283895900
  -0.0000116700    0.0010159700    0.0010159700
# File: 24   
# 1       0.0000000000000000   0.0212132034355964   0.0212132034355964
# 10      0.0000000000000000  -0.0212132034355964  -0.0212132034355964
   0.0000637400   -0.0520432000   -0.0520432000
   0.0000122400    0.0171889800    0.0171889800
   0.0137492800    0.0018550000   -0.0076885400
  -0.0137452200   -0.0105044200    0.0020331900
   0.0137492800   -0.0076885400    0.0018550000
  -0.0137452200    0.0020331900   -0.0105044200
  -0.0000321500   -0.0103113200   -0.0103113200
  -0.0003022600    0.0304814600    0.0304814600
   0.0000027900   -0.0099595400   -0.0099595400
  -0.0003529300    0.0697469600    0.0697469600
   0.0032137000    0.0071869600   -0.0038385200
  -0.0031560200   -0.0038469100    0.0044020500
   0.0032137000   -0.0038385200    0.0071869600
  -0.0031560200    0.0044020500   -0.0038469100
   0.0004544700   -0.0311203700   -0.0311203700
   0.0000306400   -0.0035817600   -0.0035817600
# File: 25   
# 1       0.0000000000000000   0.0212132034355964   0.0212132034355964
# 11      0.0212132034355964   0.0000000000000000   0.0212132034355964
  -0.0013919100   -0.0533807400   -0.0547921300
  -0.0014865500    0.0158784600    0.0287628800
   0.0124652100    0.0005924700    0.0008824200
  -0.0037929500    0.0022032600   -0.0007604200
   0.0266055500    0.0021273700   -0.0009214000
  -0.0150115200    0.0005375200    0.0009028400
  -0.0013151800   -0.0115466300   -0.0016214500
  -0.0015055000    0.0292132400    0.0276142200
   0.0086232300   -0.0012898600    0.0073498700
   0.0052568500   -0.0045828300    0.0010835200
  -0.0710640100    0.0127583700   -0.0724522900
   0.0024710800    0.0018242600    0.0153232700
   0.0024767500   -0.0045917800    0.0180888000
   0.0297522400    0.0097481800    0.0283948900
   0.0056086100    0.0018024700    0.0011279900
   0.0023080900   -0.0012937400    0.0010169900
# File: 26   
# 1       0.0000000000000000   0.0212132034355964   0.0212132034355964
# 11     -0.0212132034355964   0.0000000000000000  -0.0212132034355964
   0.0013922600   -0.0533278400   -0.0520192800
   0.0013142900    0.0159528200    0.0059350800
   0.0150305800    0.0005782300    0.0034485200
  -0.0265690200    0.0021280200    0.0020523200
   0.0037568500    0.0022013000    0.0018688100
  -0.0124858000    0.0005307800    0.0034277600
   0.0014875200   -0.0116228200   -0.0244138700
   0.0015031400    0.0289343500    0.0306165300
  -0.0086417600   -0.0012743900   -0.0099144200
  -0.0056346000    0.0018472400   -0.0038188900
   0.0710683500    0.0125638200    0.0696816700
  -0.0024691500   -0.0045414100    0.0044379200
  -0.0024770000    0.0018127300    0.0072494500
  -0.0297518500    0.0100263200   -0.0311075400
  -0.0052331100   -0.0045380200   -0.0038616300
  -0.0022906900   -0.0012711200   -0.0035824300
# File: 27   
# 1       0.0000000000000000   0.0212132034355964   0.0212132034355964
# 11      0.0000000000000000   0.0212132034355964   0.0212132034355964
   0.0000000000   -0.0405861100   -0.0548886100
   0.0000000000    0.0144006500    0.0286580600
   0.0137873100   -0.0007100400    0.0008937000
  -0.0135918700    0.0007838000   -0.0008342800
   0.0135918700    0.0007838000   -0.0008342800
  -0.0137873100   -0.0007100400    0.0008937000
   0.0000000000   -0.0128595900   -0.0014505200
   0.0000000000    0.0419516300    0.0275181200
   0.0031517200    0.0011812700    0.0041688300
  -0.0034105200    0.0040833300    0.0011186000
   0.0000000000   -0.0612611600   -0.0723736700
   0.0000000000    0.0073555800    0.0185131000
   0.0000000000    0.0008349400    0.0148019300
   0.0000000000    0.0394873500    0.0285279000
   0.0034105200    0.0040833300    0.0011186000
  -0.0031517200    0.0011812700    0.0041688300
# File: 28   
# 1       0.0000000000000000   0.0212132034355964   0.0212132034355964
# 11      0.0000000000000000  -0.0212132034355964  -0.0212132034355964
   0.0000000000   -0.0692994300   -0.0517057000
   0.0000000000    0.0172569200    0.0060290800
   0.0137610600    0.0018281900    0.0034365300
  -0.0138317400    0.0035468900    0.0019545100
   0.0138317400    0.0035468900    0.0019545100
  -0.0137610600    0.0018281900    0.0034365300
   0.0000000000   -0.0101460500   -0.0245980700
   0.0000000000    0.0191037900    0.0305294900
  -0.0031689400   -0.0037430200   -0.0067324500
   0.0030318400   -0.0068128400   -0.0038513900
   0.0000000000    0.0867957000    0.0695597400
   0.0000000000   -0.0100627200    0.0012536300
   0.0000000000   -0.0035996400    0.0105471500
   0.0000000000   -0.0196870100   -0.0312297200
  -0.0030318400   -0.0068128400   -0.0038513900
   0.0031689400   -0.0037430200   -0.0067324500
# File: 29   
# 1       0.0000000000000000   0.0212132034355964   0.0212132034355964
# 12      0.0212132034355964   0.0000000000000000   0.0212132034355964
  -0.0014416600   -0.0532112800   -0.0436606000
  -0.0013557500    0.0160561100    0.0145513900
   0.0235752100    0.0005600800    0.0009115100
  -0.0150005100    0.0021794900   -0.0007098400
   0.0124522100    0.0021497600   -0.0007132100
  -0.0013373900    0.0005700200    0.0006696300
  -0.0013553600   -0.0117959800   -0.0129458500
  -0.0011670600    0.0291202800    0.0389475200
   0.0054934100   -0.0044793400    0.0011890100
   0.0084853700   -0.0014039800    0.0073084500
   0.0024705200    0.0158530800    0.0040565600
  -0.0711421000   -0.0014387400   -0.0583238800
   0.0297580200   -0.0015268500    0.0424120200
   0.0024661900    0.0067884600    0.0041782200
   0.0025818900   -0.0013572100    0.0009459700
   0.0055170200    0.0019361000    0.0011830900
# File: 30   
# 1       0.0000000000000000   0.0212132034355964   0.0212132034355964
# 12     -0.0212132034355964   0.0000000000000000  -0.0212132034355964
   0.0013018600   -0.0535821500   -0.0605082200
   0.0013549400    0.0158404400    0.0172799600
   0.0010374800    0.0005586400    0.0035856900
  -0.0124960000    0.0022037400    0.0018286700
   0.0150426200    0.0021286400    0.0018315800
  -0.0233006700    0.0005513900    0.0034928000
   0.0013570500   -0.0114389000   -0.0102231300
   0.0013270300    0.0291047500    0.0163761200
  -0.0055102400    0.0019132000   -0.0037516400
  -0.0088610800   -0.0013302500   -0.0100443700
  -0.0024695900    0.0094932200   -0.0068287700
   0.0711276100   -0.0012946400    0.0783142600
  -0.0297460300   -0.0012484400   -0.0170400400
  -0.0024646000    0.0129775800   -0.0068896600
  -0.0022033900   -0.0013772500   -0.0036770900
  -0.0054969900   -0.0044999600   -0.0037461600
# File: 31   
# 1       0.0000000000000000   0.0212132034355964   0.0212132034355964
# 12      0.0000000000000000   0.0212132034355964   0.0212132034355964
   0.0000000000   -0.0546496300   -0.0436431200
   0.0000000000    0.0256974900    0.0146632400
   0.0139081100   -0.0007905900    0.0008023800
  -0.0137133800    0.0008907000   -0.0007164000
   0.0137133800    0.0008907000   -0.0007164000
  -0.0139081100   -0.0007905900    0.0008023800
   0.0000000000    0.0007978600   -0.0130768500
   0.0000000000    0.0279569900    0.0388159600
  -0.0032188500    0.0042330100    0.0011939500
   0.0029597700    0.0010879900    0.0041470300
   0.0000000000    0.0213784300    0.0072486800
   0.0000000000   -0.0725795900   -0.0584144300
   0.0000000000    0.0282309900    0.0425429400
   0.0000000000    0.0123252500    0.0010096500
  -0.0029597700    0.0010879900    0.0041470300
   0.0032188500    0.0042330100    0.0011939500
# File: 32   
# 1       0.0000000000000000   0.0212132034355964   0.0212132034355964
# 12      0.0000000000000000  -0.0212132034355964  -0.0212132034355964
   0.0000000000   -0.0522868900   -0.0605024200
   0.0000000000    0.0032524500    0.0173302000
   0.0136511900    0.0019106500    0.0035278500
  -0.0137315900    0.0034396600    0.0018344700
   0.0137315900    0.0034396600    0.0018344700
  -0.0136511900    0.0019106500    0.0035278500
   0.0000000000   -0.0211110300   -0.0102655400
   0.0000000000    0.0304271000    0.0165016100
   0.0031994500   -0.0067961700   -0.0037555300
  -0.0033342500   -0.0038209200   -0.0068756000
   0.0000000000    0.0039664800   -0.0100163400
   0.0000000000    0.0698322800    0.0783665100
   0.0000000000   -0.0309935900   -0.0171638700
   0.0000000000    0.0074467300   -0.0037125500
   0.0033342500   -0.0038209200   -0.0068756000
  -0.0031994500   -0.0067961700   -0.0037555300
# File: 33   
# 9       0.0000000000000000   0.0212132034355964   0.0212132034355964
# 1       0.0212132034355964   0.0000000000000000   0.0212132034355964
  -0.0533854800   -0.0012803300   -0.0546854900
   0.0005828300    0.0123822800    0.0007990300
   0.0159402200    0.0098173000    0.0146399300
   0.0021658600   -0.0151982000    0.0132498900
   0.0021674700    0.0124757300    0.0103766300
  -0.0115624400    0.0126865300   -0.0130304800
   0.0005150600   -0.0151242800    0.0007893300
   0.0290921300   -0.0012730600    0.0278444400
  -0.0012577400   -0.0710893600   -0.0723650000
   0.0126543400    0.0086321900    0.0072436600
   0.0018128500    0.0022688400    0.0041122600
  -0.0045571500    0.0055063000    0.0123479700
   0.0017651600    0.0054654800    0.0151399500
  -0.0045398300    0.0026674900    0.0041263500
   0.0098889400    0.0022968600    0.0009383100
  -0.0012822100    0.0297662500    0.0284732100
# File: 34   
# 9       0.0000000000000000   0.0212132034355964   0.0212132034355964
# 1      -0.0212132034355964   0.0000000000000000  -0.0212132034355964
   0.0534400300   -0.0012638500    0.0521451300
  -0.0005156500   -0.0151269300   -0.0035454600
  -0.0159393800    0.0098396800   -0.0172396600
  -0.0021663600    0.0122625200    0.0121486800
  -0.0021686800   -0.0150745400    0.0092840800
   0.0115630400    0.0127088600    0.0100946800
  -0.0005822000    0.0123791700   -0.0035348300
  -0.0291430300   -0.0012739000   -0.0303885900
   0.0012548000   -0.0711423000   -0.0698535400
  -0.0098696300    0.0087196400    0.0100786500
   0.0045583900    0.0022950200    0.0068574600
  -0.0017811900    0.0054585100   -0.0101982000
   0.0045738500    0.0055023000   -0.0074133100
  -0.0018269800    0.0026505600    0.0068397400
  -0.0126797100    0.0022996800    0.0036881800
   0.0012827000    0.0297655600    0.0310370200
# File: 35   
# 9       0.0000000000000000   0.0212132034355964   0.0212132034355964
# 1       0.0000000000000000   0.0212132034355964   0.0212132034355964
   0.0000081400   -0.0546756500   -0.0546756500
   0.0000128600    0.0145459200    0.0145459200
   0.0137739500    0.0103877400    0.0008705200
  -0.0137253400    0.0006906200    0.0132587100
   0.0137739500    0.0008705200    0.0103877400
  -0.0137253400    0.0132587100    0.0006906200
  -0.0000564400   -0.0129587000   -0.0129587000
  -0.0000259000    0.0278474400    0.0278474400
   0.0000408500   -0.0723901900   -0.0723901900
  -0.0002148100    0.0073102200    0.0073102200
   0.0031648400    0.0151294600    0.0040654000
  -0.0032035000    0.0041528800    0.0123591700
   0.0031648400    0.0040654000    0.0151294600
  -0.0032035000    0.0123591700    0.0041528800
   0.0002062500    0.0009317500    0.0009317500
   0.0000091500    0.0284747000    0.0284747000
# File: 36   
# 9       0.0000000000000000   0.0212132034355964   0.0212132034355964
# 1       0.0000000000000000  -0.0212132034355964  -0.0212132034355964
   0.0000437100    0.0521380300    0.0521380300
   0.0000547700   -0.0172903600   -0.0172903600
  -0.0137733900    0.0092723200   -0.0034719500
   0.0137248400   -0.0036277400    0.0121380100
  -0.0137733900   -0.0034719500    0.0092723200
   0.0137248400    0.0121380100   -0.0036277400
  -0.0000112400    0.0102144800    0.0102144800
  -0.0000259600   -0.0303911800   -0.0303911800
  -0.0000623500   -0.0698284000   -0.0698284000
  -0.0001647600    0.0100444900    0.0100444900
   0.0032054400   -0.0074040900    0.0068710400
  -0.0031637100    0.0068412100   -0.0102101600
   0.0032054400    0.0068710400   -0.0074040900
  -0.0031637100   -0.0102101600    0.0068412100
   0.0001703600    0.0036664200    0.0036664200
   0.0000091000    0.0310379000    0.0310379000
# File: 37   
# 9       0.0000000000000000   0.0212132034355964   0.0212132034355964
# 2       0.0212132034355964   0.0000000000000000   0.0212132034355964
   0.0005927000    0.0124653600    0.0008826700
  -0.0533806700   -0.0013920300   -0.0547923200
   0.0022030700   -0.0037929300   -0.0007606500
   0.0158783700   -0.0014865700    0.0287631100
  -0.0115467300   -0.0013152200   -0.0016214700
   0.0021272400    0.0266056700   -0.0009213500
   0.0292134400   -0.0015055600    0.0276142200
   0.0005375800   -0.0150114300    0.0009027800
   0.0127581600   -0.0710642300   -0.0724524400
  -0.0012899000    0.0086231200    0.0073499200
   0.0018242800    0.0024709300    0.0153235900
  -0.0045824700    0.0052569700    0.0010833100
   0.0018025700    0.0056088600    0.0011280200
  -0.0045913300    0.0024766800    0.0180889600
  -0.0012942500    0.0023083300    0.0010170100
   0.0097479500    0.0297520600    0.0283946500
# File: 38   
# 9       0.0000000000000000   0.0212132034355964   0.0212132034355964
# 2      -0.0212132034355964   0.0000000000000000  -0.0212132034355964
  -0.0005399700   -0.0150115800   -0.0034280600
   0.0534303200   -0.0013616100    0.0520504100
  -0.0022024500    0.0234546400   -0.0018405300
  -0.0158757400   -0.0014484700   -0.0033685100
   0.0115540400   -0.0012855900    0.0212844100
  -0.0021268600   -0.0012052200   -0.0020130300
  -0.0292727400   -0.0012347700   -0.0303504500
  -0.0005889000    0.0124647000   -0.0034502900
  -0.0099453800   -0.0711364400   -0.0697795700
   0.0012855200    0.0087114400    0.0100027800
   0.0045720200    0.0024693900   -0.0071496200
  -0.0017878900    0.0053292900    0.0038582300
   0.0045681300    0.0057297500    0.0038113200
  -0.0018138300    0.0024657000   -0.0043458800
   0.0012925600    0.0023063100    0.0035798800
  -0.0125488500    0.0297524600    0.0311389100
# File: 39   
# 9       0.0000000000000000   0.0212132034355964   0.0212132034355964
# 2       0.0000000000000000   0.0212132034355964   0.0212132034355964
   0.0000387800    0.0146444200    0.0146444200
   0.0000040600   -0.0547688100   -0.0547688100
  -0.0137495400    0.0119667800   -0.0007452500
   0.0137454600   -0.0009034700    0.0148879500
  -0.0137495400   -0.0007452500    0.0119667800
   0.0137454600    0.0148879500   -0.0009034700
   0.0002354300    0.0277476200    0.0277476200
  -0.0000193400   -0.0128589200   -0.0128589200
  -0.0000230100   -0.0724712900   -0.0724712900
  -0.0000213000    0.0073947900    0.0073947900
   0.0031559400    0.0011304300    0.0153582600
  -0.0032141300    0.0181506400    0.0010613000
   0.0031559400    0.0153582600    0.0011304300
  -0.0032141300    0.0010613000    0.0181506400
  -0.0000119300    0.0010159400    0.0010159400
  -0.0000781600    0.0283896100    0.0283896100
# File: 40   
# 9       0.0000000000000000   0.0212132034355964   0.0212132034355964
# 2       0.0000000000000000  -0.0212132034355964  -0.0212132034355964
   0.0000126400   -0.0171890100   -0.0171890100
   0.0000628100    0.0520433300    0.0520433300
   0.0137495500    0.0076883500   -0.0018551000
  -0.0137451400   -0.0020330300    0.0105046000
   0.0137495500   -0.0018551000    0.0076883500
  -0.0137451400    0.0105046000   -0.0020330300
  -0.0003021200   -0.0304814300   -0.0304814300
  -0.0000322800    0.0103114500    0.0103114500
  -0.0003568900   -0.0697469000   -0.0697469000
   0.0000006300    0.0099594600    0.0099594600
   0.0032151500    0.0038381100   -0.0071851800
  -0.0031544600   -0.0044041200    0.0038471000
   0.0032151500   -0.0071851800    0.0038381100
  -0.0031544600    0.0038471000   -0.0044041200
   0.0000303400    0.0035818600    0.0035818600
   0.0004546600    0.0311205000    0.0311205000
# File: 41   
# 9       0.0000000000000000   0.0212132034355964   0.0212132034355964
# 3       0.0212132034355964   0.0000000000000000   0.0212132034355964
   0.0159663900   -0.0012670600    0.0146665500
   0.0022197800   -0.0151220700   -0.0008174700
  -0.0535822700    0.0098256500   -0.0548773300
   0.0005591500    0.0122764900    0.0149088900
   0.0005504100   -0.0150527800    0.0120196500
   0.0291135500    0.0128361800    0.0276470000
   0.0021849500    0.0123778000   -0.0008183600
  -0.0116318600   -0.0012701500   -0.0128789900
  -0.0012949400   -0.0712154700   -0.0723998600
  -0.0013265200    0.0087209900    0.0185174100
   0.0018907100    0.0024562200    0.0041898700
   0.0094505300    0.0054107600    0.0010980400
   0.0130080200    0.0055073600    0.0011202800
  -0.0044750100    0.0024699400    0.0041912500
  -0.0013991900    0.0022452400    0.0149095600
  -0.0012337000    0.0298009000    0.0285235100
# File: 42   
# 9       0.0000000000000000   0.0212132034355964   0.0212132034355964
# 3      -0.0212132034355964   0.0000000000000000  -0.0212132034355964
  -0.0159147700   -0.0012792400   -0.0172149700
  -0.0021549700    0.0123792500   -0.0019285200
   0.0535880100    0.0098272400    0.0522936100
  -0.0005594300   -0.0152135600    0.0104856900
  -0.0005512900    0.0124562100    0.0076325900
  -0.0291138200    0.0125753600   -0.0305769300
  -0.0022496100   -0.0151237100   -0.0019268900
   0.0115813300   -0.0012764200    0.0103343100
   0.0012910100   -0.0713436800   -0.0698171300
   0.0013506700    0.0086290000   -0.0039575000
   0.0044805100    0.0024659300    0.0067799900
  -0.0130307000    0.0055506300    0.0038142300
  -0.0094257600    0.0054561300    0.0038480900
  -0.0018921500    0.0024898500    0.0067749200
   0.0013689100    0.0023458000   -0.0075303300
   0.0012320600    0.0300612200    0.0309888200
# File: 43   
# 9       0.0000000000000000   0.0212132034355964   0.0212132034355964
# 3       0.0000000000000000   0.0212132034355964   0.0212132034355964
   0.0137888200   -0.0007100800    0.0008938300
  -0.0135933000    0.0007837100   -0.0008344200
   0.0000000000   -0.0405873300   -0.0548897500
   0.0000000000    0.0144019800    0.0286589500
   0.0000000000   -0.0128612800   -0.0014523700
   0.0000000000    0.0419532400    0.0275201400
   0.0135933000    0.0007837100   -0.0008344200
  -0.0137888200   -0.0007100800    0.0008938300
   0.0000000000   -0.0612618500   -0.0723741100
   0.0000000000    0.0073558100    0.0185131900
   0.0031517100    0.0011813000    0.0041690300
  -0.0034105100    0.0040833900    0.0011183000
   0.0034105100    0.0040833900    0.0011183000
  -0.0031517100    0.0011813000    0.0041690300
   0.0000000000    0.0008349800    0.0148018800
   0.0000000000    0.0394878000    0.0285285900
# File: 44   
# 9       0.0000000000000000   0.0212132034355964   0.0212132034355964
# 3       0.0000000000000000  -0.0212132034355964  -0.0212132034355964
  -0.0137330400   -0.0018345300   -0.0034396900
   0.0136524300   -0.0035280500   -0.0019107900
   0.0000000000    0.0605028600    0.0522876500
   0.0000000000   -0.0173316900   -0.0032541100
   0.0000000000    0.0102668900    0.0211119100
   0.0000000000   -0.0165038900   -0.0304292900
  -0.0136524300   -0.0035280500   -0.0019107900
   0.0137330400   -0.0018345300   -0.0034396900
   0.0000000000   -0.0783668500   -0.0698329400
   0.0000000000    0.0100166600   -0.0039657700
   0.0031994000    0.0037556400    0.0067964800
  -0.0033342500    0.0068761900    0.0038212200
   0.0033342500    0.0068761900    0.0038212200
  -0.0031994000    0.0037556400    0.0067964800
   0.0000000000    0.0037128700   -0.0074462000
   0.0000000000    0.0171646600    0.0309943300
# File: 45   
# 9       0.0000000000000000   0.0212132034355964   0.0212132034355964
# 4       0.0212132034355964   0.0000000000000000   0.0212132034355964
   0.0021796100   -0.0150003600   -0.0007098300
   0.0160561500   -0.0013558600    0.0145512900
   0.0005600200    0.0235751200    0.0009115100
  -0.0532113000   -0.0014416800   -0.0436604800
   0.0291201300   -0.0011670200    0.0389474800
   0.0005699500   -0.0013372500    0.0006696100
  -0.0117957200   -0.0013555000   -0.0129458100
   0.0021497000    0.0124522200   -0.0007132300
  -0.0014389700   -0.0711421700   -0.0583236600
  -0.0014037000    0.0084851200    0.0073085000
   0.0158534200    0.0024703700    0.0040565800
  -0.0044792300    0.0054936500    0.0011887100
   0.0019361000    0.0055171400    0.0011831500
   0.0067887300    0.0024658800    0.0041782700
  -0.0013576700    0.0025822100    0.0009460000
  -0.0015272300    0.0297581300    0.0424119100
# File: 46   
# 9       0.0000000000000000   0.0212132034355964   0.0212132034355964
# 4      -0.0212132034355964   0.0000000000000000  -0.0212132034355964
  -0.0021281300    0.0124515700   -0.0018355000
  -0.0159789700   -0.0013885800   -0.0172948000
  -0.0005588000   -0.0039059900   -0.0035109900
   0.0532015600   -0.0015043000    0.0693429000
  -0.0291046400   -0.0014271200   -0.0192442900
  -0.0005715100    0.0267308400   -0.0036054300
   0.0117270400   -0.0013908800    0.0102000200
  -0.0021995100   -0.0149964500   -0.0018316900
   0.0014966600   -0.0710559600   -0.0869186100
   0.0013993500    0.0084875400    0.0100404500
  -0.0067040700    0.0024699900    0.0068752800
  -0.0018889800    0.0054528300    0.0037499600
   0.0044334000    0.0054689100    0.0037547000
  -0.0159638500    0.0024763300    0.0068064400
   0.0013564800    0.0023853200    0.0036433300
   0.0014839600    0.0297459400    0.0198282400
# File: 47   
# 9       0.0000000000000000   0.0212132034355964   0.0212132034355964
# 4       0.0000000000000000   0.0212132034355964   0.0212132034355964
  -0.0137120200    0.0008906700   -0.0007163500
   0.0139066800   -0.0007905300    0.0008024800
   0.0000000000    0.0256964500    0.0146618600
   0.0000000000   -0.0546488700   -0.0436417100
   0.0000000000    0.0279550000    0.0388141900
   0.0000000000    0.0007998300   -0.0130755900
  -0.0139066800   -0.0007905300    0.0008024800
   0.0137120200    0.0008906700   -0.0007163500
   0.0000000000   -0.0725790400   -0.0584135500
   0.0000000000    0.0213787600    0.0072491500
   0.0029596800    0.0010881800    0.0041469500
  -0.0032190600    0.0042326500    0.0011937900
   0.0032190600    0.0042326500    0.0011937900
  -0.0029596800    0.0010881800    0.0041469500
   0.0000000000    0.0123252600    0.0010094200
   0.0000000000    0.0282306800    0.0425424700
# File: 48   
# 9       0.0000000000000000   0.0212132034355964   0.0212132034355964
# 4       0.0000000000000000  -0.0212132034355964  -0.0212132034355964
   0.0137609600   -0.0034365600   -0.0018281800
  -0.0138317000   -0.0019545100   -0.0035468900
   0.0000000000   -0.0060290700   -0.0172568500
   0.0000000000    0.0517056400    0.0692994300
   0.0000000000   -0.0305294500   -0.0191037600
   0.0000000000    0.0245980600    0.0101459800
   0.0138317000   -0.0019545100   -0.0035468900
  -0.0137609600   -0.0034365600   -0.0018281800
   0.0000000000   -0.0695597100   -0.0867958200
   0.0000000000   -0.0012535400    0.0100626400
   0.0030318500    0.0038513500    0.0068128200
  -0.0031688900    0.0067324800    0.0037430900
   0.0031688900    0.0067324800    0.0037430900
  -0.0030318500    0.0038513500    0.0068128200
   0.0000000000   -0.0105472200    0.0035995400
   0.0000000000    0.0312297800    0.0196871300
# File: 49   
# 9       0.0000000000000000   0.0212132034355964   0.0212132034355964
# 9       0.0212132034355964   0.0000000000000000   0.0212132034355964
  -0.0012204300   -0.0012204300   -0.0025190000
   0.0098832600   -0.0012958500   -0.0025938500
  -0.0012958500    0.0098832600   -0.0025938500
  -0.0015841700   -0.0015841700    0.0285347700
  -0.0012439600   -0.0012439600    0.0169856800
  -0.0014645300    0.0126101700   -0.0029295200
   0.0126101700   -0.0014645300   -0.0029295200
  -0.0013236300   -0.0013236300   -0.0025699000
  -0.0709769000   -0.0709769000   -0.1426216400
   0.0024650800    0.0118678500    0.0141664400
   0.0118678500    0.0024650800    0.0141664400
   0.0022959500    0.0022959500    0.0049417300
   0.0086674600    0.0086674600    0.0049356500
  -0.0008837700    0.0024718900    0.0077723100
   0.0024718900   -0.0008837700    0.0077723100
   0.0297315800    0.0297315800    0.0594819500
# File: 50   
# 9       0.0000000000000000   0.0212132034355964   0.0212132034355964
# 9      -0.0212132034355964   0.0000000000000000  -0.0212132034355964
   0.0012735100   -0.0012735100   -0.0000252900
  -0.0126979100   -0.0014686500    0.0000000000
   0.0012995100    0.0098290000    0.0000000000
   0.0013727900   -0.0013727900   -0.0000335200
   0.0013727900   -0.0013727900    0.0000335200
   0.0014686500    0.0126979100    0.0000000000
  -0.0098290000   -0.0012995100    0.0000000000
   0.0012735100   -0.0012735100    0.0000252900
   0.0711067700   -0.0711067700    0.0000000000
  -0.0024719500    0.0054838800    0.0031849400
  -0.0054838800    0.0024719500   -0.0031849400
  -0.0086735800    0.0086735800    0.0000000000
  -0.0022988000    0.0022988000    0.0000000000
  -0.0054838800    0.0024719500    0.0031849400
  -0.0024719500    0.0054838800   -0.0031849400
  -0.0297565800    0.0297565800    0.0000000000
# File: 51   
# 9       0.0000000000000000   0.0212132034355964   0.0212132034355964
# 10      0.0212132034355964   0.0000000000000000   0.0212132034355964
   0.0098108200   -0.0012865700   -0.0025842400
  -0.0012829200   -0.0013536500   -0.0026501800
  -0.0014337900    0.0098335000    0.0113630800
  -0.0014086700   -0.0014695300    0.0113254200
  -0.0013370500   -0.0012873000    0.0084527700
  -0.0013320700    0.0126988500    0.0084054600
  -0.0012625500   -0.0013913000   -0.0026414900
   0.0127164100   -0.0012592000   -0.0027303200
   0.0024678200   -0.0679187000   -0.0656173300
  -0.0711100100    0.0086639100   -0.0624399600
   0.0086682900   -0.0007140100    0.0079559600
   0.0054926600    0.0054810300    0.0111481100
   0.0054836100    0.0054838600    0.0047678800
   0.0023004300    0.0056561400    0.0079537200
   0.0297567900    0.0022923700    0.0320500600
   0.0024702300    0.0265705800    0.0352410500
# File: 52   
# 9       0.0000000000000000   0.0212132034355964   0.0212132034355964
# 10     -0.0212132034355964   0.0000000000000000  -0.0212132034355964
  -0.0126252000   -0.0012614800    0.0002081800
   0.0013499400   -0.0013421700   -0.0000936000
   0.0012647500    0.0098288400   -0.0110877400
   0.0014059300   -0.0014002200    0.0140691100
   0.0013378500   -0.0013799400    0.0112033400
   0.0015040400    0.0127018500   -0.0142047000
   0.0011959000   -0.0014029000   -0.0001059200
  -0.0098958400   -0.0012851700    0.0000132300
  -0.0024697000   -0.0743015500   -0.0765978700
   0.0710982900    0.0086938500    0.0797873600
  -0.0022969000    0.0056560600    0.0030137500
  -0.0118607600    0.0054837100   -0.0062055900
   0.0008872900    0.0054841200    0.0001719300
  -0.0086676900   -0.0007135400    0.0030120900
  -0.0297577900    0.0023024600   -0.0274600300
  -0.0024701100    0.0329360900    0.0242764600
# File: 53   
# 9       0.0000000000000000   0.0212132034355964   0.0212132034355964
# 11      0.0000000000000000   0.0212132034355964   0.0212132034355964
   0.0000266900    0.0085396500   -0.0025918500
  -0.0000105100   -0.0028305100    0.0113337100
   0.0000266900    0.0085396500   -0.0025918500
  -0.0000105100   -0.0028305100    0.0113337100
   0.0000117900   -0.0026824400    0.0084521500
  -0.0000262300    0.0114470300   -0.0027224900
   0.0000117900   -0.0026824400    0.0084521500
  -0.0000262300    0.0114470300   -0.0027224900
   0.0031841600   -0.0686419700   -0.0656260100
  -0.0031858600    0.0141596700    0.0111479400
   0.0031841600   -0.0686419700   -0.0656260100
  -0.0031858600    0.0141596700    0.0111479400
   0.0031858500    0.0077833600    0.0047687700
  -0.0031858900    0.0322252000    0.0352377900
   0.0031858500    0.0077833600    0.0047687700
  -0.0031858900    0.0322252000    0.0352377900
# File: 54   
# 9       0.0000000000000000   0.0212132034355964   0.0212132034355964
# 11      0.0000000000000000  -0.0212132034355964  -0.0212132034355964
   0.0000242900   -0.0139511500    0.0002154300
   0.0000769900   -0.0000824900   -0.0112040800
   0.0000241800    0.0111197600   -0.0000082100
   0.0000784000   -0.0001073300    0.0140612900
  -0.0000769900    0.0000824900    0.0112040800
  -0.0000242900    0.0139511500   -0.0002154300
  -0.0000784000    0.0001073300   -0.0140612900
  -0.0000241800   -0.0111197600    0.0000082100
  -0.0031879900   -0.0735739600   -0.0765872500
   0.0031829300    0.0031948900    0.0062075300
   0.0031879900    0.0735739600    0.0765872500
  -0.0031829300   -0.0031948900   -0.0062075300
   0.0031857100    0.0031859300    0.0001711200
  -0.0031852600   -0.0272873400   -0.0242794900
  -0.0031857100   -0.0031859300   -0.0001711200
   0.0031852600    0.0272873400    0.0242794900
# File: 55   
# 9       0.0000000000000000   0.0212132034355964   0.0212132034355964
# 11      0.0212132034355964   0.0000000000000000   0.0212132034355964
  -0.0013523400   -0.0012837400   -0.0026500600
  -0.0014693500   -0.0014087200    0.0113261500
  -0.0012866400    0.0098109700   -0.0025855500
   0.0098327200   -0.0014324800    0.0113629200
   0.0126995900   -0.0013333100    0.0084056500
  -0.0012592000    0.0127161900   -0.0027290400
  -0.0012874900   -0.0013369600    0.0084520000
  -0.0013925800   -0.0012618000   -0.0026415400
   0.0086639900   -0.0711102400   -0.0624400900
   0.0054810700    0.0054926100    0.0111483000
  -0.0679185500    0.0024679300   -0.0656172700
  -0.0007141200    0.0086683600    0.0079558000
   0.0056562200    0.0023003200    0.0079537100
   0.0265706000    0.0024702600    0.0352411600
   0.0054837500    0.0054836100    0.0047677400
   0.0022923200    0.0297569800    0.0320501100
# File: 56   
# 9       0.0000000000000000   0.0212132034355964   0.0212132034355964
# 11     -0.0212132034355964   0.0000000000000000  -0.0212132034355964
   0.0014035700   -0.0011963200    0.0001059800
   0.0013792900   -0.0013379400   -0.0112029300
   0.0012851500    0.0098951300   -0.0000138900
  -0.0127023600   -0.0015033800    0.0142054500
  -0.0098284400   -0.0012654000    0.0110870300
   0.0012615000    0.0126259500   -0.0002075200
   0.0014010000   -0.0014059400   -0.0140695600
   0.0013414900   -0.0013494700    0.0000935500
  -0.0086938800   -0.0710982500   -0.0797873200
  -0.0054835800    0.0118606900    0.0062055700
   0.0743015200    0.0024697300    0.0765979000
  -0.0056560500    0.0022969400   -0.0030137700
   0.0007135500    0.0086676700   -0.0030120700
  -0.0329361100    0.0024701000   -0.0242764800
  -0.0054841300   -0.0008872800   -0.0001719400
  -0.0023024900    0.0297577700    0.0274599900
# File: 57   
# 9       0.0000000000000000   0.0212132034355964   0.0212132034355964
# 11      0.0212132034355964   0.0212132034355964   0.0000000000000000
  -0.0012831800    0.0085374300   -0.0012820600
  -0.0013282800   -0.0027456500   -0.0014163400
  -0.0012820600    0.0085374300   -0.0012831800
   0.0098845500   -0.0027662000    0.0126485000
   0.0126485000   -0.0027662000    0.0098845500
  -0.0012657000    0.0114475300   -0.0014833000
  -0.0014163400   -0.0027456500   -0.0013282800
  -0.0014833000    0.0114475300   -0.0012657000
   0.0054814000   -0.0686402100   -0.0679251500
   0.0022953100    0.0109744700    0.0086764600
  -0.0679251500   -0.0686402100    0.0054814000
  -0.0007129700    0.0109673400    0.0056579700
   0.0056579700    0.0109673400   -0.0007129700
   0.0265692200    0.0322253000    0.0054835800
   0.0086764600    0.0109744700    0.0022953100
   0.0054835800    0.0322253000    0.0265692200
# File: 58   
# 9       0.0000000000000000   0.0212132034355964   0.0212132034355964
# 11     -0.0212132034355964  -0.0212132034355964   0.0000000000000000
   0.0015042400   -0.0139497700   -0.0012644400
   0.0013958000    0.0000000000   -0.0013958000
   0.0012808600    0.0111214400   -0.0012649200
  -0.0127518200    0.0000000000    0.0127518200
  -0.0097773400    0.0000000000    0.0097773400
   0.0012644400    0.0139497700   -0.0015042400
   0.0013504000    0.0000000000   -0.0013504000
   0.0012649200   -0.0111214400   -0.0012808600
  -0.0054854300   -0.0735749100   -0.0742919900
  -0.0023001800    0.0063781700    0.0086778900
   0.0742919900    0.0735749100    0.0054854300
  -0.0056544500   -0.0000017000   -0.0007151100
   0.0007151100    0.0000017000    0.0056544500
  -0.0329384300   -0.0272861400    0.0054821900
  -0.0086778900   -0.0063781700    0.0023001800
  -0.0054821900    0.0272861400    0.0329384300
# File: 59   
# 9       0.0000000000000000   0.0212132034355964   0.0212132034355964
# 15      0.0212132034355964   0.0000000000000000   0.0212132034355964
   0.0127215400   -0.0012652900   -0.0027315500
  -0.0012381300   -0.0014101600   -0.0026557400
  -0.0013110200    0.0097351600    0.0084758800
  -0.0013638900   -0.0014425900    0.0113428700
  -0.0013823100   -0.0013166000    0.0084399100
  -0.0014574000    0.0127986900    0.0112930100
  -0.0013076100   -0.0013358000   -0.0026362400
   0.0098050400   -0.0012814900   -0.0025830100
   0.0024696100   -0.0742918600   -0.0656276900
   0.0297553200    0.0086736700    0.0384291700
   0.0086695900    0.0056564800    0.0079547700
  -0.0008850200    0.0054832200    0.0047689400
   0.0118622000    0.0054829200    0.0111478700
   0.0022991700   -0.0007139300    0.0079538000
  -0.0711078400    0.0022873200   -0.0688114800
   0.0024707400    0.0329402700    0.0352395100
# File: 60   
# 9       0.0000000000000000   0.0212132034355964   0.0212132034355964
# 15     -0.0212132034355964   0.0000000000000000  -0.0212132034355964
  -0.0098018700   -0.0012831900    0.0000185400
   0.0013055000   -0.0013885800   -0.0000878500
   0.0014770400    0.0099266800   -0.0139391800
   0.0013613600   -0.0015635800    0.0140511200
   0.0013833700   -0.0012158200    0.0112156300
   0.0012905600    0.0126017400   -0.0113584000
   0.0012416000   -0.0013563300   -0.0001107200
  -0.0127228200   -0.0012635100    0.0002027200
  -0.0024735900   -0.0679252700   -0.0765843500
  -0.0297592600    0.0086837000   -0.0210809500
  -0.0022977600   -0.0007143200    0.0030143000
  -0.0054817800    0.0054821500    0.0001733500
  -0.0054905500    0.0054855600   -0.0062064800
  -0.0086666500    0.0056559600    0.0030115500
   0.0711049600    0.0023063600    0.0734049300
  -0.0024701100    0.0265684600    0.0242757700
# File: 61   
# 9       0.0000000000000000   0.0212132034355964   0.0212132034355964
# 16      0.0212132034355964   0.0000000000000000   0.0212132034355964
  -0.0012480300   -0.0012974900   -0.0025451300
   0.0127435100   -0.0015047400   -0.0029716300
  -0.0012381900    0.0098073000   -0.0025348500
  -0.0014274900   -0.0013311200    0.0225586000
  -0.0013311200   -0.0014274900    0.0225586000
  -0.0015047400    0.0127435100   -0.0029716300
   0.0098073000   -0.0012381900   -0.0025348500
  -0.0012974900   -0.0012480300   -0.0025451300
   0.0297360900   -0.0711256800   -0.0413787000
   0.0024685100    0.0054947100    0.0141574400
   0.0054844900    0.0024696800    0.0077759500
   0.0022988800    0.0086695700    0.0049383200
   0.0086695700    0.0022988800    0.0049383200
   0.0054947100    0.0024685100    0.0141574400
   0.0024696800    0.0054844900    0.0077759500
  -0.0711256800    0.0297360900   -0.0413787000
# File: 62   
# 9       0.0000000000000000   0.0212132034355964   0.0212132034355964
# 16     -0.0212132034355964   0.0000000000000000  -0.0212132034355964
   0.0012980100   -0.0012980100    0.0000000000
  -0.0097956300   -0.0012381000    0.0000590600
   0.0012381000    0.0097956300   -0.0000590600
   0.0016049900   -0.0016049900    0.0000000000
   0.0011672800   -0.0011672800    0.0000000000
   0.0015047600    0.0127314400    0.0000367600
  -0.0127314400   -0.0015047600   -0.0000367600
   0.0012491000   -0.0012491000    0.0000000000
  -0.0297519900   -0.0711006000   -0.1008609100
  -0.0024719800    0.0118601800    0.0031927500
   0.0008870700    0.0024712200    0.0031879900
  -0.0086705800    0.0022968800    0.0000000600
  -0.0022968800    0.0086705800   -0.0000000600
  -0.0118601800    0.0024719800   -0.0031927500
  -0.0024712200   -0.0008870700   -0.0031879900
   0.0711006000    0.0297519900    0.1008609100
