# File: 1    
# 1       0.0000000000000000   0.0212132034355964   0.0212132034355964
   0.0000000000   -0.0534048400   -0.0534048400
   0.0000000000    0.0159169500    0.0159169500
   0.0137484300    0.0005599400    0.0021654900
  -0.0137484300    0.0021654900    0.0005599400
   0.0137484300    0.0021654900    0.0005599400
  -0.0137484300    0.0005599400    0.0021654900
   0.0000000000   -0.0115849000   -0.0115849000
   0.0000000000    0.0291176500    0.0291176500
  -0.0000091600   -0.0012827700   -0.0012827700
  -0.0001885400   -0.0013671600   -0.0013671600
   0.0000000000    0.0126701400   -0.0013887800
   0.0000000000   -0.0013584600    0.0098812500
   0.0000000000   -0.0013887800    0.0126701400
   0.0000000000    0.0098812500   -0.0013584600
   0.0001885400   -0.0013671600   -0.0013671600
   0.0000091600   -0.0012827700   -0.0012827700
# File: 2    
# 9       0.0000000000000000   0.0212132034355964   0.0212132034355964
   0.0000263400   -0.0012734300   -0.0012734300
   0.0000355100   -0.0013727200   -0.0013727200
   0.0000000000    0.0098309900   -0.0013005000
   0.0000000000   -0.0014675300    0.0126960500
   0.0000000000   -0.0013005000    0.0098309900
   0.0000000000    0.0126960500   -0.0014675300
  -0.0000355100   -0.0013727200   -0.0013727200
  -0.0000263400   -0.0012734300   -0.0012734300
   0.0000000000   -0.0711073400   -0.0711073400
   0.0000000000    0.0086767500    0.0086767500
   0.0031844500    0.0024710700    0.0054835600
  -0.0031844500    0.0054835600    0.0024710700
   0.0031844500    0.0054835600    0.0024710700
  -0.0031844500    0.0024710700    0.0054835600
   0.0000000000    0.0022987200    0.0022987200
   0.0000000000    0.0297559000    0.0297559000
