64   
14   

1    
 -0.0040498735165002  -0.0040482477999736   0.0081981835945751
   0.0188620600    0.0181922400   -0.0528474800
  -0.0016899800   -0.0023947700   -0.0042640400
  -0.0017107300   -0.0023523900   -0.0042645600
  -0.0018195600   -0.0024943500   -0.0044270500
  -0.0017510900   -0.0024273500   -0.0040569700
  -0.0016930600   -0.0025035300   -0.0040943500
  -0.0018343300   -0.0023820600   -0.0040852700
  -0.0016580300   -0.0023163200   -0.0041551000
  -0.0018648800   -0.0025198500    0.0003277200
  -0.0019585200   -0.0032375700    0.0007215100
  -0.0019472100   -0.0024218600    0.0002283000
  -0.0014955100   -0.0017379300    0.0007066500
  -0.0015080200   -0.0021566900    0.0003472000
  -0.0029944400   -0.0016966100    0.0010788800
  -0.0018730300   -0.0024380100    0.0003158100
  -0.0019739000   -0.0025177100    0.0002423200
   0.0010428600    0.0017017600   -0.0006329000
   0.0013059800    0.0016257700   -0.0006943000
   0.0002776900    0.0013599900    0.0001680700
   0.0019696300    0.0024191500   -0.0000419800
   0.0016650400    0.0017059900   -0.0006223200
   0.0011805000    0.0017867200   -0.0005814800
   0.0027177500    0.0000359400    0.0007320600
   0.0011118400    0.0015170100   -0.0007395200
   0.0038156800    0.0028624600    0.0021760000
   0.0038340600    0.0032847300    0.0022624000
   0.0042084700    0.0028849800    0.0022362300
   0.0037376800    0.0028101700    0.0021767400
   0.0034732100    0.0026360600    0.0011111600
   0.0050419100    0.0016302800   -0.0000397800
   0.0023900600    0.0041614700   -0.0001698700
   0.0009656800    0.0000067300   -0.0012829200
   0.0018112400    0.0132891900    0.0009411400
   0.0018799600    0.0128731200    0.0013781800
  -0.0071110000    0.0227526500    0.0143195300
   0.0015509700    0.0131894600    0.0009470600
   0.0018087800    0.0128851100    0.0007270400
   0.0016549700    0.0129398800    0.0008389800
   0.0013726700    0.0133482100    0.0005433100
   0.0016732400    0.0130961200    0.0009849800
  -0.0130708900    0.0011726000    0.0011790500
  -0.0129987600    0.0011692100    0.0009936300
  -0.0131031700    0.0012231300    0.0010153700
  -0.0132955200    0.0009629300    0.0008158100
  -0.0129052200    0.0017781000    0.0024661200
  -0.0128324000    0.0010157200    0.0009521800
  -0.0133629300    0.0015608300    0.0010345100
  -0.0131399300    0.0011370300    0.0015896200
   0.0119800600   -0.0020998900   -0.0005523100
   0.0118935100   -0.0023410400   -0.0009359300
   0.0117375600   -0.0021859100   -0.0009569700
   0.0121097400   -0.0019442500   -0.0008238000
   0.0122883100   -0.0018963400   -0.0002344600
   0.0117866200   -0.0020861600   -0.0005574700
   0.0118933100   -0.0022448600   -0.0004598900
  -0.0066434400   -0.0188274200    0.0240402000
  -0.0018562900   -0.0117675200    0.0010465200
   0.0075679400   -0.0222141500    0.0147216300
  -0.0020969800   -0.0118115200    0.0014680800
  -0.0019380700   -0.0120474500    0.0010685000
  -0.0023100600   -0.0118062000    0.0007507000
  -0.0018629600   -0.0122763600    0.0007151300
  -0.0022343500   -0.0119139500    0.0010090400
  -0.0020747400   -0.0119547200    0.0011433600

1    
  0.0040498735165002   0.0040482477999736  -0.0081981835945751
  -0.0216090500   -0.0222006900    0.0429973200
  -0.0017272400   -0.0023670100   -0.0044084100
  -0.0017044700   -0.0024102700   -0.0044077900
  -0.0015922100   -0.0022668800   -0.0042471700
  -0.0016647100   -0.0023324700   -0.0046123800
  -0.0017212400   -0.0022597100   -0.0045781000
  -0.0015818700   -0.0023802000   -0.0045881300
  -0.0017567600   -0.0024447200   -0.0045174700
  -0.0018790700   -0.0022653100   -0.0000219700
  -0.0017842600   -0.0015578700   -0.0004132700
  -0.0017991500   -0.0023653900    0.0000762500
  -0.0022414400   -0.0030443400   -0.0003981200
  -0.0022398600   -0.0026195700   -0.0000453200
  -0.0007463200   -0.0030806600   -0.0007700500
  -0.0018730400   -0.0023520300   -0.0000077500
  -0.0017734300   -0.0022706500    0.0000634300
   0.0015141700    0.0015659300   -0.0008315300
   0.0012415100    0.0016327400   -0.0007736500
   0.0022653300    0.0019034700   -0.0016168000
   0.0005969500    0.0008608000   -0.0014173900
   0.0009171500    0.0015468400   -0.0008565900
   0.0013682100    0.0014819500   -0.0008813800
  -0.0001292600    0.0032269700   -0.0021890400
   0.0014394400    0.0017497900   -0.0007203300
   0.0038053000    0.0028658300    0.0015390600
   0.0037843000    0.0024556900    0.0014521100
   0.0034312400    0.0028398600    0.0014782700
   0.0038809300    0.0029153000    0.0015385800
   0.0041184600    0.0030653900    0.0026489500
   0.0025935500    0.0040784400    0.0037273000
   0.0052128500    0.0015810400    0.0038522100
   0.0066443000    0.0057138400    0.0049480200
   0.0014186400    0.0126781900    0.0012528700
   0.0013522800    0.0131162100    0.0008129300
   0.0100920800    0.0036045400   -0.0118368400
   0.0017040900    0.0127872800    0.0012695400
   0.0014297900    0.0130947200    0.0014675500
   0.0015857500    0.0130386400    0.0013566800
   0.0018528500    0.0126445300    0.0016392900
   0.0015656000    0.0128864500    0.0012100300
  -0.0132536100    0.0011860200    0.0013636100
  -0.0133252900    0.0011937800    0.0015479900
  -0.0132236300    0.0011354700    0.0015273200
  -0.0130328900    0.0013971000    0.0017232100
  -0.0133418600    0.0006725400    0.0001607100
  -0.0134808900    0.0013393000    0.0015845700
  -0.0129735400    0.0008148700    0.0015069700
  -0.0131612900    0.0012378400    0.0009563400
   0.0120491500   -0.0020993300   -0.0003115700
   0.0121361800   -0.0018617600    0.0000742800
   0.0122850800   -0.0020128700    0.0000960200
   0.0119116700   -0.0022555900   -0.0000233700
   0.0117613300   -0.0022857900   -0.0006176400
   0.0122349400   -0.0021175700   -0.0003071000
   0.0121228500   -0.0019545900   -0.0004014600
   0.0320350800    0.0159553100   -0.0263299900
  -0.0023992500   -0.0121074100    0.0014361600
  -0.0114108300   -0.0019491300   -0.0119364900
  -0.0021358600   -0.0120678900    0.0010127800
  -0.0022995000   -0.0117985700    0.0014389500
  -0.0019361400   -0.0120649400    0.0017252400
  -0.0023780700   -0.0116077300    0.0017636200
  -0.0020114100   -0.0119507000    0.0014789300
  -0.0021636300   -0.0119150700    0.0013400000

9    
 -0.0040498735165002  -0.0040482477999736   0.0081981835945751
  -0.0018648700   -0.0024315100   -0.0042081000
  -0.0008957900   -0.0031491200   -0.0032964700
  -0.0016930800   -0.0024032200   -0.0042173100
  -0.0016135400   -0.0023986200   -0.0042642200
  -0.0014079500   -0.0018575800   -0.0040359100
  -0.0021560900   -0.0025792300   -0.0035190800
  -0.0017820800   -0.0025086600   -0.0042591300
  -0.0018072400   -0.0023354600   -0.0041695300
   0.0196529000    0.0189608800   -0.0440424200
  -0.0018466800   -0.0023894600    0.0001645100
  -0.0019181600   -0.0024145100    0.0001660100
  -0.0020222400   -0.0025405600   -0.0000959100
  -0.0020743600   -0.0025159500    0.0003127900
  -0.0018276100   -0.0025639300    0.0002740400
  -0.0019628600   -0.0023396400    0.0002307700
  -0.0018753300   -0.0024041700    0.0001613400
   0.0017663600    0.0008202200   -0.0019778200
   0.0011485700    0.0012364400   -0.0013480100
  -0.0002617100    0.0003687300   -0.0025442100
   0.0008925700    0.0022335700   -0.0019185600
   0.0011889100    0.0016629700   -0.0005516800
   0.0012002000    0.0016791900   -0.0005512000
   0.0012945800    0.0016746800   -0.0005510800
   0.0015415000    0.0015662900   -0.0005316800
   0.0029010600    0.0010979600    0.0035451100
   0.0041745800    0.0029387900    0.0020285100
   0.0051600900    0.0042464100    0.0032218100
   0.0036326900    0.0026696200    0.0019490600
   0.0007724200    0.0056383600    0.0047588900
   0.0039053400    0.0033873400    0.0019971100
   0.0039671700    0.0023480400    0.0018396600
   0.0037017900    0.0028874600    0.0021464300
   0.0015794500    0.0130966800    0.0009085500
   0.0028143300    0.0129449800    0.0019106100
   0.0019922300    0.0135631200    0.0011868000
   0.0016304800    0.0129043300    0.0009516400
   0.0016918000    0.0132594300    0.0008225200
   0.0016559300    0.0130361000    0.0010134500
   0.0015467900    0.0126883500    0.0010351700
   0.0015849100    0.0131462800    0.0009166800
  -0.0015296200   -0.0076265400    0.0112802800
  -0.0132501100    0.0011685600    0.0012208000
  -0.0129728500    0.0015281300    0.0014632100
  -0.0127915500    0.0010951100    0.0013373600
  -0.0130081500    0.0008853900    0.0011985000
  -0.0133966800    0.0013716300    0.0009113700
  -0.0131089700    0.0012135800    0.0011971600
  -0.0130537100    0.0014899800    0.0012064500
   0.0121024600   -0.0019660500   -0.0005485500
   0.0117619300   -0.0017077000   -0.0004246900
  -0.0013469200    0.0081960100    0.0100353600
   0.0123204400   -0.0019222100   -0.0002808600
   0.0123905900   -0.0020048000   -0.0005138800
   0.0119096700   -0.0022029600   -0.0006672700
   0.0118299900   -0.0017072800   -0.0009049800
   0.0120493800   -0.0020353500   -0.0004946200
  -0.0191048700   -0.0359075800    0.0201804200
  -0.0019690400   -0.0119276600    0.0014890300
  -0.0022911400   -0.0116428400    0.0014755100
  -0.0022266400   -0.0119863900    0.0012325700
  -0.0021072400   -0.0116296400    0.0008744600
  -0.0022450100   -0.0120682600    0.0008855500
  -0.0022336300   -0.0119294000    0.0012013400
  -0.0021153900   -0.0119083700    0.0011863400

9    
  0.0040498735165002   0.0040482477999736  -0.0081981835945751
  -0.0015544500   -0.0023326300   -0.0044622600
  -0.0025109500   -0.0016176900   -0.0053773800
  -0.0017268500   -0.0023582100   -0.0044536000
  -0.0017884500   -0.0023621500   -0.0044124200
  -0.0020088100   -0.0029001300   -0.0046383900
  -0.0012599500   -0.0021823100   -0.0051448300
  -0.0016371400   -0.0022532500   -0.0044151500
  -0.0016091400   -0.0024256200   -0.0045037400
  -0.0224537500   -0.0230692700    0.0431248900
  -0.0019020800   -0.0023980900    0.0001428800
  -0.0018296300   -0.0023748800    0.0001413700
  -0.0017288400   -0.0022480100    0.0003995800
  -0.0016752000   -0.0022740800   -0.0000015000
  -0.0019211200   -0.0022243800    0.0000324400
  -0.0017825900   -0.0024496900    0.0000755100
  -0.0018711800   -0.0023827400    0.0001442000
   0.0007962400    0.0024427900    0.0005015400
   0.0013964500    0.0020094600   -0.0001007100
   0.0028091600    0.0028806000    0.0010506500
   0.0016581600    0.0010359900    0.0004473100
   0.0013596400    0.0016182300   -0.0009078100
   0.0013592500    0.0015809300   -0.0009099500
   0.0012584200    0.0015878600   -0.0009104000
   0.0010207800    0.0016950700   -0.0009300200
   0.0047130900    0.0046170200    0.0001847400
   0.0034491200    0.0027869700    0.0016818000
   0.0024797600    0.0014860300    0.0005039200
   0.0039849100    0.0030492600    0.0017612800
   0.0068302900    0.0001513300   -0.0010301600
   0.0036969700    0.0023828700    0.0016953600
   0.0036548000    0.0033688600    0.0018742100
   0.0039199700    0.0028335500    0.0015727900
   0.0016748200    0.0128641200    0.0012824400
   0.0004966100    0.0130748400    0.0003869000
   0.0012535900    0.0124302600    0.0010124700
   0.0016033700    0.0130805100    0.0012373800
   0.0015442900    0.0127235100    0.0013683800
   0.0015789000    0.0129460000    0.0011830000
   0.0016864600    0.0132895700    0.0011626300
   0.0016549500    0.0128263500    0.0012776900
  -0.0244580200    0.0097608000   -0.0085745800
  -0.0130876600    0.0011833700    0.0013277000
  -0.0133609000    0.0008396600    0.0010936400
  -0.0135291500    0.0012625800    0.0012022700
  -0.0132939400    0.0014602300    0.0013219600
  -0.0129372500    0.0009894700    0.0016323800
  -0.0132148000    0.0011459100    0.0013464800
  -0.0132708300    0.0008747500    0.0013417200
   0.0119241500   -0.0022473400   -0.0003055700
   0.0122634300   -0.0024900000   -0.0004381600
   0.0250360100   -0.0119989700   -0.0106865500
   0.0117137300   -0.0022716500   -0.0005709900
   0.0116302700   -0.0022097400   -0.0003609500
   0.0121351300   -0.0019993900   -0.0001710300
   0.0121932100   -0.0024874300    0.0000364100
   0.0119792200   -0.0021651900   -0.0003649600
   0.0161706900    0.0134803700   -0.0189201100
  -0.0022742300   -0.0119536200    0.0009891900
  -0.0019536300   -0.0122337800    0.0010106300
  -0.0020091100   -0.0118776400    0.0012573300
  -0.0021421100   -0.0122458600    0.0016162000
  -0.0020020800   -0.0118087400    0.0016018400
  -0.0020048500   -0.0119539200    0.0012729900
  -0.0021271300   -0.0119627100    0.0012951100

17   
 -0.0040498735165002  -0.0040482477999736   0.0081981835945751
  -0.0015996900   -0.0025804300   -0.0042391800
  -0.0017001000   -0.0023570300   -0.0043371800
  -0.0032412300   -0.0009078900   -0.0028973200
  -0.0016795800   -0.0020578600   -0.0042428500
  -0.0008395000   -0.0017146300   -0.0037263500
  -0.0017863900   -0.0025349200   -0.0043722000
  -0.0019895600   -0.0032755300   -0.0034122500
  -0.0015662500   -0.0024327300   -0.0042038200
  -0.0024428200   -0.0017877500   -0.0009443900
  -0.0033798400   -0.0036837300   -0.0016361500
  -0.0021389900   -0.0025548200   -0.0005140300
  -0.0013172600   -0.0030303200   -0.0012119200
  -0.0018339800   -0.0024612600    0.0003124200
  -0.0018593900   -0.0024047400    0.0003132200
  -0.0017613100   -0.0024101600    0.0003127700
  -0.0019202600   -0.0021149100    0.0003329900
   0.0310611700    0.0315706000   -0.0564335600
   0.0009266800    0.0017321000   -0.0010998600
   0.0012583700    0.0011616900   -0.0011000300
   0.0011365900    0.0014910300   -0.0021501700
   0.0008710100    0.0014626400    0.0001560400
   0.0013815700    0.0009949900   -0.0001039200
   0.0008739000    0.0017685800   -0.0002377700
   0.0016465700    0.0019674500   -0.0004873100
  -0.0008997100    0.0018397000    0.0065326400
   0.0071346600    0.0064928300    0.0046310700
   0.0038096800    0.0033865400    0.0021680400
   0.0031014300    0.0023141700    0.0021276100
   0.0099036500   -0.0040157300    0.0085917000
   0.0027248300    0.0032768100    0.0017953300
   0.0052079300    0.0039738100    0.0025452500
   0.0038028600    0.0025694100    0.0024985600
  -0.0296186900   -0.0092029700    0.0238487500
   0.0017439400    0.0125151100    0.0012701100
   0.0014703200    0.0129160900    0.0011995700
   0.0012700900    0.0127353800    0.0010284400
   0.0021884800    0.0135068300    0.0003688400
   0.0011993200    0.0131587300    0.0004238900
   0.0016225800    0.0126996300    0.0006877600
   0.0016085800    0.0130921400    0.0009718100
  -0.0236248200    0.0139099000    0.0119397400
  -0.0135782500    0.0011071300    0.0014276100
  -0.0133780300    0.0011828600    0.0011764400
  -0.0135295800    0.0019307000    0.0013709300
  -0.0132893400    0.0020567200   -0.0000607000
  -0.0128697500    0.0013846200    0.0010991100
  -0.0128495300    0.0007994700    0.0010514900
  -0.0128337700    0.0011978900    0.0014011200
   0.0125997300   -0.0019977800   -0.0004515500
   0.0240051800   -0.0195897800    0.0120641600
   0.0125536200   -0.0027126700   -0.0002395900
   0.0127631000   -0.0019284200   -0.0006333500
   0.0111924300   -0.0014647700   -0.0013605400
   0.0127651000   -0.0022532300   -0.0010051800
   0.0117089600   -0.0020945600   -0.0004389000
   0.0120259200   -0.0019726800   -0.0005238400
  -0.0024493800   -0.0110048500    0.0012762200
  -0.0011054600   -0.0112818500    0.0015971100
  -0.0040615600   -0.0125069800    0.0010626900
  -0.0021620200   -0.0114435100    0.0007688300
  -0.0016862700   -0.0119435400    0.0005882200
  -0.0025732600   -0.0125523900    0.0008185400
  -0.0020541200   -0.0121143600    0.0010977200
  -0.0019385700   -0.0118067700    0.0012071500

17   
  0.0040498735165002   0.0040482477999736  -0.0081981835945751
  -0.0017784200   -0.0021445900   -0.0044636000
  -0.0016759800   -0.0023651600   -0.0043666700
  -0.0001278300   -0.0038122400   -0.0058142500
  -0.0016910500   -0.0026608400   -0.0044586600
  -0.0025389600   -0.0030101200   -0.0049775700
  -0.0015872800   -0.0021894100   -0.0043313500
  -0.0013835900   -0.0014481500   -0.0052869400
  -0.0018106100   -0.0022900100   -0.0044985700
  -0.0012610500   -0.0029633900    0.0012181200
  -0.0003206500   -0.0010588600    0.0019148900
  -0.0015682200   -0.0021879200    0.0007880800
  -0.0023928200   -0.0017187300    0.0014847200
  -0.0018710000   -0.0022865600   -0.0000359300
  -0.0018476200   -0.0023428800   -0.0000376100
  -0.0019463400   -0.0023370400   -0.0000381500
  -0.0017862500   -0.0026313300   -0.0000581500
  -0.0305919400   -0.0301046100    0.0558012100
   0.0016695700    0.0015740200   -0.0003953600
   0.0013394600    0.0021429800   -0.0003962300
   0.0014574800    0.0018119200    0.0006542900
   0.0017203900    0.0018418500   -0.0016447700
   0.0012140000    0.0023127400   -0.0013930900
   0.0017220500    0.0015328200   -0.0012602400
   0.0009498900    0.0013361500   -0.0010060100
   0.0085246600    0.0039630300   -0.0028202300
   0.0005197200   -0.0007327900   -0.0009460100
   0.0038509700    0.0023780700    0.0015165900
   0.0045614000    0.0034559600    0.0015543500
  -0.0022054300    0.0098151200   -0.0049440700
   0.0049314900    0.0024901000    0.0018876000
   0.0024461500    0.0017881500    0.0011473400
   0.0038601500    0.0031982300    0.0011799900
   0.0343853500    0.0365772300   -0.0228868300
   0.0015304600    0.0135043600    0.0008922000
   0.0018059700    0.0131050500    0.0009652300
   0.0020079600    0.0132850800    0.0011369400
   0.0010896300    0.0125127700    0.0017994000
   0.0020830900    0.0128620400    0.0017439100
   0.0016508700    0.0133228100    0.0014756500
   0.0016673500    0.0129279200    0.0011915600
  -0.0028016400   -0.0112478600   -0.0093597400
  -0.0127076800    0.0012906300    0.0010852700
  -0.0129100800    0.0012074300    0.0013387500
  -0.0127579200    0.0004732400    0.0011417300
  -0.0129979900    0.0003570800    0.0025581700
  -0.0134169100    0.0010157000    0.0014157200
  -0.0134375100    0.0016013100    0.0014641400
  -0.0134515800    0.0012003300    0.0011144700
   0.0114628400   -0.0021663400   -0.0004367300
   0.0004398000    0.0151886700   -0.0128416300
   0.0115142800   -0.0014455200   -0.0006482500
   0.0112999900   -0.0022356400   -0.0002578000
   0.0128726700   -0.0027010800    0.0004717600
   0.0113086200   -0.0019013200    0.0001095200
   0.0123581600   -0.0020673700   -0.0004528400
   0.0120431000   -0.0021863300   -0.0003640800
  -0.0017571700   -0.0128263300    0.0011799400
  -0.0030908700   -0.0125470400    0.0008534300
   0.0000375500   -0.0111611800    0.0015417500
  -0.0020426700   -0.0123895300    0.0016883900
  -0.0025251400   -0.0118881900    0.0018721300
  -0.0016305000   -0.0112790500    0.0016340700
  -0.0021484100   -0.0117167000    0.0013520800
  -0.0022639400   -0.0120287200    0.0012480000

25   
 -0.0040498735165002  -0.0040482477999736   0.0081981835945751
  -0.0016752500   -0.0023671200   -0.0040359000
  -0.0012752500   -0.0023375300   -0.0039450400
  -0.0016658400   -0.0019742300   -0.0039715000
  -0.0017516600   -0.0024180700   -0.0040362000
  -0.0042905800   -0.0052181400   -0.0075499700
  -0.0029415300   -0.0013008800   -0.0063299200
  -0.0004524300   -0.0035287700   -0.0062691600
  -0.0020510200   -0.0027215700   -0.0050254600
   0.0009117800   -0.0054421500    0.0029775800
  -0.0021653500   -0.0021118900    0.0000730200
  -0.0015303000   -0.0023538000    0.0003338200
  -0.0017749200   -0.0023384400    0.0004678200
  -0.0035249300   -0.0033175400    0.0018767700
  -0.0004388900   -0.0008749400    0.0014332700
  -0.0019266000   -0.0022159100    0.0003387100
  -0.0021514700   -0.0026022800    0.0002043600
  -0.0057171000    0.0073708000    0.0061037700
   0.0022899700    0.0031240200   -0.0001380400
   0.0017325200    0.0007676600   -0.0008770500
   0.0010603200    0.0015253200    0.0000004500
   0.0005871800   -0.0029612200    0.0038270000
   0.0015812000    0.0015539100   -0.0003466200
   0.0047989500    0.0050743900    0.0021568000
   0.0008308400    0.0008858700   -0.0005281300
   0.0562917900    0.0552504900   -0.1061035600
   0.0020112000    0.0029722500    0.0012116800
   0.0039797100    0.0011270100    0.0012128400
   0.0034433400    0.0024966900   -0.0023717200
   0.0030283600    0.0020277200    0.0042422100
   0.0040111100    0.0013045000    0.0033331100
   0.0022036900    0.0030784400    0.0033547900
   0.0048052300    0.0038484600    0.0024603900
   0.0029135100    0.0132971800   -0.0009131500
   0.0013634800    0.0142224000    0.0009047300
   0.0018086700    0.0131769700    0.0008178500
   0.0015879200    0.0134113700    0.0012174700
   0.0219185000   -0.0098722100    0.0252052600
   0.0020671700    0.0126561200    0.0011095100
   0.0014799000    0.0127504000    0.0014035600
   0.0024259100    0.0123786000    0.0020805300
  -0.0559929700   -0.0455108900    0.0453587100
  -0.0131128900    0.0008469800    0.0014473100
  -0.0136761200    0.0015367800    0.0015176700
  -0.0136650300    0.0006415300    0.0018115700
  -0.0120077800    0.0017874400    0.0003030600
  -0.0135038100    0.0012882800    0.0003317500
  -0.0127093700    0.0003505500    0.0000684200
  -0.0132468400    0.0011898700    0.0011198100
   0.0113294000   -0.0041866700    0.0026251500
   0.0135511400   -0.0025915900    0.0000139200
   0.0124579900   -0.0016789600   -0.0007822700
   0.0129558500   -0.0011564100    0.0011221100
   0.0119255000   -0.0020066500   -0.0007107300
   0.0116448100   -0.0016337800   -0.0012809900
   0.0117881800   -0.0016244600   -0.0005222500
   0.0108407800   -0.0026065800   -0.0009513400
  -0.0025149900   -0.0113884300    0.0000752400
  -0.0020111800   -0.0117544600    0.0010848200
  -0.0012719600   -0.0130216800   -0.0000550200
  -0.0021328000   -0.0124513900    0.0011773600
  -0.0278181200    0.0087320100    0.0253253100
  -0.0017394900   -0.0113178100    0.0011138300
  -0.0020974300   -0.0106834800    0.0015472500
  -0.0027919900   -0.0111041100    0.0023534300

25   
  0.0040498735165002   0.0040482477999736  -0.0081981835945751
  -0.0017023600   -0.0023570600   -0.0046664500
  -0.0021058800   -0.0023907900   -0.0047580000
  -0.0017157800   -0.0027517600   -0.0047313400
  -0.0016243800   -0.0023056300   -0.0046681300
   0.0009310300    0.0005141800   -0.0011250900
  -0.0004380700   -0.0034347800   -0.0023718800
  -0.0029357700   -0.0011962000   -0.0024345700
  -0.0013102400   -0.0019898400   -0.0036817600
  -0.0046481900    0.0007113100   -0.0027220100
  -0.0015476200   -0.0026417500    0.0002050400
  -0.0021946500   -0.0023861500   -0.0000413100
  -0.0019351100   -0.0024130200   -0.0001949100
  -0.0001767100   -0.0014356100   -0.0016103300
  -0.0032777200   -0.0038860300   -0.0011595800
  -0.0017841400   -0.0025369800   -0.0000634500
  -0.0015573600   -0.0021457800    0.0000697700
   0.0083613400   -0.0040702000   -0.0076493100
   0.0003122900    0.0001474900   -0.0013282700
   0.0008587800    0.0025309400   -0.0006128700
   0.0015306300    0.0017807100   -0.0015009800
   0.0020344700    0.0062332800   -0.0053025700
   0.0010060600    0.0017454000   -0.0011466800
  -0.0022253700   -0.0017868500   -0.0036578600
   0.0017659100    0.0024203200   -0.0009676600
  -0.0511668400   -0.0520894000    0.1110601700
   0.0056550000    0.0028006000    0.0024646400
   0.0036860200    0.0046442800    0.0024671600
   0.0042114500    0.0032636500    0.0060567800
   0.0046238600    0.0037248700   -0.0005492900
   0.0036430000    0.0044672500    0.0003368900
   0.0054700100    0.0026872800    0.0003171700
   0.0028488100    0.0019163900    0.0012298700
   0.0003672400    0.0127198300    0.0030637300
   0.0019147000    0.0117874500    0.0012609900
   0.0014625100    0.0128414200    0.0013473600
   0.0016859800    0.0125991700    0.0009390100
  -0.0181010000    0.0356200300   -0.0228649000
   0.0011880400    0.0133573000    0.0010546500
   0.0017868900    0.0132552800    0.0007478100
   0.0008475500    0.0136387900    0.0000844100
   0.0317463600    0.0499728500   -0.0446399300
  -0.0131844700    0.0015492100    0.0010682800
  -0.0126134400    0.0008517800    0.0009970600
  -0.0126213800    0.0017599500    0.0007000000
  -0.0142765900    0.0006083200    0.0022191800
  -0.0127813700    0.0011080200    0.0021870600
  -0.0135822300    0.0020537000    0.0024548900
  -0.0130400900    0.0012027900    0.0013968000
   0.0129425400    0.0002436400   -0.0033605400
   0.0105005900   -0.0015659000   -0.0008973700
   0.0116119700   -0.0024950600   -0.0000968900
   0.0111092300   -0.0030021200   -0.0020128400
   0.0121405300   -0.0021568600   -0.0001787200
   0.0124156500   -0.0025360100    0.0004028300
   0.0122674900   -0.0025406600   -0.0003621000
   0.0132270600   -0.0015559900    0.0000609100
  -0.0016865300   -0.0124389700    0.0023676900
  -0.0021949000   -0.0120825800    0.0013661100
  -0.0029433200   -0.0108070500    0.0025156700
  -0.0020815100   -0.0113844800    0.0012652900
   0.0233063000   -0.0319549500   -0.0226839600
  -0.0024839300   -0.0125286800    0.0013278600
  -0.0021108400   -0.0131618400    0.0009098400
  -0.0014115200   -0.0127285100    0.0000966400

33   
  0.0099999984772645  -0.0000022752186818  -0.0000050277319179
  -0.0017394700   -0.0027867800   -0.0043446700
  -0.0019551800   -0.0024535100   -0.0041965200
   0.0083857400   -0.0136624400   -0.0156404800
  -0.0020501900   -0.0022427800   -0.0045658900
  -0.0016621700   -0.0024046400   -0.0041226300
  -0.0017209000   -0.0026996200   -0.0044864700
  -0.0014526000   -0.0021723400   -0.0044305400
  -0.0017516300   -0.0024284200   -0.0043454100
  -0.0022143800   -0.0021379000    0.0000145000
   0.0076114600    0.0088853000    0.0118401500
  -0.0022022700   -0.0023476900    0.0004258400
  -0.0018601400   -0.0021753600    0.0002483500
  -0.0015865700   -0.0025916200    0.0002536200
  -0.0019407800   -0.0023419900    0.0001583900
  -0.0020028900   -0.0021556300    0.0000871800
  -0.0021880100   -0.0018444600    0.0001904300
   0.0250515500    0.0193862600   -0.0187305000
   0.0011803600    0.0017074400   -0.0006453700
   0.0016030900    0.0019579400   -0.0006498700
   0.0008482900    0.0013247900   -0.0015816200
   0.0011077300    0.0017394500   -0.0001226000
   0.0007968700    0.0021664200   -0.0012660300
   0.0013147400    0.0014437900   -0.0008569000
   0.0011011600    0.0018196600   -0.0007931900
   0.0033098900    0.0018702900    0.0026369500
   0.0034418500    0.0025764200    0.0011672500
   0.0036213600    0.0027633500    0.0018894900
   0.0037867600    0.0035144000    0.0020740900
   0.0379038700   -0.0241415100    0.0293204300
   0.0028672400    0.0028461200    0.0018791900
   0.0044432700    0.0024358400    0.0017520200
   0.0035521500    0.0030392500    0.0027466000
  -0.1024378100    0.0199148900   -0.0048206500
   0.0017298000    0.0130251300    0.0010432300
   0.0015221200    0.0130972900    0.0010000100
   0.0034745500    0.0127531000    0.0012822400
   0.0017386900    0.0129760200    0.0008265600
   0.0017738600    0.0131850100    0.0011663400
   0.0017683400    0.0130749600    0.0010512400
   0.0016501000    0.0128226100    0.0010357400
  -0.0098142700    0.0023755800   -0.0024323000
  -0.0087266500    0.0011436300    0.0060759200
  -0.0128559400    0.0011197100    0.0013776000
  -0.0129714600    0.0011559000    0.0010716400
  -0.0137624400    0.0031044700   -0.0007527500
  -0.0130850000    0.0010223000    0.0011810100
  -0.0126591700    0.0006719600    0.0007528000
  -0.0131430800    0.0010917200    0.0011883400
   0.0120370700   -0.0020037600   -0.0005672600
   0.0125703100   -0.0032568700    0.0010866300
   0.0119995200   -0.0020384900   -0.0002665900
   0.0127361200   -0.0020490400   -0.0005135900
   0.0126202000   -0.0039593200    0.0003883300
   0.0168596400   -0.0015260800   -0.0053990500
   0.0124874300   -0.0019013200   -0.0005282200
   0.0120756200   -0.0019768500   -0.0003684600
  -0.0018372100   -0.0129129800    0.0023137900
   0.0030409400   -0.0066313200    0.0010398300
   0.0006894400   -0.0082527000    0.0009232700
   0.0022599400   -0.0171248200    0.0001741500
  -0.0016639100   -0.0117642600    0.0009627500
  -0.0020069500   -0.0118781600    0.0012758500
  -0.0020061200   -0.0119101800    0.0011044500
  -0.0016638800   -0.0122382000    0.0014213400

33   
 -0.0099999984772645   0.0000022752186818   0.0000050277319179
  -0.0016391600   -0.0019423200   -0.0043636300
  -0.0014224000   -0.0022757100   -0.0044961500
  -0.0115196300    0.0084853000    0.0064638000
  -0.0013189600   -0.0024801400   -0.0041397300
  -0.0017210300   -0.0023257900   -0.0045808600
  -0.0016584500   -0.0020273200   -0.0042150600
  -0.0019268700   -0.0025539300   -0.0042733800
  -0.0016278600   -0.0022980000   -0.0043562600
  -0.0014892400   -0.0026079100    0.0002590000
  -0.0110676700   -0.0131717200   -0.0111058100
  -0.0015064600   -0.0024052700   -0.0001564100
  -0.0018508900   -0.0025749400    0.0000255400
  -0.0021206300   -0.0021615800    0.0000233000
  -0.0017688000   -0.0024096700    0.0001179600
  -0.0017061400   -0.0025856100    0.0001928700
  -0.0015236200   -0.0029015800    0.0000845000
  -0.0228504000   -0.0166963400    0.0178532300
   0.0014249000    0.0015916300   -0.0008473600
   0.0009697200    0.0013368300   -0.0008652000
   0.0017455400    0.0019792600    0.0000787700
   0.0014812000    0.0015669600   -0.0013686700
   0.0018095700    0.0011103900   -0.0002152500
   0.0012883100    0.0018484600   -0.0006430900
   0.0014920500    0.0014820500   -0.0007007100
   0.0043555800    0.0039020900    0.0010489900
   0.0042162800    0.0031871600    0.0025244700
   0.0040346300    0.0030049800    0.0017904100
   0.0038907500    0.0022630800    0.0016254700
  -0.0306531400    0.0305788500   -0.0263296100
   0.0047988400    0.0029224400    0.0017978400
   0.0031991300    0.0033185600    0.0019482000
   0.0041166500    0.0027100000    0.0009380100
   0.1060338100    0.0059300400    0.0071789700
   0.0015401500    0.0129892100    0.0011212100
   0.0017544900    0.0129238100    0.0011642900
  -0.0001986000    0.0132653600    0.0008796700
   0.0015320900    0.0130419500    0.0013406200
   0.0014962800    0.0128373400    0.0009904700
   0.0015041400    0.0129404200    0.0011124900
   0.0016209300    0.0131900500    0.0011237700
  -0.0165153100    0.0000220800    0.0049937400
  -0.0175224100    0.0012378300   -0.0035055300
  -0.0134331400    0.0012746500    0.0011403500
  -0.0133210100    0.0012429500    0.0014407400
  -0.0125214500   -0.0006765400    0.0032383000
  -0.0132075200    0.0013774700    0.0013320000
  -0.0136256400    0.0017585700    0.0017814900
  -0.0131463300    0.0013032700    0.0013316200
   0.0120224700   -0.0021583600   -0.0003251400
   0.0114801800   -0.0008981000   -0.0019951500
   0.0120654400   -0.0021271200   -0.0006218200
   0.0113215100   -0.0021533600   -0.0004091100
   0.0113632200   -0.0001843200   -0.0013638900
   0.0072481300   -0.0026141000    0.0044446500
   0.0115801900   -0.0022597600   -0.0003607900
   0.0119869200   -0.0021874000   -0.0005222100
  -0.0024295900   -0.0108400400    0.0001364500
  -0.0072024400   -0.0171350300    0.0013911700
  -0.0049381300   -0.0156360500    0.0015188700
  -0.0064376900   -0.0067692900    0.0022952700
  -0.0025508600   -0.0120692500    0.0014971400
  -0.0022006700   -0.0119613200    0.0011757400
  -0.0021996300   -0.0119296400    0.0013474700
  -0.0025513400   -0.0116055100    0.0010119200

33   
  0.0000029930976160   0.0099999988047258  -0.0000038661155824
  -0.0016727500   -0.0026132000   -0.0040956100
  -0.0015278200   -0.0025407300   -0.0044979100
  -0.0129992500    0.0097975600    0.0074326200
  -0.0021719700   -0.0023405400   -0.0043345000
  -0.0017240400   -0.0023647300   -0.0044948800
  -0.0014268500   -0.0021594500   -0.0041793800
  -0.0020473600   -0.0024672800   -0.0041493000
  -0.0017080200   -0.0024565100   -0.0042756300
  -0.0017568800   -0.0026276300    0.0001971500
   0.0126838000    0.0142111100    0.0154784500
  -0.0020993100   -0.0027601300    0.0005114600
  -0.0018464300   -0.0026426200   -0.0000932700
  -0.0020074900   -0.0025655400    0.0002933000
  -0.0018457000   -0.0024740900    0.0001479900
  -0.0017705400   -0.0024730400   -0.0002340000
  -0.0019175100   -0.0023487600    0.0003115500
   0.0164188500    0.0152535300   -0.0141031200
   0.0016168400    0.0013508100   -0.0013401600
   0.0008660900    0.0010539100   -0.0013681100
   0.0011613000    0.0013408200   -0.0013028600
   0.0010378500    0.0020747200   -0.0000524300
   0.0009324800    0.0018609000   -0.0006392700
   0.0020572200    0.0011292300   -0.0010055400
   0.0015317300    0.0015532800   -0.0005754500
   0.0040110100    0.0029914700    0.0023465000
   0.0037218800    0.0028451600    0.0032597700
   0.0034919500    0.0028073300    0.0018423400
   0.0028819500    0.0026773000    0.0017727700
  -0.0224914400    0.0320576100   -0.0247272000
   0.0036096300    0.0027932600    0.0012621700
   0.0041786400    0.0013112600    0.0009342100
   0.0039690500    0.0025200300    0.0009626500
   0.0086457800   -0.0886114600    0.0113665100
   0.0016541100    0.0129334600    0.0013975500
   0.0017251200    0.0132368400    0.0011685900
   0.0013812000    0.0148128600    0.0006033600
   0.0016056800    0.0131241300    0.0009383700
   0.0018116100    0.0136368200    0.0008379500
   0.0017027600    0.0131216800    0.0010468200
   0.0014527900    0.0130603700    0.0010478800
  -0.0131079200    0.0017384300    0.0011252000
  -0.0137644300    0.0019040400    0.0003625800
  -0.0129150800    0.0012080500    0.0013177600
  -0.0132850900    0.0011652200    0.0014027900
  -0.0141448700    0.0018649200   -0.0006563700
  -0.0129228900    0.0016508700    0.0015426200
  -0.0130760700    0.0059841200    0.0064060900
  -0.0131200700    0.0012410700    0.0012281200
   0.0118034600   -0.0017941700   -0.0004024800
   0.0120220200    0.0012386700   -0.0047777600
   0.0121692700   -0.0019092000   -0.0005757800
   0.0126416500    0.0023410200    0.0047184400
   0.0130311400   -0.0027080800    0.0004946900
   0.0119439800   -0.0016051700    0.0000635300
   0.0118096900   -0.0020240900   -0.0004563800
   0.0120083000   -0.0020819000   -0.0003777600
  -0.0031873100   -0.0102582100    0.0002787400
   0.0031770100   -0.0069131600    0.0007202900
   0.0015535400   -0.0078158000    0.0011341700
  -0.0072482100   -0.0069065600    0.0021484600
  -0.0024195600   -0.0111936200    0.0008906300
  -0.0020937700   -0.0120215500    0.0010884600
  -0.0020602700   -0.0120215500    0.0011798200
  -0.0019505100   -0.0111930900    0.0014528300

33   
 -0.0000029930976160  -0.0099999988047258   0.0000038661155824
  -0.0017074100   -0.0021179100   -0.0046186600
  -0.0018525600   -0.0021892000   -0.0041943000
   0.0100938500   -0.0148118800   -0.0166582700
  -0.0011993100   -0.0023844900   -0.0043709100
  -0.0016567700   -0.0023588700   -0.0042086400
  -0.0019515600   -0.0025670000   -0.0045241600
  -0.0013298300   -0.0022588900   -0.0045549700
  -0.0016720900   -0.0022697600   -0.0044268800
  -0.0019490800   -0.0021210600    0.0000713400
  -0.0158031400   -0.0185098500   -0.0145935400
  -0.0016121200   -0.0019873700   -0.0002446000
  -0.0018636700   -0.0021151700    0.0003764200
  -0.0016945500   -0.0021886800   -0.0000178100
  -0.0018655700   -0.0022778300    0.0001277600
  -0.0019457900   -0.0022790500    0.0005117800
  -0.0017898000   -0.0024054500   -0.0000395600
  -0.0143166800   -0.0121575200    0.0130423100
   0.0009799300    0.0019486700   -0.0001584700
   0.0017102800    0.0022358600   -0.0001422100
   0.0014376800    0.0019611100   -0.0001957400
   0.0015347900    0.0012415700   -0.0014357900
   0.0016621100    0.0014382800   -0.0008542600
   0.0005294100    0.0021724100   -0.0004903600
   0.0010612200    0.0017463600   -0.0009180800
   0.0036418900    0.0027588400    0.0013425200
   0.0039264500    0.0029090600    0.0004240100
   0.0041625400    0.0029575100    0.0018367100
   0.0047715600    0.0030850700    0.0019161600
   0.0295261100   -0.0259748900    0.0278140900
   0.0040610100    0.0029771200    0.0024299100
   0.0034730900    0.0044560600    0.0027549200
   0.0037003900    0.0032371600    0.0027237500
  -0.0052461500    0.1143655500   -0.0090198400
   0.0016173600    0.0130822800    0.0007655800
   0.0015508900    0.0127848700    0.0009968900
   0.0018910700    0.0111989100    0.0015593700
   0.0016716000    0.0128930800    0.0012248200
   0.0014637500    0.0123847600    0.0013264700
   0.0015681700    0.0128894600    0.0011152300
   0.0018211400    0.0129574300    0.0011163100
  -0.0131458000    0.0006552000    0.0013480100
  -0.0125362000    0.0004870600    0.0021360000
  -0.0133742200    0.0011885000    0.0011960000
  -0.0130087100    0.0012337400    0.0011082900
  -0.0121444700    0.0005978400    0.0030843600
  -0.0133719400    0.0007448500    0.0009720700
  -0.0132315900   -0.0036299900   -0.0039586400
  -0.0131675500    0.0011525700    0.0012880100
   0.0122598500   -0.0023703200   -0.0004890200
   0.0120589200   -0.0054472300    0.0039389300
   0.0118943200   -0.0022553100   -0.0003096000
   0.0114082600   -0.0064652100   -0.0055467100
   0.0110212600   -0.0014636100   -0.0013950200
   0.0120966900   -0.0025674200   -0.0009347200
   0.0122555500   -0.0021448100   -0.0004345100
   0.0120558600   -0.0020838000   -0.0005095600
  -0.0011048900   -0.0135028400    0.0021684200
  -0.0073321700   -0.0168788500    0.0017106100
  -0.0058290900   -0.0160680800    0.0013066200
   0.0030983900   -0.0169748900    0.0003197100
  -0.0017891900   -0.0126403000    0.0015538900
  -0.0021136600   -0.0118172500    0.0013641700
  -0.0021436400   -0.0118171300    0.0012713000
  -0.0022562000   -0.0126392300    0.0010021100

33   
 -0.0040498735165002  -0.0040482477999736   0.0081981835945751
  -0.0018374900   -0.0019663400   -0.0046409400
  -0.0016117600   -0.0023486100   -0.0040965500
  -0.0129989500    0.0092843800    0.0083268000
  -0.0014131900   -0.0023765800   -0.0044547200
  -0.0017741300   -0.0023792800   -0.0048193100
  -0.0018015300   -0.0025616800   -0.0047623800
  -0.0013439000   -0.0023775500   -0.0047973200
  -0.0016364700   -0.0023058500   -0.0044926000
  -0.0013690300   -0.0022997700    0.0001929000
  -0.0021570800   -0.0038192800   -0.0004805800
  -0.0016361700   -0.0023113400   -0.0000970400
  -0.0017692600   -0.0020574300    0.0002318700
  -0.0016763100   -0.0021900700   -0.0001251400
  -0.0018139800   -0.0023289700    0.0000550000
  -0.0021332400   -0.0024329400    0.0000930700
  -0.0015806000   -0.0028922700   -0.0002241300
  -0.0282120700   -0.0229011300    0.0243119100
   0.0009399800    0.0013704100   -0.0006775500
   0.0013942000    0.0016374500   -0.0004561400
   0.0017028600    0.0021672000   -0.0000243700
   0.0019815900    0.0012475500   -0.0018336800
   0.0009961300    0.0020225700   -0.0012244400
   0.0015259400    0.0017742200   -0.0008057000
   0.0012310300    0.0016520200   -0.0009141200
   0.0047688500    0.0044139200    0.0002996000
   0.0032485100    0.0026917400    0.0008093600
   0.0041737200    0.0029592200    0.0016188100
   0.0031558000    0.0024895400    0.0012764300
   0.0214580500   -0.0189189300    0.0251626800
   0.0045481900    0.0025642800    0.0020181800
   0.0032975300    0.0038241200    0.0025735900
   0.0034423600    0.0035399300    0.0028864400
   0.0370260300    0.0604239600   -0.0843928000
   0.0015578900    0.0132885600    0.0008907500
   0.0015810200    0.0129542300    0.0011281800
   0.0011632200    0.0119883000    0.0011449600
   0.0013971000    0.0128579300    0.0015598100
   0.0015814100    0.0124843000    0.0011657700
   0.0015297900    0.0129044100    0.0012741400
   0.0016691400    0.0130344600    0.0012744200
  -0.0181254100   -0.0007600600    0.0062276400
  -0.0104688900    0.0009703700    0.0034497200
  -0.0133194700    0.0013243300    0.0013622200
  -0.0132691800    0.0010845700    0.0013992500
  -0.0117203400   -0.0004945900    0.0041430400
  -0.0132683600    0.0011545300    0.0014260700
  -0.0129689300    0.0034973500    0.0032173000
  -0.0131007100    0.0011577500    0.0011550800
   0.0120723000   -0.0021345400   -0.0002327600
   0.0119123500   -0.0060335100    0.0041067400
   0.0118698300   -0.0023200700   -0.0003343400
   0.0122244400    0.0000457300    0.0012671900
   0.0128868100   -0.0027016000    0.0001699100
   0.0059028400   -0.0029130000    0.0051745000
   0.0117060200   -0.0022393500   -0.0001496200
   0.0120490300   -0.0021834700   -0.0006459600
  -0.0026990400   -0.0113771100    0.0005123100
  -0.0061677300   -0.0156631300    0.0018308200
  -0.0045109500   -0.0150257700    0.0017749900
  -0.0009115200   -0.0125985500    0.0011802000
  -0.0023269500   -0.0124566200    0.0028201000
  -0.0020474100   -0.0118580000    0.0013721700
  -0.0021989300   -0.0117695000    0.0014033300
  -0.0021250000   -0.0118124600    0.0023949300

33   
  0.0040498735165002   0.0040482477999736  -0.0081981835945751
  -0.0015428700   -0.0027670900   -0.0040725600
  -0.0017689100   -0.0023789300   -0.0046029900
   0.0098773200   -0.0145040800   -0.0173058900
  -0.0019581900   -0.0023410000   -0.0042494200
  -0.0016094100   -0.0023444700   -0.0038865200
  -0.0015780700   -0.0021689700   -0.0039442900
  -0.0020318900   -0.0023497000   -0.0039063700
  -0.0017439100   -0.0024201100   -0.0042098100
  -0.0023361500   -0.0024469700    0.0000825000
  -0.0016472100   -0.0010205400    0.0007095500
  -0.0020764200   -0.0024391000    0.0003720200
  -0.0019441200   -0.0026916000    0.0000441600
  -0.0020199200   -0.0025631600    0.0004034000
  -0.0018969700   -0.0024213800    0.0002202000
  -0.0015829400   -0.0023143200    0.0001835600
  -0.0021309000   -0.0018511400    0.0005007000
   0.0292916000    0.0248824300   -0.0246469100
   0.0016500400    0.0019372900   -0.0008105000
   0.0011995400    0.0016612300   -0.0010366100
   0.0008851500    0.0011297000   -0.0014708300
   0.0006029600    0.0020652000    0.0003502900
   0.0015993900    0.0012751300   -0.0002670100
   0.0010685000    0.0015199100   -0.0006929900
   0.0013601200    0.0016492800   -0.0005822200
   0.0028854900    0.0013667300    0.0033829900
   0.0044249700    0.0030849700    0.0028721800
   0.0034804200    0.0028048600    0.0020659600
   0.0045029600    0.0032728100    0.0024020700
  -0.0142703800    0.0248873400   -0.0216195300
   0.0031092700    0.0032030200    0.0016565400
   0.0043673600    0.0019336300    0.0011111000
   0.0042170100    0.0022204200    0.0007810300
  -0.0318549600   -0.0327625800    0.0858873800
   0.0017145400    0.0127257900    0.0012730000
   0.0016920400    0.0130661300    0.0010369200
   0.0021150700    0.0140270200    0.0010204600
   0.0018759200    0.0131581500    0.0006081900
   0.0016905500    0.0135315800    0.0010008400
   0.0017418400    0.0131086500    0.0008894600
   0.0016050300    0.0129817700    0.0008906700
  -0.0082390800    0.0031527300   -0.0036470900
  -0.0158124500    0.0014156900   -0.0009349600
  -0.0129698400    0.0010725900    0.0011466900
  -0.0130201200    0.0013149500    0.0011122300
  -0.0145764600    0.0029949600   -0.0017236900
  -0.0130170200    0.0012443000    0.0010852200
  -0.0133336300   -0.0011021300   -0.0007013900
  -0.0131877400    0.0012352800    0.0013624900
   0.0119929600   -0.0020329200   -0.0006576700
   0.0121586100    0.0017884700   -0.0049432400
   0.0121948000   -0.0018432900   -0.0005532800
   0.0118347000   -0.0042175600   -0.0021725800
   0.0111481400   -0.0014699300   -0.0010824500
   0.0182308600   -0.0012409200   -0.0061253100
   0.0123582700   -0.0019238700   -0.0007372000
   0.0120163000   -0.0019807900   -0.0002401100
  -0.0015202800   -0.0124521700    0.0019438200
   0.0019590600   -0.0081711900    0.0006379500
   0.0002768500   -0.0088264400    0.0006820500
  -0.0033202300   -0.0112172700    0.0012842800
  -0.0018872100   -0.0113746700   -0.0003590900
  -0.0021617400   -0.0119808200    0.0010811000
  -0.0020060200   -0.0120691100    0.0010476600
  -0.0020826400   -0.0120238000    0.0000538900
