# Sigma = 0.500000
      -15.0000000000        0.0000000000
      -14.9000000000        0.0000000000
      -14.8000000000        0.0000000000
      -14.7000000000        0.0000000000
      -14.6000000000        0.0000000000
      -14.5000000000        0.0000000000
      -14.4000000000        0.0000000000
      -14.3000000000        0.0000000000
      -14.2000000000        0.0000000000
      -14.1000000000        0.0000000000
      -14.0000000000        0.0000000000
      -13.9000000000        0.0000000000
      -13.8000000000        0.0000000000
      -13.7000000000        0.0000000000
      -13.6000000000        0.0000000000
      -13.5000000000        0.0000000000
      -13.4000000000        0.0000000000
      -13.3000000000        0.0000000000
      -13.2000000000        0.0000000000
      -13.1000000000        0.0000000000
      -13.0000000000        0.0000000000
      -12.9000000000        0.0000000000
      -12.8000000000        0.0000000000
      -12.7000000000        0.0000000000
      -12.6000000000        0.0000000000
      -12.5000000000        0.0000000000
      -12.4000000000        0.0000000000
      -12.3000000000        0.0000000000
      -12.2000000000        0.0000000000
      -12.1000000000        0.0000000000
      -12.0000000000        0.0000000000
      -11.9000000000        0.0000000000
      -11.8000000000        0.0000000000
      -11.7000000000        0.0000000000
      -11.6000000000        0.0000000000
      -11.5000000000        0.0000000000
      -11.4000000000        0.0000000000
      -11.3000000000        0.0000000000
      -11.2000000000        0.0000000000
      -11.1000000000        0.0000000000
      -11.0000000000        0.0000000000
      -10.9000000000        0.0000000000
      -10.8000000000        0.0000000000
      -10.7000000000        0.0000000000
      -10.6000000000        0.0000000000
      -10.5000000000        0.0000000000
      -10.4000000000        0.0000000000
      -10.3000000000        0.0000000000
      -10.2000000000        0.0000000000
      -10.1000000000        0.0000000000
      -10.0000000000        0.0000000000
       -9.9000000000        0.0000000000
       -9.8000000000        0.0000000000
       -9.7000000000        0.0000000000
       -9.6000000000        0.0000000000
       -9.5000000000        0.0000000000
       -9.4000000000        0.0000000000
       -9.3000000000        0.0000000000
       -9.2000000000        0.0000000000
       -9.1000000000        0.0000000000
       -9.0000000000        0.0000000000
       -8.9000000000        0.0000000000
       -8.8000000000        0.0000000000
       -8.7000000000        0.0000000000
       -8.6000000000        0.0000000000
       -8.5000000000        0.0000000000
       -8.4000000000        0.0000000000
       -8.3000000000        0.0000000000
       -8.2000000000        0.0000000000
       -8.1000000000        0.0000000000
       -8.0000000000        0.0000000000
       -7.9000000000        0.0000000000
       -7.8000000000        0.0000000000
       -7.7000000000        0.0000000000
       -7.6000000000        0.0000000000
       -7.5000000000        0.0000000000
       -7.4000000000        0.0000000000
       -7.3000000000        0.0000000000
       -7.2000000000        0.0000000000
       -7.1000000000        0.0000000000
       -7.0000000000        0.0000000000
       -6.9000000000        0.0000000000
       -6.8000000000        0.0000000000
       -6.7000000000        0.0000000000
       -6.6000000000        0.0000000000
       -6.5000000000        0.0000000000
       -6.4000000000        0.0000000000
       -6.3000000000        0.0000000000
       -6.2000000000        0.0000000000
       -6.1000000000        0.0000000000
       -6.0000000000        0.0000000000
       -5.9000000000        0.0000000000
       -5.8000000000        0.0000000000
       -5.7000000000        0.0000000000
       -5.6000000000        0.0000000000
       -5.5000000000        0.0000000000
       -5.4000000000        0.0000000000
       -5.3000000000        0.0000000000
       -5.2000000000        0.0000000000
       -5.1000000000        0.0000000000
       -5.0000000000        0.0000000000
       -4.9000000000        0.0000000000
       -4.8000000000        0.0000000000
       -4.7000000000        0.0000000000
       -4.6000000000        0.0000000000
       -4.5000000000        0.0000000000
       -4.4000000000        0.0000000000
       -4.3000000000        0.0000000000
       -4.2000000000        0.0000000000
       -4.1000000000        0.0000000000
       -4.0000000000        0.0000000000
       -3.9000000000        0.0000000000
       -3.8000000000        0.0000000000
       -3.7000000000        0.0000000000
       -3.6000000000        0.0000000000
       -3.5000000000        0.0000000000
       -3.4000000000        0.0000000001
       -3.3000000000        0.0000000002
       -3.2000000000        0.0000000008
       -3.1000000000        0.0000000024
       -3.0000000000        0.0000000076
       -2.9000000000        0.0000000230
       -2.8000000000        0.0000000665
       -2.7000000000        0.0000001857
       -2.6000000000        0.0000004996
       -2.5000000000        0.0000012961
       -2.4000000000        0.0000032436
       -2.3000000000        0.0000078374
       -2.2000000000        0.0000182971
       -2.1000000000        0.0000413095
       -2.0000000000        0.0000902821
       -1.9000000000        0.0001912072
       -1.8000000000        0.0003928736
       -1.7000000000        0.0007840712
       -1.6000000000        0.0015216473
       -1.5000000000        0.0028747417
       -1.4000000000        0.0052920488
       -1.3000000000        0.0094999704
       -1.2000000000        0.0166390484
       -1.1000000000        0.0284425894
       -1.0000000000        0.0474531231
       -0.9000000000        0.0772578590
       -0.8000000000        0.1227036797
       -0.7000000000        0.1900282477
       -0.6000000000        0.2868230067
       -0.5000000000        0.4217359487
       -0.4000000000        0.6038377578
       -0.3000000000        0.8416219126
       -0.2000000000        1.1416872248
       -0.1000000000        1.5072484851
       -0.0000000000        1.9367145455
        0.1000000000        2.4226340046
        0.2000000000        2.9513093421
        0.3000000000        3.5033050766
        0.4000000000        4.0549273370
        0.5000000000        4.5805555009
        0.6000000000        5.0555035684
        0.7000000000        5.4589312714
        0.8000000000        5.7762609897
        0.9000000000        6.0006175026
        1.0000000000        6.1329947368
        1.1000000000        6.1811314980
        1.2000000000        6.1573781215
        1.3000000000        6.0760728727
        1.4000000000        5.9510459687
        1.5000000000        5.7937942319
        1.6000000000        5.6126412368
        1.7000000000        5.4128909016
        1.8000000000        5.1977003584
        1.9000000000        4.9692345083
        2.0000000000        4.7296677561
        2.1000000000        4.4817514108
        2.2000000000        4.2288951565
        2.3000000000        3.9749197598
        2.4000000000        3.7237435304
        2.5000000000        3.4792334839
        2.6000000000        3.2453102633
        2.7000000000        3.0262159363
        2.8000000000        2.8267210870
        2.9000000000        2.6520239048
        3.0000000000        2.5071926682
        3.1000000000        2.3961853264
        3.2000000000        2.3206721572
        3.3000000000        2.2790114995
        3.4000000000        2.2657323746
        3.5000000000        2.2717554922
        3.6000000000        2.2853774984
        3.7000000000        2.2938253415
        3.8000000000        2.2850339651
        3.9000000000        2.2492601879
        4.0000000000        2.1802228467
        4.1000000000        2.0756144786
        4.2000000000        1.9369992711
        4.3000000000        1.7692368102
        4.4000000000        1.5796214565
        4.5000000000        1.3769100538
        4.6000000000        1.1703591800
        4.7000000000        0.9688443579
        4.8000000000        0.7801088444
        4.9000000000        0.6101870274
        5.0000000000        0.4630494518
        5.1000000000        0.3405045914
        5.2000000000        0.2423599498
        5.3000000000        0.1668002860
        5.4000000000        0.1109009885
        5.5000000000        0.0711755764
        5.6000000000        0.0440641715
        5.7000000000        0.0262993911
        5.8000000000        0.0151250763
        5.9000000000        0.0083784306
        6.0000000000        0.0044688187
        6.1000000000        0.0022943799
        6.2000000000        0.0011336520
        6.3000000000        0.0005389563
        6.4000000000        0.0002465013
        6.5000000000        0.0001084481
        6.6000000000        0.0000458901
        6.7000000000        0.0000186761
        6.8000000000        0.0000073118
        6.9000000000        0.0000027609
        7.0000000000        0.0000010291
        7.1000000000        0.0000004522
        7.2000000000        0.0000004351
        7.3000000000        0.0000009622
        7.4000000000        0.0000025866
        7.5000000000        0.0000068925
        7.6000000000        0.0000177112
        7.7000000000        0.0000437494
        7.8000000000        0.0001038483
        7.9000000000        0.0002368719
        8.0000000000        0.0005191739
        8.1000000000        0.0010934460
        8.2000000000        0.0022129268
        8.3000000000        0.0043035047
        8.4000000000        0.0080419842
        8.5000000000        0.0144407610
        8.6000000000        0.0249174196
        8.7000000000        0.0413144883
        8.8000000000        0.0658245968
        8.9000000000        0.1007768416
        9.0000000000        0.1482586931
        9.1000000000        0.2095881179
        9.2000000000        0.2847084689
        9.3000000000        0.3716392010
        9.4000000000        0.4661548567
        9.5000000000        0.5618580752
        9.6000000000        0.6507451008
        9.7000000000        0.7242411479
        9.8000000000        0.7745396029
        9.9000000000        0.7959620012
       10.0000000000        0.7860124754
       10.1000000000        0.7458561187
       10.2000000000        0.6800945562
       10.3000000000        0.5958984665
       10.4000000000        0.5017230590
       10.5000000000        0.4059240374
       10.6000000000        0.3155836357
       10.7000000000        0.2357617003
       10.8000000000        0.1692470774
       10.9000000000        0.1167503810
       11.0000000000        0.0773899731
       11.1000000000        0.0492947189
       11.2000000000        0.0301720934
       11.3000000000        0.0177459754
       11.4000000000        0.0100296024
       11.5000000000        0.0054469952
       11.6000000000        0.0028426259
       11.7000000000        0.0014255153
       11.8000000000        0.0006869316
       11.9000000000        0.0003180860
       12.0000000000        0.0001415354
       12.1000000000        0.0000605166
       12.2000000000        0.0000248642
       12.3000000000        0.0000098166
       12.4000000000        0.0000037243
       12.5000000000        0.0000013577
       12.6000000000        0.0000004756
       12.7000000000        0.0000001601
       12.8000000000        0.0000000518
       12.9000000000        0.0000000161
       13.0000000000        0.0000000048
       13.1000000000        0.0000000014
       13.2000000000        0.0000000004
       13.3000000000        0.0000000001
       13.4000000000        0.0000000000
       13.5000000000        0.0000000000
       13.6000000000        0.0000000000
       13.7000000000        0.0000000000
       13.8000000000        0.0000000000
       13.9000000000        0.0000000000
       14.0000000000        0.0000000000
       14.1000000000        0.0000000000
       14.2000000000        0.0000000000
       14.3000000000        0.0000000000
       14.4000000000        0.0000000000
       14.5000000000        0.0000000000
       14.6000000000        0.0000000000
       14.7000000000        0.0000000000
       14.8000000000        0.0000000000
       14.9000000000        0.0000000000
       15.0000000000        0.0000000000
       15.1000000000        0.0000000000
       15.2000000000        0.0000000000
       15.3000000000        0.0000000000
       15.4000000000        0.0000000000
       15.5000000000        0.0000000000
       15.6000000000        0.0000000000
       15.7000000000        0.0000000000
       15.8000000000        0.0000000000
       15.9000000000        0.0000000000
       16.0000000000        0.0000000000
       16.1000000000        0.0000000000
       16.2000000000        0.0000000000
       16.3000000000        0.0000000000
       16.4000000000        0.0000000000
       16.5000000000        0.0000000000
       16.6000000000        0.0000000000
       16.7000000000        0.0000000000
       16.8000000000        0.0000000000
       16.9000000000        0.0000000000
       17.0000000000        0.0000000000
       17.1000000000        0.0000000000
       17.2000000000        0.0000000000
       17.3000000000        0.0000000000
       17.4000000000        0.0000000000
       17.5000000000        0.0000000000
       17.6000000000        0.0000000000
       17.7000000000        0.0000000000
       17.8000000000        0.0000000000
       17.9000000000        0.0000000000
       18.0000000000        0.0000000000
       18.1000000000        0.0000000000
       18.2000000000        0.0000000000
       18.3000000000        0.0000000000
       18.4000000000        0.0000000000
       18.5000000000        0.0000000000
       18.6000000000        0.0000000000
       18.7000000000        0.0000000000
       18.8000000000        0.0000000000
       18.9000000000        0.0000000000
       19.0000000000        0.0000000000
       19.1000000000        0.0000000000
       19.2000000000        0.0000000000
       19.3000000000        0.0000000000
       19.4000000000        0.0000000000
       19.5000000000        0.0000000000
       19.6000000000        0.0000000000
       19.7000000000        0.0000000000
       19.8000000000        0.0000000000
       19.9000000000        0.0000000000
       20.0000000000        0.0000000000
       20.1000000000        0.0000000000
       20.2000000000        0.0000000000
       20.3000000000        0.0000000000
       20.4000000000        0.0000000000
       20.5000000000        0.0000000000
       20.6000000000        0.0000000000
       20.7000000000        0.0000000000
       20.8000000000        0.0000000000
       20.9000000000        0.0000000000
       21.0000000000        0.0000000000
       21.1000000000        0.0000000000
       21.2000000000        0.0000000000
       21.3000000000        0.0000000000
       21.4000000000        0.0000000000
       21.5000000000        0.0000000000
       21.6000000000        0.0000000000
       21.7000000000        0.0000000000
       21.8000000000        0.0000000000
       21.9000000000        0.0000000000
       22.0000000000        0.0000000000
       22.1000000000        0.0000000000
       22.2000000000        0.0000000000
       22.3000000000        0.0000000000
       22.4000000000        0.0000000000
       22.5000000000        0.0000000000
       22.6000000000        0.0000000000
       22.7000000000        0.0000000000
       22.8000000000        0.0000000000
       22.9000000000        0.0000000000
       23.0000000000        0.0000000000
       23.1000000000        0.0000000001
       23.2000000000        0.0000000002
       23.3000000000        0.0000000009
       23.4000000000        0.0000000030
       23.5000000000        0.0000000103
       23.6000000000        0.0000000337
       23.7000000000        0.0000001056
       23.8000000000        0.0000003180
       23.9000000000        0.0000009205
       24.0000000000        0.0000025606
       24.1000000000        0.0000068446
       24.2000000000        0.0000175827
       24.3000000000        0.0000434057
       24.4000000000        0.0001029753
       24.5000000000        0.0002347724
       24.6000000000        0.0005143887
       24.7000000000        0.0010831036
       24.8000000000        0.0021917348
       24.9000000000        0.0042623867
       25.0000000000        0.0079666380
       25.1000000000        0.0143109905
       25.2000000000        0.0247091607
       25.3000000000        0.0410081657
       25.4000000000        0.0654259368
       25.5000000000        0.1003594508
       25.6000000000        0.1480412093
       25.7000000000        0.2100616255
       25.8000000000        0.2868305052
       25.9000000000        0.3771066133
       26.0000000000        0.4777559866
       26.1000000000        0.5838825185
       26.2000000000        0.6893958554
       26.3000000000        0.7879527933
       26.4000000000        0.8740670832
       26.5000000000        0.9440840730
       26.6000000000        0.9967119300
       26.7000000000        1.0329116467
       26.8000000000        1.0551488766
       26.9000000000        1.0662338514
       27.0000000000        1.0681343727
       27.1000000000        1.0611722848
       27.2000000000        1.0438874319
       27.3000000000        1.0136183280
       27.4000000000        0.9675947997
       27.5000000000        0.9041621483
       27.6000000000        0.8237232751
       27.7000000000        0.7291000077
       27.8000000000        0.6252247657
       27.9000000000        0.5182938825
       28.0000000000        0.4146649927
       28.1000000000        0.3198199597
       28.2000000000        0.2376468952
       28.3000000000        0.1701627588
       28.4000000000        0.1176586674
       28.5000000000        0.0791495423
       28.6000000000        0.0529686771
       28.7000000000        0.0373601896
       28.8000000000        0.0309651455
       28.9000000000        0.0331443242
       29.0000000000        0.0441142569
       29.1000000000        0.0648889044
       29.2000000000        0.0970249906
       29.3000000000        0.1421786164
       29.4000000000        0.2015065361
       29.5000000000        0.2749902157
       29.6000000000        0.3608138958
       29.7000000000        0.4549667968
       29.8000000000        0.5512378036
       29.9000000000        0.6417104597
       30.0000000000        0.7177495206
       30.1000000000        0.7713261183
       30.2000000000        0.7964045553
       30.3000000000        0.7900594190
       30.4000000000        0.7530364756
       30.5000000000        0.6896083009
       30.6000000000        0.6067630784
       30.7000000000        0.5129393348
       30.8000000000        0.4166228173
       30.9000000000        0.3251249396
       31.0000000000        0.2437741780
       31.1000000000        0.1756124481
       31.2000000000        0.1215494705
       31.3000000000        0.0808315711
       31.4000000000        0.0516462914
       31.5000000000        0.0317049762
       31.6000000000        0.0187001844
       31.7000000000        0.0105972824
       31.8000000000        0.0057699665
       31.9000000000        0.0030184378
       32.0000000000        0.0015171249
       32.1000000000        0.0007326399
       32.2000000000        0.0003399304
       32.3000000000        0.0001515373
       32.4000000000        0.0000649052
       32.5000000000        0.0000267097
       32.6000000000        0.0000105606
       32.7000000000        0.0000040118
       32.8000000000        0.0000014643
       32.9000000000        0.0000005135
       33.0000000000        0.0000001731
       33.1000000000        0.0000000562
       33.2000000000        0.0000000182
       33.3000000000        0.0000000078
       33.4000000000        0.0000000104
       33.5000000000        0.0000000296
       33.6000000000        0.0000000922
       33.7000000000        0.0000002791
       33.8000000000        0.0000008126
       33.9000000000        0.0000022739
       34.0000000000        0.0000061144
       34.1000000000        0.0000157985
       34.2000000000        0.0000392259
       34.3000000000        0.0000935899
       34.4000000000        0.0002145802
       34.5000000000        0.0004727847
       34.6000000000        0.0010010632
       34.7000000000        0.0020370350
       34.8000000000        0.0039837685
       34.9000000000        0.0074881505
       35.0000000000        0.0135292893
       35.1000000000        0.0234986123
       35.2000000000        0.0392408832
       35.3000000000        0.0630155822
       35.4000000000        0.0973375621
       35.5000000000        0.1446714924
       35.6000000000        0.2069897320
       35.7000000000        0.2852537117
       35.8000000000        0.3789304396
       35.9000000000        0.4856862814
       36.0000000000        0.6013876453
       36.1000000000        0.7204722429
       36.2000000000        0.8366466566
       36.3000000000        0.9437511292
       36.4000000000        1.0365588267
       36.5000000000        1.1112841561
       36.6000000000        1.1656724802
       36.7000000000        1.1986999851
       36.8000000000        1.2100637805
       36.9000000000        1.1997205237
       37.0000000000        1.1676981354
       37.1000000000        1.1142713225
       37.2000000000        1.0404168038
       37.3000000000        0.9483272425
       37.4000000000        0.8417245499
       37.5000000000        0.7257874377
       37.6000000000        0.6066577883
       37.7000000000        0.4906481039
       37.8000000000        0.3833733982
       37.9000000000        0.2890419786
       38.0000000000        0.2100685065
       38.1000000000        0.1470585167
       38.2000000000        0.0991044400
       38.3000000000        0.0642650367
       38.4000000000        0.0400855046
       38.5000000000        0.0240447165
       38.6000000000        0.0138672176
       38.7000000000        0.0076884979
       38.8000000000        0.0040980068
       38.9000000000        0.0021008060
       39.0000000000        0.0010388580
       39.1000000000        0.0005035636
       39.2000000000        0.0002590256
       39.3000000000        0.0001851901
       39.4000000000        0.0002434630
       39.5000000000        0.0004645939
       39.6000000000        0.0009583960
       39.7000000000        0.0019455791
       39.8000000000        0.0038118288
       39.9000000000        0.0071815621
       40.0000000000        0.0130022288
       40.1000000000        0.0226193732
       40.2000000000        0.0378096942
       40.3000000000        0.0607285545
       40.4000000000        0.0937269126
       40.5000000000        0.1390084096
       40.6000000000        0.1981353204
       40.7000000000        0.2714497800
       40.8000000000        0.3575406909
       40.9000000000        0.4529334190
       41.0000000000        0.5521815429
       41.1000000000        0.6484780769
       41.2000000000        0.7347782042
       41.3000000000        0.8052634705
       41.4000000000        0.8568276586
       41.5000000000        0.8901830318
       41.6000000000        0.9102137114
       41.7000000000        0.9253496144
       41.8000000000        0.9459696615
       41.9000000000        0.9821058712
       42.0000000000        1.0409371328
       42.1000000000        1.1246689189
       42.2000000000        1.2293559640
       42.3000000000        1.3450385761
       42.4000000000        1.4572672159
       42.5000000000        1.5497530431
       42.6000000000        1.6075902459
       42.7000000000        1.6203307866
       42.8000000000        1.5842062220
       42.9000000000        1.5029876058
       43.0000000000        1.3873013044
       43.1000000000        1.2525836447
       43.2000000000        1.1161593378
       43.3000000000        0.9940919542
       43.4000000000        0.8984525268
       43.5000000000        0.8355081263
       43.6000000000        0.8051020684
       43.7000000000        0.8012444245
       43.8000000000        0.8137064375
       43.9000000000        0.8302472079
       44.0000000000        0.8390129914
       44.1000000000        0.8306476326
       44.2000000000        0.7997381247
       44.3000000000        0.7453795331
       44.4000000000        0.6708468173
       44.5000000000        0.5825587195
       44.6000000000        0.4886581244
       44.7000000000        0.3975763964
       44.8000000000        0.3168887660
       44.9000000000        0.2526303832
       45.0000000000        0.2090782675
       45.1000000000        0.1888677425
       45.2000000000        0.1932433361
       45.3000000000        0.2222576654
       45.4000000000        0.2748137141
       45.5000000000        0.3485610558
       45.6000000000        0.4397603049
       45.7000000000        0.5432817314
       45.8000000000        0.6528800067
       45.9000000000        0.7617908179
       46.0000000000        0.8635593812
       46.1000000000        0.9528896651
       46.2000000000        1.0262522472
       46.3000000000        1.0820413606
       46.4000000000        1.1202192505
       46.5000000000        1.1415756933
       46.6000000000        1.1468843408
       46.7000000000        1.1362859422
       46.8000000000        1.1091440687
       46.9000000000        1.0644320535
       47.0000000000        1.0014970568
       47.1000000000        0.9208970372
       47.2000000000        0.8249793528
       47.3000000000        0.7179716208
       47.4000000000        0.6055379898
       47.5000000000        0.4939396502
       47.6000000000        0.3890566373
       47.7000000000        0.2955439075
       47.8000000000        0.2163182879
       47.9000000000        0.1524473072
       48.0000000000        0.1033887348
       48.1000000000        0.0674504393
       48.2000000000        0.0423184935
       48.3000000000        0.0255280918
       48.4000000000        0.0148041191
       48.5000000000        0.0082522834
       48.6000000000        0.0044213761
       48.7000000000        0.0022767040
       48.8000000000        0.0011266849
       48.9000000000        0.0005358352
       49.0000000000        0.0002448966
       49.1000000000        0.0001075597
       49.2000000000        0.0000453969
       49.3000000000        0.0000184123
       49.4000000000        0.0000071762
       49.5000000000        0.0000026877
       49.6000000000        0.0000009673
       49.7000000000        0.0000003345
       49.8000000000        0.0000001112
       49.9000000000        0.0000000355
       50.0000000000        0.0000000109
       50.1000000000        0.0000000032
       50.2000000000        0.0000000009
       50.3000000000        0.0000000002
       50.4000000000        0.0000000001
       50.5000000000        0.0000000000
       50.6000000000        0.0000000000
       50.7000000000        0.0000000000
       50.8000000000        0.0000000000
       50.9000000000        0.0000000000
       51.0000000000        0.0000000000
       51.1000000000        0.0000000000
       51.2000000000        0.0000000000
       51.3000000000        0.0000000000
       51.4000000000        0.0000000000
       51.5000000000        0.0000000000
       51.6000000000        0.0000000000
       51.7000000000        0.0000000000
       51.8000000000        0.0000000000
       51.9000000000        0.0000000000
       52.0000000000        0.0000000000
       52.1000000000        0.0000000000
       52.2000000000        0.0000000000
       52.3000000000        0.0000000000
       52.4000000000        0.0000000000
       52.5000000000        0.0000000000
       52.6000000000        0.0000000000
       52.7000000000        0.0000000000
       52.8000000000        0.0000000000
       52.9000000000        0.0000000000
       53.0000000000        0.0000000000
       53.1000000000        0.0000000000
       53.2000000000        0.0000000000
       53.3000000000        0.0000000000
       53.4000000000        0.0000000000
       53.5000000000        0.0000000000
       53.6000000000        0.0000000000
       53.7000000000        0.0000000000
       53.8000000000        0.0000000000
       53.9000000000        0.0000000000
       54.0000000000        0.0000000000
       54.1000000000        0.0000000000
       54.2000000000        0.0000000000
       54.3000000000        0.0000000000
       54.4000000000        0.0000000000
       54.5000000000        0.0000000000
       54.6000000000        0.0000000000
       54.7000000000        0.0000000000
       54.8000000000        0.0000000000
       54.9000000000        0.0000000000
       55.0000000000        0.0000000000
       55.1000000000        0.0000000000
       55.2000000000        0.0000000000
       55.3000000000        0.0000000000
       55.4000000000        0.0000000000
       55.5000000000        0.0000000000
       55.6000000000        0.0000000000
       55.7000000000        0.0000000000
       55.8000000000        0.0000000000
       55.9000000000        0.0000000000
       56.0000000000        0.0000000000
       56.1000000000        0.0000000000
       56.2000000000        0.0000000000
       56.3000000000        0.0000000000
       56.4000000000        0.0000000000
       56.5000000000        0.0000000000
       56.6000000000        0.0000000000
       56.7000000000        0.0000000000
       56.8000000000        0.0000000000
       56.9000000000        0.0000000000
       57.0000000000        0.0000000000
       57.1000000000        0.0000000000
       57.2000000000        0.0000000000
       57.3000000000        0.0000000000
       57.4000000000        0.0000000000
       57.5000000000        0.0000000000
       57.6000000000        0.0000000000
       57.7000000000        0.0000000000
       57.8000000000        0.0000000000
       57.9000000000        0.0000000000
       58.0000000000        0.0000000000
       58.1000000000        0.0000000000
       58.2000000000        0.0000000000
       58.3000000000        0.0000000000
       58.4000000000        0.0000000000
       58.5000000000        0.0000000000
       58.6000000000        0.0000000000
       58.7000000000        0.0000000000
       58.8000000000        0.0000000000
       58.9000000000        0.0000000000
       59.0000000000        0.0000000000
       59.1000000000        0.0000000000
       59.2000000000        0.0000000000
       59.3000000000        0.0000000000
       59.4000000000        0.0000000000
       59.5000000000        0.0000000000
       59.6000000000        0.0000000000
       59.7000000000        0.0000000000
       59.8000000000        0.0000000000
       59.9000000000        0.0000000000
       60.0000000000        0.0000000000
       60.1000000000        0.0000000000
       60.2000000000        0.0000000000
       60.3000000000        0.0000000000
       60.4000000000        0.0000000000
       60.5000000000        0.0000000000
       60.6000000000        0.0000000000
       60.7000000000        0.0000000000
       60.8000000000        0.0000000000
       60.9000000000        0.0000000000
       61.0000000000        0.0000000000
       61.1000000000        0.0000000000
       61.2000000000        0.0000000000
       61.3000000000        0.0000000000
       61.4000000000        0.0000000000
       61.5000000000        0.0000000000
       61.6000000000        0.0000000000
       61.7000000000        0.0000000000
       61.8000000000        0.0000000000
       61.9000000000        0.0000000000
       62.0000000000        0.0000000000
       62.1000000000        0.0000000000
       62.2000000000        0.0000000000
       62.3000000000        0.0000000000
       62.4000000000        0.0000000000
       62.5000000000        0.0000000000
       62.6000000000        0.0000000000
       62.7000000000        0.0000000000
       62.8000000000        0.0000000000
       62.9000000000        0.0000000000
       63.0000000000        0.0000000000
       63.1000000000        0.0000000000
       63.2000000000        0.0000000000
       63.3000000000        0.0000000000
       63.4000000000        0.0000000000
       63.5000000000        0.0000000000
       63.6000000000        0.0000000000
       63.7000000000        0.0000000000
       63.8000000000        0.0000000000
       63.9000000000        0.0000000000
       64.0000000000        0.0000000000
       64.1000000000        0.0000000000
       64.2000000000        0.0000000000
       64.3000000000        0.0000000000
       64.4000000000        0.0000000000
       64.5000000000        0.0000000000
       64.6000000000        0.0000000000
       64.7000000000        0.0000000000
       64.8000000000        0.0000000000
       64.9000000000        0.0000000000
       65.0000000000        0.0000000000
       65.1000000000        0.0000000000
       65.2000000000        0.0000000000
       65.3000000000        0.0000000000
       65.4000000000        0.0000000000
       65.5000000000        0.0000000000
       65.6000000000        0.0000000000
       65.7000000000        0.0000000000
       65.8000000000        0.0000000000
       65.9000000000        0.0000000000
       66.0000000000        0.0000000000
       66.1000000000        0.0000000000
       66.2000000000        0.0000000000
       66.3000000000        0.0000000000
       66.4000000000        0.0000000000
       66.5000000000        0.0000000000
       66.6000000000        0.0000000000
       66.7000000000        0.0000000000
       66.8000000000        0.0000000000
       66.9000000000        0.0000000000
       67.0000000000        0.0000000000
       67.1000000000        0.0000000000
       67.2000000000        0.0000000000
       67.3000000000        0.0000000000
       67.4000000000        0.0000000000
       67.5000000000        0.0000000000
       67.6000000000        0.0000000000
       67.7000000000        0.0000000000
       67.8000000000        0.0000000000
       67.9000000000        0.0000000000
       68.0000000000        0.0000000000
       68.1000000000        0.0000000000
       68.2000000000        0.0000000000
       68.3000000000        0.0000000000
       68.4000000000        0.0000000000
       68.5000000000        0.0000000000
       68.6000000000        0.0000000000
       68.7000000000        0.0000000000
       68.8000000000        0.0000000000
       68.9000000000        0.0000000000
       69.0000000000        0.0000000000
       69.1000000000        0.0000000000
       69.2000000000        0.0000000000
       69.3000000000        0.0000000000
       69.4000000000        0.0000000000
       69.5000000000        0.0000000000
       69.6000000000        0.0000000000
       69.7000000000        0.0000000000
       69.8000000000        0.0000000000
       69.9000000000        0.0000000000
       70.0000000000        0.0000000000
       70.1000000000        0.0000000000
       70.2000000000        0.0000000000
       70.3000000000        0.0000000000
       70.4000000000        0.0000000000
       70.5000000000        0.0000000000
       70.6000000000        0.0000000000
       70.7000000000        0.0000000000
       70.8000000000        0.0000000000
       70.9000000000        0.0000000000
       71.0000000000        0.0000000000
       71.1000000000        0.0000000000
       71.2000000000        0.0000000000
       71.3000000000        0.0000000000
       71.4000000000        0.0000000000
       71.5000000000        0.0000000000
       71.6000000000        0.0000000000
       71.7000000000        0.0000000000
       71.8000000000        0.0000000000
       71.9000000000        0.0000000000
       72.0000000000        0.0000000000
       72.1000000000        0.0000000000
       72.2000000000        0.0000000000
       72.3000000000        0.0000000000
       72.4000000000        0.0000000000
       72.5000000000        0.0000000000
       72.6000000000        0.0000000000
       72.7000000000        0.0000000000
       72.8000000000        0.0000000000
       72.9000000000        0.0000000000
       73.0000000000        0.0000000000
       73.1000000000        0.0000000000
       73.2000000000        0.0000000000
       73.3000000000        0.0000000000
       73.4000000000        0.0000000000
       73.5000000000        0.0000000000
       73.6000000000        0.0000000000
       73.7000000000        0.0000000000
       73.8000000000        0.0000000000
       73.9000000000        0.0000000000
       74.0000000000        0.0000000000
       74.1000000000        0.0000000000
       74.2000000000        0.0000000000
       74.3000000000        0.0000000000
       74.4000000000        0.0000000000
       74.5000000000        0.0000000000
       74.6000000000        0.0000000000
       74.7000000000        0.0000000000
       74.8000000000        0.0000000000
       74.9000000000        0.0000000000
       75.0000000000        0.0000000000
       75.1000000000        0.0000000000
       75.2000000000        0.0000000000
       75.3000000000        0.0000000000
       75.4000000000        0.0000000000
       75.5000000000        0.0000000000
       75.6000000000        0.0000000000
       75.7000000000        0.0000000000
       75.8000000000        0.0000000000
       75.9000000000        0.0000000000
       76.0000000000        0.0000000000
       76.1000000000        0.0000000000
       76.2000000000        0.0000000000
       76.3000000000        0.0000000000
       76.4000000000        0.0000000000
       76.5000000000        0.0000000000
       76.6000000000        0.0000000000
       76.7000000000        0.0000000000
       76.8000000000        0.0000000000
       76.9000000000        0.0000000000
       77.0000000000        0.0000000000
       77.1000000000        0.0000000000
       77.2000000000        0.0000000000
       77.3000000000        0.0000000000
       77.4000000000        0.0000000000
       77.5000000000        0.0000000000
       77.6000000000        0.0000000000
       77.7000000000        0.0000000000
       77.8000000000        0.0000000000
       77.9000000000        0.0000000000
       78.0000000000        0.0000000000
       78.1000000000        0.0000000000
       78.2000000000        0.0000000000
       78.3000000000        0.0000000000
       78.4000000000        0.0000000000
       78.5000000000        0.0000000000
       78.6000000000        0.0000000000
       78.7000000000        0.0000000000
       78.8000000000        0.0000000000
       78.9000000000        0.0000000000
       79.0000000000        0.0000000000
       79.1000000000        0.0000000000
       79.2000000000        0.0000000000
       79.3000000000        0.0000000000
       79.4000000000        0.0000000000
       79.5000000000        0.0000000000
       79.6000000000        0.0000000000
       79.7000000000        0.0000000000
       79.8000000000        0.0000000000
       79.9000000000        0.0000000000
       80.0000000000        0.0000000000
       80.1000000000        0.0000000000
       80.2000000000        0.0000000000
       80.3000000000        0.0000000000
       80.4000000000        0.0000000000
       80.5000000000        0.0000000000
       80.6000000000        0.0000000000
       80.7000000000        0.0000000000
       80.8000000000        0.0000000000
       80.9000000000        0.0000000000
       81.0000000000        0.0000000000
       81.1000000000        0.0000000000
       81.2000000000        0.0000000000
       81.3000000000        0.0000000000
       81.4000000000        0.0000000000
       81.5000000000        0.0000000000
       81.6000000000        0.0000000000
       81.7000000000        0.0000000000
       81.8000000000        0.0000000000
       81.9000000000        0.0000000000
       82.0000000000        0.0000000000
       82.1000000000        0.0000000000
       82.2000000000        0.0000000000
       82.3000000000        0.0000000000
       82.4000000000        0.0000000000
       82.5000000000        0.0000000000
       82.6000000000        0.0000000000
       82.7000000000        0.0000000000
       82.8000000000        0.0000000000
       82.9000000000        0.0000000000
       83.0000000000        0.0000000000
       83.1000000000        0.0000000000
       83.2000000000        0.0000000000
       83.3000000000        0.0000000000
       83.4000000000        0.0000000000
       83.5000000000        0.0000000000
       83.6000000000        0.0000000000
       83.7000000000        0.0000000000
       83.8000000000        0.0000000000
       83.9000000000        0.0000000000
       84.0000000000        0.0000000000
       84.1000000000        0.0000000000
       84.2000000000        0.0000000000
       84.3000000000        0.0000000000
       84.4000000000        0.0000000000
       84.5000000000        0.0000000000
       84.6000000000        0.0000000000
       84.7000000000        0.0000000000
       84.8000000000        0.0000000000
       84.9000000000        0.0000000000
       85.0000000000        0.0000000000
       85.1000000000        0.0000000000
       85.2000000000        0.0000000000
       85.3000000000        0.0000000000
       85.4000000000        0.0000000000
       85.5000000000        0.0000000000
       85.6000000000        0.0000000000
       85.7000000000        0.0000000000
       85.8000000000        0.0000000002
       85.9000000000        0.0000000007
       86.0000000000        0.0000000024
       86.1000000000        0.0000000082
       86.2000000000        0.0000000270
       86.3000000000        0.0000000855
       86.4000000000        0.0000002602
       86.5000000000        0.0000007610
       86.6000000000        0.0000021383
       86.7000000000        0.0000057727
       86.8000000000        0.0000149727
       86.9000000000        0.0000373125
       87.0000000000        0.0000893380
       87.1000000000        0.0002055163
       87.2000000000        0.0004542396
       87.3000000000        0.0009646104
       87.4000000000        0.0019681004
       87.5000000000        0.0038580775
       87.6000000000        0.0072664616
       87.7000000000        0.0131493225
       87.8000000000        0.0228618896
       87.9000000000        0.0381899618
       88.0000000000        0.0612935362
       88.1000000000        0.0945166860
       88.2000000000        0.1400330821
       88.3000000000        0.1993338996
       88.4000000000        0.2726214557
       88.5000000000        0.3582343739
       88.6000000000        0.4522752610
       88.7000000000        0.5486138460
       88.8000000000        0.6393800035
       88.9000000000        0.7159450484
       89.0000000000        0.7702446424
       89.1000000000        0.7961704302
       89.2000000000        0.7907000726
       89.3000000000        0.7544768914
       89.4000000000        0.6916855488
       89.5000000000        0.6092570982
       89.6000000000        0.5156124277
       89.7000000000        0.4192592940
       89.8000000000        0.3275645594
       89.9000000000        0.2459379143
       90.0000000000        0.1775257458
       90.1000000000        0.1233755873
       90.2000000000        0.0829352424
       90.3000000000        0.0547154149
       90.4000000000        0.0369643638
       90.5000000000        0.0282542814
       90.6000000000        0.0279336327
       90.7000000000        0.0364358467
       90.8000000000        0.0554434250
       90.9000000000        0.0878921506
       91.0000000000        0.1377775612
       91.1000000000        0.2097151020
       91.2000000000        0.3082243970
       91.3000000000        0.4367653889
       91.4000000000        0.5966424073
       91.5000000000        0.7859862073
       91.6000000000        0.9990854910
       91.7000000000        1.2263304917
       91.8000000000        1.4549320209
       91.9000000000        1.6704024800
       92.0000000000        1.8585778954
       92.1000000000        2.0077896111
       92.2000000000        2.1107223304
       92.3000000000        2.1655501997
       92.4000000000        2.1761070063
       92.5000000000        2.1510650112
       92.6000000000        2.1023020920
       92.7000000000        2.0427781337
       92.8000000000        1.9843015926
       92.9000000000        1.9355580033
       93.0000000000        1.9007172228
       93.1000000000        1.8788508384
       93.2000000000        1.8642765721
       93.3000000000        1.8477991754
       93.4000000000        1.8186463875
       93.5000000000        1.7667367410
       93.6000000000        1.6848139020
       93.7000000000        1.5699867414
       93.8000000000        1.4243428813
       93.9000000000        1.2545290534
       94.0000000000        1.0704483372
       94.1000000000        0.8834319723
       94.2000000000        0.7043392765
       94.3000000000        0.5420020453
       94.4000000000        0.4022852991
       94.5000000000        0.2878426050
       94.6000000000        0.1984667999
       94.7000000000        0.1318238388
       94.8000000000        0.0843261477
       94.9000000000        0.0519400344
       95.0000000000        0.0307991561
       95.1000000000        0.0175795936
       95.2000000000        0.0096573579
       95.3000000000        0.0051055279
       95.4000000000        0.0025972577
       95.5000000000        0.0012712925
       95.6000000000        0.0005986872
       95.7000000000        0.0002712376
       95.8000000000        0.0001182141
       95.9000000000        0.0000495604
       96.0000000000        0.0000199860
       96.1000000000        0.0000077522
       96.2000000000        0.0000028921
       96.3000000000        0.0000010377
       96.4000000000        0.0000003581
       96.5000000000        0.0000001188
       96.6000000000        0.0000000379
       96.7000000000        0.0000000116
       96.8000000000        0.0000000034
       96.9000000000        0.0000000010
       97.0000000000        0.0000000003
       97.1000000000        0.0000000001
       97.2000000000        0.0000000000
       97.3000000000        0.0000000000
       97.4000000000        0.0000000000
       97.5000000000        0.0000000000
       97.6000000000        0.0000000000
       97.7000000000        0.0000000000
       97.8000000000        0.0000000000
       97.9000000000        0.0000000000
       98.0000000000        0.0000000000
       98.1000000000        0.0000000000
       98.2000000000        0.0000000000
       98.3000000000        0.0000000000
       98.4000000000        0.0000000000
       98.5000000000        0.0000000000
       98.6000000000        0.0000000000
       98.7000000000        0.0000000000
       98.8000000000        0.0000000000
       98.9000000000        0.0000000000
       99.0000000000        0.0000000000
       99.1000000000        0.0000000000
       99.2000000000        0.0000000000
       99.3000000000        0.0000000000
       99.4000000000        0.0000000000
       99.5000000000        0.0000000000
       99.6000000000        0.0000000000
       99.7000000000        0.0000000000
       99.8000000000        0.0000000000
       99.9000000000        0.0000000000
      100.0000000000        0.0000000000
      100.1000000000        0.0000000000
      100.2000000000        0.0000000000
      100.3000000000        0.0000000000
      100.4000000000        0.0000000000
      100.5000000000        0.0000000000
      100.6000000000        0.0000000000
      100.7000000000        0.0000000000
      100.8000000000        0.0000000000
      100.9000000000        0.0000000000
      101.0000000000        0.0000000000
      101.1000000000        0.0000000000
      101.2000000000        0.0000000000
      101.3000000000        0.0000000000
      101.4000000000        0.0000000000
      101.5000000000        0.0000000000
      101.6000000000        0.0000000000
      101.7000000000        0.0000000000
      101.8000000000        0.0000000000
      101.9000000000        0.0000000000
      102.0000000000        0.0000000000
      102.1000000000        0.0000000000
      102.2000000000        0.0000000000
      102.3000000000        0.0000000000
      102.4000000000        0.0000000000
      102.5000000000        0.0000000000
      102.6000000000        0.0000000000
      102.7000000000        0.0000000000
      102.8000000000        0.0000000000
      102.9000000000        0.0000000000
      103.0000000000        0.0000000000
      103.1000000000        0.0000000000
      103.2000000000        0.0000000000
      103.3000000000        0.0000000000
      103.4000000000        0.0000000000
      103.5000000000        0.0000000000
      103.6000000000        0.0000000000
      103.7000000000        0.0000000000
      103.8000000000        0.0000000000
      103.9000000000        0.0000000000
      104.0000000000        0.0000000000
      104.1000000000        0.0000000000
      104.2000000000        0.0000000000
      104.3000000000        0.0000000000
      104.4000000000        0.0000000000
      104.5000000000        0.0000000000
      104.6000000000        0.0000000000
      104.7000000000        0.0000000000
      104.8000000000        0.0000000000
      104.9000000000        0.0000000000
      105.0000000000        0.0000000000
      105.1000000000        0.0000000000
      105.2000000000        0.0000000000
      105.3000000000        0.0000000000
      105.4000000000        0.0000000000
      105.5000000000        0.0000000000
      105.6000000000        0.0000000000
      105.7000000000        0.0000000000
      105.8000000000        0.0000000000
      105.9000000000        0.0000000000
      106.0000000000        0.0000000000
      106.1000000000        0.0000000000
      106.2000000000        0.0000000000
      106.3000000000        0.0000000000
      106.4000000000        0.0000000000
      106.5000000000        0.0000000000
      106.6000000000        0.0000000000
      106.7000000000        0.0000000000
      106.8000000000        0.0000000000
      106.9000000000        0.0000000000
      107.0000000000        0.0000000000
      107.1000000000        0.0000000000
      107.2000000000        0.0000000000
      107.3000000000        0.0000000000
      107.4000000000        0.0000000000
      107.5000000000        0.0000000000
      107.6000000000        0.0000000000
      107.7000000000        0.0000000000
      107.8000000000        0.0000000000
      107.9000000000        0.0000000000
      108.0000000000        0.0000000000
      108.1000000000        0.0000000000
      108.2000000000        0.0000000000
      108.3000000000        0.0000000000
      108.4000000000        0.0000000000
      108.5000000000        0.0000000000
      108.6000000000        0.0000000000
      108.7000000000        0.0000000000
      108.8000000000        0.0000000000
      108.9000000000        0.0000000000
      109.0000000000        0.0000000000
      109.1000000000        0.0000000000
      109.2000000000        0.0000000000
      109.3000000000        0.0000000000
      109.4000000000        0.0000000000
      109.5000000000        0.0000000000
      109.6000000000        0.0000000000
      109.7000000000        0.0000000000
      109.8000000000        0.0000000000
      109.9000000000        0.0000000000
      110.0000000000        0.0000000000
      110.1000000000        0.0000000000
      110.2000000000        0.0000000000
      110.3000000000        0.0000000000
      110.4000000000        0.0000000000
      110.5000000000        0.0000000000
      110.6000000000        0.0000000000
      110.7000000000        0.0000000000
      110.8000000000        0.0000000000
      110.9000000000        0.0000000000
      111.0000000000        0.0000000000
      111.1000000000        0.0000000000
      111.2000000000        0.0000000000
      111.3000000000        0.0000000000
      111.4000000000        0.0000000000
      111.5000000000        0.0000000000
      111.6000000000        0.0000000000
      111.7000000000        0.0000000000
      111.8000000000        0.0000000000
      111.9000000000        0.0000000000
      112.0000000000        0.0000000000
      112.1000000000        0.0000000000
      112.2000000000        0.0000000000
      112.3000000000        0.0000000000
      112.4000000000        0.0000000000
      112.5000000000        0.0000000000
      112.6000000000        0.0000000000
      112.7000000000        0.0000000000
      112.8000000000        0.0000000000
      112.9000000000        0.0000000000
      113.0000000000        0.0000000000
      113.1000000000        0.0000000000
      113.2000000000        0.0000000000
      113.3000000000        0.0000000000
      113.4000000000        0.0000000000
      113.5000000000        0.0000000000
      113.6000000000        0.0000000000
      113.7000000000        0.0000000000
      113.8000000000        0.0000000000
      113.9000000000        0.0000000000
      114.0000000000        0.0000000000
      114.1000000000        0.0000000000
      114.2000000000        0.0000000000
      114.3000000000        0.0000000000
      114.4000000000        0.0000000000
      114.5000000000        0.0000000000
      114.6000000000        0.0000000000
      114.7000000000        0.0000000000
      114.8000000000        0.0000000000
      114.9000000000        0.0000000000
      115.0000000000        0.0000000000
      115.1000000000        0.0000000000
      115.2000000000        0.0000000000
      115.3000000000        0.0000000000
      115.4000000000        0.0000000000
      115.5000000000        0.0000000000
      115.6000000000        0.0000000000
      115.7000000000        0.0000000000
      115.8000000000        0.0000000000
      115.9000000000        0.0000000000
      116.0000000000        0.0000000000
      116.1000000000        0.0000000000
      116.2000000000        0.0000000000
      116.3000000000        0.0000000000
      116.4000000000        0.0000000000
      116.5000000000        0.0000000000
      116.6000000000        0.0000000000
      116.7000000000        0.0000000000
      116.8000000000        0.0000000000
      116.9000000000        0.0000000000
      117.0000000000        0.0000000000
      117.1000000000        0.0000000000
      117.2000000000        0.0000000000
      117.3000000000        0.0000000000
      117.4000000000        0.0000000000
      117.5000000000        0.0000000000
      117.6000000000        0.0000000000
      117.7000000000        0.0000000000
      117.8000000000        0.0000000000
      117.9000000000        0.0000000000
      118.0000000000        0.0000000000
      118.1000000000        0.0000000000
      118.2000000000        0.0000000000
      118.3000000000        0.0000000000
      118.4000000000        0.0000000000
      118.5000000000        0.0000000000
      118.6000000000        0.0000000000
      118.7000000000        0.0000000000
      118.8000000000        0.0000000000
      118.9000000000        0.0000000000
      119.0000000000        0.0000000000
      119.1000000000        0.0000000000
      119.2000000000        0.0000000000
      119.3000000000        0.0000000000
      119.4000000000        0.0000000000
      119.5000000000        0.0000000000
      119.6000000000        0.0000000000
      119.7000000000        0.0000000000
      119.8000000000        0.0000000000
      119.9000000000        0.0000000000
      120.0000000000        0.0000000000
