# File: 3    
# 1       0.0000000000000000   0.0212132034355964   0.0212132034355964
# 1       0.0212132034355964   0.0000000000000000   0.0212132034355964
  -0.0506077500   -0.0506077500   -0.1018965900
   0.0001970600    0.0400764400    0.0248100500
   0.0400764400    0.0001970600    0.0248100500
  -0.0152553300   -0.0152553300    0.0004104100
   0.0216137700    0.0216137700    0.0004025500
  -0.0337056300    0.0002050400   -0.0120815300
   0.0002050400   -0.0337056300   -0.0120815300
   0.0301777100    0.0301777100    0.0603647300
  -0.0011435300   -0.0011435300   -0.0022505800
   0.0043722700    0.0008073600    0.0016216500
   0.0008073600    0.0043722700    0.0016216500
   0.0006582100    0.0006582100    0.0013646900
   0.0008349400    0.0008349400    0.0122508600
   0.0007168800    0.0021480400    0.0014401000
   0.0021480400    0.0007168800    0.0014401000
  -0.0010954700   -0.0010954700   -0.0022266100
# File: 4    
# 1       0.0000000000000000   0.0212132034355964   0.0212132034355964
# 1      -0.0212132034355964   0.0000000000000000  -0.0212132034355964
   0.0506710000   -0.0506710000   -0.0000000000
  -0.0002050400    0.0031801600    0.0184469200
  -0.0031801600    0.0002050400   -0.0184469200
  -0.0216322900    0.0216322900   -0.0000000000
   0.0152682500   -0.0152682500   -0.0000000000
  -0.0031801600    0.0002050400    0.0184469200
  -0.0002050400    0.0031801600   -0.0184469200
  -0.0302181200    0.0302181200   -0.0000000000
   0.0011213700   -0.0011213700    0.0000120700
  -0.0019232100    0.0007149900   -0.0000000000
  -0.0008057400    0.0045863400   -0.0000000000
  -0.0007654600    0.0007654600    0.0001089700
  -0.0007654600    0.0007654600   -0.0001089700
  -0.0007149900    0.0019232100   -0.0000000000
  -0.0045863400    0.0008057400   -0.0000000000
   0.0011213700   -0.0011213700   -0.0000120700
# File: 5    
# 1       0.0000000000000000   0.0212132034355964   0.0212132034355964
# 2       0.0212132034355964   0.0000000000000000   0.0212132034355964
   0.0002022500   -0.0322274000   -0.0474865600
  -0.0506777300    0.0216195200   -0.0290476600
   0.0216286900   -0.0182439100    0.0033851000
   0.0031854400    0.0031786400    0.0218389600
   0.0031771300    0.0031799700   -0.0150659000
  -0.0152695900    0.0186519900    0.0033839800
   0.0302199900   -0.0152738700    0.0149475300
   0.0002044500    0.0117671500    0.0334025400
   0.0046118200   -0.0011316700   -0.0003263500
  -0.0011933000    0.0007599600   -0.0003502800
   0.0006946300    0.0044430400    0.0029299700
   0.0007896700    0.0006649400    0.0026795300
   0.0007430900    0.0008651600    0.0053563800
   0.0008322000    0.0020799000    0.0051056500
  -0.0010476700    0.0007736500   -0.0003604200
   0.0018989300   -0.0011070600   -0.0003924600
# File: 6    
# 1       0.0000000000000000   0.0212132034355964   0.0212132034355964
# 2      -0.0212132034355964   0.0000000000000000  -0.0212132034355964
  -0.0002004200   -0.0691258800   -0.0538475100
   0.0506561500    0.0216402000    0.0723057500
   0.0152665900    0.0186499300    0.0029769400
  -0.0400816100    0.0031792400   -0.0214269400
   0.0337172400    0.0031815900    0.0154709300
  -0.0216259200   -0.0182411200    0.0029740200
  -0.0302175200   -0.0152657900   -0.0454897900
  -0.0002028500    0.0486674900    0.0270382400
  -0.0019694100   -0.0011085700   -0.0018233200
   0.0009754000    0.0007474000    0.0018816300
  -0.0007807800    0.0047351000   -0.0039775000
  -0.0007890400    0.0005507500    0.0011615400
  -0.0007426100    0.0009695900    0.0038115000
  -0.0007369400    0.0017713100   -0.0010089600
   0.0012669500    0.0007817500    0.0018915700
  -0.0045352300   -0.0011329800   -0.0019381100
# File: 7    
# 1       0.0000000000000000   0.0212132034355964   0.0212132034355964
# 3       0.0000000000000000   0.0212132034355964   0.0212132034355964
   0.0184389500   -0.0504689900   -0.0474848200
  -0.0184463100    0.0248113900    0.0218355500
   0.0184389500   -0.0504689900   -0.0474848200
  -0.0184463100    0.0248113900    0.0218355500
   0.0184460600   -0.0120889200   -0.0150636200
  -0.0184462400    0.0304189300    0.0333973300
   0.0184460600   -0.0120889200   -0.0150636200
  -0.0184462400    0.0304189300    0.0333973300
  -0.0000187200    0.0034634200   -0.0003144000
  -0.0000851900    0.0015159900    0.0027138800
  -0.0000187200    0.0034634200   -0.0003144000
  -0.0000851900    0.0015159900    0.0027138800
   0.0000914600    0.0015372300    0.0053221800
   0.0000199900    0.0008109400   -0.0004061000
   0.0000914600    0.0015372300    0.0053221800
   0.0000199900    0.0008109400   -0.0004061000
# File: 8    
# 1       0.0000000000000000   0.0212132034355964   0.0212132034355964
# 3       0.0000000000000000  -0.0212132034355964  -0.0212132034355964
  -0.0184378100   -0.0508694600   -0.0538390900
   0.0184421400    0.0184501300    0.0214244500
   0.0184378100    0.0508694600    0.0538390900
  -0.0184421400   -0.0184501300   -0.0214244500
   0.0184438300    0.0184453600    0.0154692500
  -0.0184434800   -0.0300102100   -0.0270375200
  -0.0184438300   -0.0184453600   -0.0154692500
   0.0184434800    0.0300102100    0.0270375200
  -0.0000036500   -0.0030388600   -0.0018360500
  -0.0001307800   -0.0000749700   -0.0038457400
  -0.0000057300    0.0057129100    0.0019261400
  -0.0001297500   -0.0000855300    0.0011279900
   0.0001307800    0.0000749700    0.0038457400
   0.0000036500    0.0030388600    0.0018360500
   0.0001297500    0.0000855300   -0.0011279900
   0.0000057300   -0.0057129100   -0.0019261400
# File: 9    
# 1       0.0000000000000000   0.0212132034355964   0.0212132034355964
# 3       0.0212132034355964   0.0000000000000000   0.0212132034355964
   0.0216189700   -0.0506778200   -0.0290477400
   0.0031786300    0.0031856300    0.0218390200
  -0.0322274800    0.0002023400   -0.0474861000
  -0.0182440300    0.0216283300    0.0033850900
   0.0186520500   -0.0152691200    0.0033840600
   0.0117670400    0.0002044500    0.0334021300
   0.0031799800    0.0031772800   -0.0150660100
  -0.0152734900    0.0302200900    0.0149475500
   0.0007598700   -0.0011933300   -0.0003503800
   0.0006651500    0.0007898500    0.0026796200
  -0.0011314200    0.0046118300   -0.0003258200
   0.0044428600    0.0006941000    0.0029296300
   0.0020801300    0.0008318200    0.0051055600
  -0.0011071400    0.0018989600   -0.0003925400
   0.0008652600    0.0007430500    0.0053564100
   0.0007736200   -0.0010474500   -0.0003604700
# File: 10   
# 1       0.0000000000000000   0.0212132034355964   0.0212132034355964
# 3      -0.0212132034355964   0.0000000000000000  -0.0212132034355964
  -0.0216406700   -0.0506563700   -0.0723050500
  -0.0031795600    0.0400810700    0.0214272300
   0.0691252700    0.0002000600    0.0538477500
  -0.0186500400   -0.0152669000   -0.0029767000
   0.0182415900    0.0216263500   -0.0029744200
  -0.0486667400    0.0002031200   -0.0270385900
  -0.0031814000   -0.0337166500   -0.0154711500
   0.0152658500    0.0302177100    0.0454892400
  -0.0007818500   -0.0012668600   -0.0018918800
  -0.0009691800    0.0007424700   -0.0038113300
   0.0011329300    0.0045354000    0.0019384500
  -0.0017711100    0.0007367500    0.0010088000
  -0.0047352600    0.0007807600    0.0039775000
   0.0011081800    0.0019692600    0.0018228200
  -0.0005507800    0.0007891400   -0.0011614700
  -0.0007472300   -0.0009753100   -0.0018811900
# File: 11   
# 1       0.0000000000000000   0.0212132034355964   0.0212132034355964
# 3       0.0212132034355964   0.0212132034355964   0.0000000000000000
   0.0031785100   -0.0504789200   -0.0322334600
  -0.0152724000    0.0063631800    0.0216349800
  -0.0322334600   -0.0504789200    0.0031785100
  -0.0182443500    0.0063599300    0.0186529600
   0.0186529600    0.0063599300   -0.0182443500
   0.0117680500    0.0304238400    0.0031795500
   0.0216349800    0.0063631800   -0.0152724000
   0.0031795500    0.0304238400    0.0117680500
   0.0007893500    0.0035046500   -0.0011211900
   0.0006720800    0.0015311800    0.0008602500
  -0.0011211900    0.0035046500    0.0007893500
   0.0044021700    0.0015245400    0.0021181800
   0.0021181800    0.0015245400    0.0044021700
  -0.0011192200    0.0007716000    0.0007345300
   0.0008602500    0.0015311800    0.0006720800
   0.0007345300    0.0007716000   -0.0011192200
# File: 12   
# 1       0.0000000000000000   0.0212132034355964   0.0212132034355964
# 3      -0.0212132034355964  -0.0212132034355964   0.0000000000000000
  -0.0031793800   -0.0508660800   -0.0691131900
   0.0152652700    0.0368994800    0.0216313300
   0.0691131900    0.0508660800    0.0031793800
  -0.0186491700   -0.0000018300   -0.0182398800
   0.0182398800    0.0000018300    0.0186491700
  -0.0486638500   -0.0300114300    0.0031784300
  -0.0216313300   -0.0368994800   -0.0152652700
  -0.0031784300    0.0300114300    0.0486638500
  -0.0007198600   -0.0030779300   -0.0011199900
  -0.0008907400    0.0000000000    0.0008907400
   0.0011220400    0.0056723100    0.0007985400
  -0.0017319100    0.0000000000    0.0017319100
  -0.0047753100    0.0000000000    0.0047753100
   0.0011199900    0.0030779300    0.0007198600
  -0.0006418200    0.0000000000    0.0006418200
  -0.0007985400   -0.0056723100   -0.0011220400
# File: 13   
# 1       0.0000000000000000   0.0212132034355964   0.0212132034355964
# 7       0.0212132034355964   0.0000000000000000   0.0212132034355964
   0.0002046700   -0.0691181200   -0.0474812200
   0.0302161200    0.0216289600    0.0518537200
   0.0216253700    0.0186503400    0.0033861600
  -0.0337162800    0.0031777300   -0.0150628900
   0.0400811200    0.0031804100    0.0218357800
  -0.0152658100   -0.0182415300    0.0033825500
  -0.0506623400   -0.0152674000   -0.0659337300
   0.0002051800    0.0486659800    0.0333966300
   0.0019494700   -0.0011276000   -0.0004133400
  -0.0012703600    0.0007793100   -0.0003539700
   0.0007690700    0.0047979900    0.0055510500
   0.0008004400    0.0008194700    0.0027282200
   0.0007304000    0.0007034000    0.0053064100
   0.0007475500    0.0017134400    0.0024712200
  -0.0009717700    0.0007525900   -0.0003571000
   0.0045571900   -0.0011149700   -0.0003095200
# File: 14   
# 1       0.0000000000000000   0.0212132034355964   0.0212132034355964
# 7      -0.0212132034355964   0.0000000000000000  -0.0212132034355964
  -0.0002046300   -0.0322301900   -0.0538479500
  -0.0302216000    0.0216372800   -0.0085839500
   0.0152692400   -0.0182436300    0.0029757900
  -0.0031783900    0.0031799400    0.0154757000
  -0.0031851700    0.0031805400   -0.0214299700
  -0.0216291100    0.0186531100    0.0029750500
   0.0506767000   -0.0152610900    0.0354044400
  -0.0002043200    0.0117691700    0.0270436200
  -0.0046390000   -0.0011156200   -0.0019216100
   0.0010507400    0.0007765700    0.0018846100
  -0.0006810400    0.0043777400   -0.0012826100
  -0.0007999400    0.0008264800    0.0011129500
  -0.0007300400    0.0006872400    0.0038615700
  -0.0008417000    0.0021355700   -0.0037117200
   0.0011894900    0.0007550100    0.0018874000
  -0.0018712100   -0.0011281400   -0.0018433200
# File: 15   
# 1       0.0000000000000000   0.0212132034355964   0.0212132034355964
# 8       0.0212132034355964   0.0000000000000000   0.0212132034355964
   0.0301903600   -0.0506997900   -0.0205161700
   0.0002032300    0.0031843200    0.0248143700
   0.0031770100    0.0002039300   -0.0120920400
  -0.0152690300    0.0216273300    0.0004076000
   0.0216273300   -0.0152690300    0.0004076000
   0.0031843200    0.0002032300    0.0248143700
   0.0002039300    0.0031770100   -0.0120920400
  -0.0506997900    0.0301903600   -0.0205161700
  -0.0011317200   -0.0011075700   -0.0022394700
   0.0018311800    0.0009036600    0.0016236900
   0.0006351600    0.0047138500    0.0014459400
   0.0009485400    0.0005895400    0.0065560800
   0.0005895400    0.0009485400    0.0065560800
   0.0009036600    0.0018311800    0.0016236900
   0.0047138500    0.0006351600    0.0014459400
  -0.0011075700   -0.0011317200   -0.0022394700
# File: 16   
# 1       0.0000000000000000   0.0212132034355964   0.0212132034355964
# 8      -0.0212132034355964   0.0000000000000000  -0.0212132034355964
  -0.0302064500   -0.0506589800   -0.0808817200
  -0.0002041000    0.0400835700    0.0184517500
   0.0337185800    0.0002056600    0.0184466500
  -0.0216260500   -0.0152667200   -0.0000007300
   0.0152667200    0.0216260500    0.0000007300
  -0.0400835700    0.0002041000   -0.0184517500
  -0.0002056600   -0.0337185800   -0.0184466500
   0.0506589800    0.0302064500    0.0808817200
   0.0011092300   -0.0011092300   -0.0000000000
  -0.0046964300    0.0006330600   -0.0001732900
  -0.0006330600    0.0046964300    0.0001732900
  -0.0008468500    0.0008468500   -0.0000000000
  -0.0006687800    0.0006687800   -0.0000000000
  -0.0009016500    0.0018142900   -0.0001862600
  -0.0018142900    0.0009016500    0.0001862600
   0.0011333800   -0.0011333800   -0.0000000000
# File: 17   
# 1       0.0000000000000000   0.0212132034355964   0.0212132034355964
# 9       0.0212132034355964   0.0000000000000000   0.0212132034355964
  -0.0011320600   -0.0506444000   -0.0518061500
   0.0018784100    0.0216701400    0.0224653400
   0.0192203400    0.0001249300    0.0039519700
  -0.0176950000    0.0031833800    0.0047908400
   0.0192845600    0.0031797600    0.0020841400
  -0.0176822100    0.0002648000    0.0039450600
   0.0045840300   -0.0152286800   -0.0145114400
  -0.0011208300    0.0301825200    0.0290976600
  -0.0616620900   -0.0010809700   -0.0627732700
   0.0012870900    0.0061011600    0.0049119800
   0.0094194600    0.0045685100    0.0102255300
   0.0041677200   -0.0046564500    0.0033210200
   0.0041218400    0.0060983700    0.0059965100
  -0.0012058900    0.0019200500   -0.0004911300
   0.0015187600   -0.0045633800    0.0049101400
   0.0350158800   -0.0011197400    0.0338818000
# File: 18   
# 1       0.0000000000000000   0.0212132034355964   0.0212132034355964
# 9      -0.0212132034355964   0.0000000000000000  -0.0212132034355964
   0.0011328400   -0.0506224200   -0.0495435200
  -0.0045798900    0.0215962200    0.0208786600
   0.0176754700    0.0001490900    0.0024079200
  -0.0192779100    0.0031760900   -0.0016859400
   0.0176874800    0.0031797800   -0.0043777200
  -0.0192142800    0.0002770200    0.0024135000
  -0.0018862700   -0.0153096000   -0.0161047900
   0.0011204600    0.0301809900    0.0313374400
   0.0616413400   -0.0011584800    0.0605375600
  -0.0015050900   -0.0045699500   -0.0033813400
  -0.0094200800    0.0046026600   -0.0086146000
  -0.0041688500    0.0060862000    0.0005291200
  -0.0041222700   -0.0044875300    0.0031816200
   0.0012051800    0.0019250600    0.0019203600
  -0.0012995200    0.0060947800   -0.0033794700
  -0.0349886000   -0.0011199000   -0.0361188000
# File: 19   
# 1       0.0000000000000000   0.0212132034355964   0.0212132034355964
# 9       0.0000000000000000   0.0212132034355964   0.0212132034355964
   0.0000140400   -0.0517935000   -0.0517935000
  -0.0000915100    0.0224019600    0.0224019600
   0.0184883000    0.0020909400    0.0039757800
  -0.0184077600    0.0038956300    0.0048019100
   0.0184883000    0.0039757800    0.0020909400
  -0.0184077600    0.0048019100    0.0038956300
   0.0000536500   -0.0145031900   -0.0145031900
  -0.0000378400    0.0290987000    0.0290987000
   0.0000644300   -0.0628093300   -0.0628093300
  -0.0001390100    0.0102480400    0.0102480400
   0.0052957700    0.0059978300    0.0049242200
  -0.0053669600    0.0048788100    0.0033343100
   0.0052957700    0.0049242200    0.0059978300
  -0.0053669600    0.0033343100    0.0048788100
   0.0001058100   -0.0004254800   -0.0004254800
   0.0000117600    0.0338833600    0.0338833600
# File: 20   
# 1       0.0000000000000000   0.0212132034355964   0.0212132034355964
# 9       0.0000000000000000  -0.0212132034355964  -0.0212132034355964
   0.0000617600   -0.0495559900   -0.0495559900
  -0.0000431400    0.0208657000    0.0208657000
   0.0184068700   -0.0043844700    0.0024601400
  -0.0184869000    0.0023860000   -0.0016990100
   0.0184068700    0.0024601400   -0.0043844700
  -0.0184869000   -0.0016990100    0.0023860000
   0.0000795300   -0.0160380800   -0.0160380800
  -0.0000377700    0.0313364000    0.0313364000
  -0.0000885300    0.0605765600    0.0605765600
  -0.0000793700   -0.0087184300   -0.0087184300
  -0.0052959100    0.0031810900   -0.0033140000
   0.0053675600   -0.0034502400    0.0005169900
  -0.0052959100   -0.0033140000    0.0031810900
   0.0053675600    0.0005169900   -0.0034502400
   0.0001126100    0.0019550500    0.0019550500
   0.0000116700   -0.0361177200   -0.0361177200
# File: 21   
# 1       0.0000000000000000   0.0212132034355964   0.0212132034355964
# 10      0.0212132034355964   0.0000000000000000   0.0212132034355964
   0.0019534100   -0.0507743700   -0.0499735600
  -0.0011168100    0.0217087700    0.0205489400
   0.0191621200    0.0002032900    0.0078177800
  -0.0177105000    0.0031147500    0.0009572000
   0.0192341800    0.0033054300    0.0009673100
  -0.0177024200    0.0001865800    0.0050816700
  -0.0011196300   -0.0153469800   -0.0164305100
   0.0047305300    0.0302146600    0.0309340000
   0.0014007900    0.0041990500    0.0030092800
  -0.0617672700    0.0007948700   -0.0608939300
   0.0040678100   -0.0007981300    0.0022564500
   0.0095550600    0.0007493600    0.0113420300
  -0.0012372300    0.0008186200    0.0032966500
   0.0041858900    0.0071520300    0.0021383600
   0.0349431000    0.0009216500    0.0359251600
   0.0014209800   -0.0064495800    0.0030231800
# File: 22   
# 1       0.0000000000000000   0.0212132034355964   0.0212132034355964
# 10     -0.0212132034355964   0.0000000000000000  -0.0212132034355964
  -0.0046262500   -0.0505568800   -0.0512779700
   0.0011146100    0.0216339200    0.0227180800
   0.0176483900    0.0002030000    0.0012387000
  -0.0191856100    0.0031156100   -0.0005471400
   0.0176613200    0.0031826800   -0.0005600400
  -0.0191192600    0.0002236600   -0.0014186600
   0.0011192700   -0.0152676400   -0.0141086900
  -0.0020411400    0.0302125000    0.0294137600
  -0.0014241800   -0.0064393400   -0.0052510100
   0.0615068400    0.0007180500    0.0624092500
  -0.0040663700    0.0099775700   -0.0006432600
  -0.0095411400    0.0006806400   -0.0074938900
   0.0012485300    0.0007924000    0.0058833200
  -0.0041838100   -0.0032976800   -0.0007065900
  -0.0347154700    0.0006113200   -0.0343909200
  -0.0013957300    0.0042102000   -0.0052649300
# File: 23   
# 1       0.0000000000000000   0.0212132034355964   0.0212132034355964
# 10      0.0000000000000000   0.0212132034355964   0.0212132034355964
   0.0000248600   -0.0498991000   -0.0498991000
   0.0000474100    0.0205137700    0.0205137700
   0.0184172400    0.0009372000    0.0078160900
  -0.0184772300    0.0050238600    0.0009843700
   0.0184172400    0.0078160900    0.0009372000
  -0.0184772300    0.0009843700    0.0050238600
  -0.0000351500   -0.0163914900   -0.0163914900
   0.0003354200    0.0309884000    0.0309884000
  -0.0000088500    0.0083635900    0.0083635900
  -0.0000322800   -0.0609206600   -0.0609206600
  -0.0053355500    0.0087315600    0.0022143300
   0.0053284100    0.0021261300    0.0060545700
  -0.0053355500    0.0022143300    0.0087315600
   0.0053284100    0.0060545700    0.0021261300
  -0.0002040500    0.0357678400    0.0357678400
   0.0000069000   -0.0023104600   -0.0023104600
# File: 24   
# 1       0.0000000000000000   0.0212132034355964   0.0212132034355964
# 10      0.0000000000000000  -0.0212132034355964  -0.0212132034355964
  -0.0001581700   -0.0514449900   -0.0514449900
   0.0000268400    0.0227538900    0.0227538900
   0.0184774900   -0.0006060400    0.0012421000
  -0.0184168500   -0.0013618600   -0.0004989400
   0.0184774900    0.0012421000   -0.0006060400
  -0.0184168500   -0.0004989400   -0.0013618600
  -0.0000405300   -0.0141498700   -0.0141498700
  -0.0002017300    0.0294443900    0.0294443900
  -0.0000153200   -0.0106030000   -0.0106030000
  -0.0001854500    0.0624599500    0.0624599500
   0.0053350300    0.0004372800   -0.0006016700
  -0.0053277100   -0.0006953100   -0.0022129800
   0.0053350300   -0.0006016700    0.0004372800
  -0.0053277100   -0.0022129800   -0.0006953100
   0.0004217900   -0.0342327900   -0.0342327900
   0.0000166600    0.0000698400    0.0000698400
# File: 25   
# 1       0.0000000000000000   0.0212132034355964   0.0212132034355964
# 11      0.0212132034355964   0.0000000000000000   0.0212132034355964
   0.0008078300   -0.0506868300   -0.0498592000
   0.0006919600    0.0215811900    0.0264217300
   0.0173158200    0.0002472200    0.0020475100
  -0.0164002300    0.0032043000    0.0009625400
   0.0232508400    0.0031441700    0.0009008100
  -0.0195638000    0.0001681400    0.0020637900
   0.0007619100   -0.0152615600   -0.0132117200
   0.0006341700    0.0304143100    0.0308559000
   0.0094090400   -0.0011203700    0.0082995800
   0.0039975200   -0.0045723700    0.0021748400
  -0.0617486000    0.0046325200   -0.0609399800
   0.0014099500    0.0060439100    0.0060217300
   0.0014346300   -0.0045110000    0.0086425800
   0.0349977300    0.0017665200    0.0357144700
   0.0041637600    0.0060730500    0.0022006800
  -0.0011625400   -0.0011232000   -0.0022952700
# File: 26   
# 1       0.0000000000000000   0.0212132034355964   0.0212132034355964
# 11     -0.0212132034355964   0.0000000000000000  -0.0212132034355964
  -0.0008085400   -0.0507568200   -0.0514835800
  -0.0007753200    0.0216848900    0.0195386000
   0.0195796900    0.0002357000    0.0043123700
  -0.0231875800    0.0031557700   -0.0004720800
   0.0163386700    0.0032141000   -0.0005740000
  -0.0173324100    0.0001647900    0.0042947200
  -0.0006807700   -0.0152770600   -0.0200203500
  -0.0006375300    0.0301343200    0.0295793200
  -0.0094316100   -0.0011193300   -0.0105404900
  -0.0042177600    0.0061009200   -0.0006438100
   0.0617516400    0.0045301500    0.0625568600
  -0.0014089200   -0.0046164800   -0.0021791700
  -0.0014352600    0.0061180300    0.0005246000
  -0.0349979600    0.0020930200   -0.0342799800
  -0.0039438300   -0.0045451200   -0.0006672000
   0.0011874900   -0.0011168900    0.0000541900
# File: 27   
# 1       0.0000000000000000   0.0212132034355964   0.0212132034355964
# 11      0.0000000000000000   0.0212132034355964   0.0212132034355964
   0.0000000000   -0.0459330300   -0.0499186300
   0.0000000000    0.0223013200    0.0262677900
   0.0185160000   -0.0009173000    0.0020537600
  -0.0183627100    0.0039228000    0.0009336200
   0.0183627100    0.0039228000    0.0009336200
  -0.0185160000   -0.0009173000    0.0020537600
   0.0000000000   -0.0145101800   -0.0130087200
   0.0000000000    0.0349447400    0.0308049600
   0.0052746300    0.0002973900    0.0029922100
  -0.0054975400    0.0048755700    0.0022146100
   0.0000000000   -0.0597055300   -0.0609048600
   0.0000000000    0.0102377500    0.0113578800
   0.0000000000   -0.0004448100    0.0031411600
   0.0000000000    0.0367528200    0.0358720100
   0.0054975400    0.0048755700    0.0022146100
  -0.0052746300    0.0002973900    0.0029922100
# File: 28   
# 1       0.0000000000000000   0.0212132034355964   0.0212132034355964
# 11      0.0000000000000000  -0.0212132034355964  -0.0212132034355964
   0.0000000000   -0.0583368600   -0.0513060800
   0.0000000000    0.0208792400    0.0196770700
   0.0184541200    0.0013225400    0.0043046000
  -0.0186559500    0.0024363600   -0.0005244300
   0.0186559500    0.0024363600   -0.0005244300
  -0.0184541200    0.0013225400    0.0043046000
   0.0000000000   -0.0159535900   -0.0202380200
   0.0000000000    0.0281338600    0.0295336000
  -0.0052968900   -0.0025336600   -0.0052324100
   0.0052769700   -0.0033394800   -0.0006805500
   0.0000000000    0.0690924600    0.0624878400
   0.0000000000   -0.0087978700   -0.0075088400
   0.0000000000    0.0020682200    0.0060413900
   0.0000000000   -0.0328569700   -0.0344213700
  -0.0052769700   -0.0033394800   -0.0006805500
   0.0052968900   -0.0025336600   -0.0052324100
# File: 29   
# 1       0.0000000000000000   0.0212132034355964   0.0212132034355964
# 12      0.0212132034355964   0.0000000000000000   0.0212132034355964
   0.0006801000   -0.0505531400   -0.0488279800
   0.0007902200    0.0217192200    0.0223947400
   0.0203370300    0.0002041900    0.0040223800
  -0.0195293600    0.0032099100   -0.0009115800
   0.0172921100    0.0031536800   -0.0009156200
  -0.0142244100    0.0002232400    0.0038849000
   0.0008026100   -0.0154123400   -0.0144607700
   0.0009278300    0.0302219600    0.0321116900
   0.0041462400   -0.0064862300    0.0002877100
   0.0093477200    0.0007230400    0.0102728700
   0.0014106700    0.0099167300    0.0049081400
  -0.0616215800    0.0006792500   -0.0571354800
   0.0350061200    0.0006431000    0.0395748400
   0.0013904200   -0.0032536400    0.0049304500
  -0.0009426400    0.0007534300   -0.0004168600
   0.0041869300    0.0042576200    0.0002805800
# File: 30   
# 1       0.0000000000000000   0.0212132034355964   0.0212132034355964
# 12     -0.0212132034355964   0.0000000000000000  -0.0212132034355964
  -0.0007355000   -0.0507790300   -0.0500593900
  -0.0007920500    0.0214092500    0.0208722300
   0.0138419300    0.0002021000    0.0024133100
  -0.0173665800    0.0032258100    0.0013177600
   0.0196017300    0.0031296300    0.0013208300
  -0.0199843600    0.0001870000    0.0023986900
  -0.0008008300   -0.0149886500   -0.0160781100
  -0.0008593300    0.0302046800    0.0255798000
  -0.0041697200    0.0042439900   -0.0025249800
  -0.0095662000    0.0008088100   -0.0087456100
  -0.0014083500   -0.0007341800   -0.0032929200
   0.0616147200    0.0007333700    0.0612255500
  -0.0349891400    0.0009696700   -0.0303612200
  -0.0013883500    0.0071049500   -0.0034974800
   0.0011635800    0.0007776900    0.0019492800
  -0.0041615600   -0.0064950900   -0.0025177400
# File: 31   
# 1       0.0000000000000000   0.0212132034355964   0.0212132034355964
# 12      0.0000000000000000   0.0212132034355964   0.0212132034355964
   0.0000000000   -0.0498673800   -0.0488717500
   0.0000000000    0.0234742700    0.0224749200
   0.0185330300    0.0010105900    0.0039701100
  -0.0183826200    0.0020628000   -0.0009167300
   0.0183826200    0.0020628000   -0.0009167300
  -0.0185330300    0.0010105900    0.0039701100
   0.0000000000   -0.0110583700   -0.0145143300
   0.0000000000    0.0311509600    0.0319787300
  -0.0053917000    0.0030508500    0.0002838000
   0.0051677900    0.0021404400    0.0049396200
   0.0000000000    0.0141011200    0.0102490100
   0.0000000000   -0.0609399900   -0.0571817100
   0.0000000000    0.0356487500    0.0397290700
   0.0000000000    0.0009612800   -0.0004175500
  -0.0051677900    0.0021404400    0.0049396200
   0.0053917000    0.0030508500    0.0002838000
# File: 32   
# 1       0.0000000000000000   0.0212132034355964   0.0212132034355964
# 12      0.0000000000000000  -0.0212132034355964  -0.0212132034355964
   0.0000000000   -0.0515168400   -0.0499973900
   0.0000000000    0.0170762000    0.0208596000
   0.0182209000   -0.0006011000    0.0023891400
  -0.0184359600    0.0042953800    0.0013217700
   0.0184359600    0.0042953800    0.0013217700
  -0.0182209000   -0.0006011000    0.0023891400
   0.0000000000   -0.0167938900   -0.0161037000
   0.0000000000    0.0293422200    0.0257050200
   0.0053657000   -0.0052915700   -0.0025196700
  -0.0053821100   -0.0006055600   -0.0034045100
   0.0000000000   -0.0049252200   -0.0086269700
   0.0000000000    0.0623479400    0.0612359300
   0.0000000000   -0.0340186900   -0.0305064500
   0.0000000000    0.0028939700    0.0018604900
   0.0053821100   -0.0006055600   -0.0034045100
  -0.0053657000   -0.0052915700   -0.0025196700
# File: 33   
# 9       0.0000000000000000   0.0212132034355964   0.0212132034355964
# 1       0.0212132034355964   0.0000000000000000   0.0212132034355964
  -0.0506440600   -0.0011320300   -0.0518057000
   0.0001249200    0.0192199500    0.0039518600
   0.0216694700    0.0018784600    0.0224649900
   0.0031833200   -0.0176945400    0.0047908100
   0.0031796300    0.0192842500    0.0020841700
  -0.0152282900    0.0045840000   -0.0145110500
   0.0002647800   -0.0176816200    0.0039450700
   0.0301821400   -0.0011208900    0.0290971000
  -0.0010807700   -0.0616622400   -0.0627732100
   0.0045682200    0.0094194700    0.0102253700
   0.0061013700    0.0012872000    0.0049124100
  -0.0046563100    0.0041674600    0.0033209200
   0.0060988100    0.0041216400    0.0059964300
  -0.0045631400    0.0015187700    0.0049102600
   0.0019199700   -0.0012060300   -0.0004912000
  -0.0011200500    0.0350161700    0.0338817700
# File: 34   
# 9       0.0000000000000000   0.0212132034355964   0.0212132034355964
# 1      -0.0212132034355964   0.0000000000000000  -0.0212132034355964
   0.0507217800   -0.0011091000    0.0495675800
  -0.0002579800   -0.0176859400   -0.0024180400
  -0.0216695700    0.0019062800   -0.0208747000
  -0.0031835500    0.0191306900    0.0043951400
  -0.0031800600   -0.0176934500    0.0017056500
   0.0152298900    0.0045969200    0.0159476900
  -0.0001310700    0.0192172100   -0.0024110500
  -0.0302565000   -0.0011202300   -0.0313377900
   0.0010824500   -0.0617413000   -0.0606136900
  -0.0019120200    0.0095455700    0.0088307500
   0.0045642400    0.0013132800    0.0033753200
  -0.0060985700    0.0041158000   -0.0031648900
   0.0046556500    0.0041640400   -0.0005156300
  -0.0060994700    0.0015213500    0.0033748100
  -0.0045853200   -0.0011741200   -0.0019800500
   0.0011200800    0.0350129800    0.0361189200
# File: 35   
# 9       0.0000000000000000   0.0212132034355964   0.0212132034355964
# 1       0.0000000000000000   0.0212132034355964   0.0212132034355964
   0.0000140400   -0.0517935100   -0.0517935100
  -0.0000915100    0.0224019800    0.0224019800
   0.0184883100    0.0020909400    0.0039757800
  -0.0184077800    0.0038956400    0.0048019200
   0.0184883100    0.0039757800    0.0020909400
  -0.0184077800    0.0048019200    0.0038956400
   0.0000536500   -0.0145032000   -0.0145032000
  -0.0000378500    0.0290987100    0.0290987100
   0.0000644300   -0.0628093300   -0.0628093300
  -0.0001390100    0.0102480400    0.0102480400
   0.0052957600    0.0059978400    0.0049242200
  -0.0053669600    0.0048788000    0.0033343100
   0.0052957600    0.0049242200    0.0059978400
  -0.0053669600    0.0033343100    0.0048788000
   0.0001058100   -0.0004254800   -0.0004254800
   0.0000117600    0.0338833600    0.0338833600
# File: 36   
# 9       0.0000000000000000   0.0212132034355964   0.0212132034355964
# 1       0.0000000000000000  -0.0212132034355964  -0.0212132034355964
   0.0000614400    0.0495565700    0.0495565700
  -0.0000417600   -0.0208663500   -0.0208663500
  -0.0184877500    0.0016995400   -0.0023863400
   0.0184072600   -0.0024599900    0.0043843800
  -0.0184877500   -0.0023863400    0.0016995400
   0.0184072600    0.0043843800   -0.0024599900
   0.0000794900    0.0160387600    0.0160387600
  -0.0000378300   -0.0313369000   -0.0313369000
  -0.0000870700   -0.0605772400   -0.0605772400
  -0.0000852000    0.0087186200    0.0087186200
   0.0053688400   -0.0005186100    0.0034513200
  -0.0052950100    0.0033127900   -0.0031793900
   0.0053688400    0.0034513200   -0.0005186100
  -0.0052950100   -0.0031793900    0.0033127900
   0.0001126200   -0.0019546200   -0.0019546200
   0.0000116600    0.0361174300    0.0361174300
# File: 37   
# 9       0.0000000000000000   0.0212132034355964   0.0212132034355964
# 2       0.0212132034355964   0.0000000000000000   0.0212132034355964
   0.0002471200    0.0173159700    0.0020473800
  -0.0506868500    0.0008079500   -0.0498593600
   0.0032042900   -0.0164001400    0.0009626200
   0.0215811400    0.0006919600    0.0264216800
  -0.0152618000    0.0007619600   -0.0132115900
   0.0031440400    0.0232508100    0.0009007100
   0.0304142600    0.0006341600    0.0308560200
   0.0001682600   -0.0195639100    0.0020638000
   0.0046324800   -0.0617486800   -0.0609401900
  -0.0011204400    0.0094090700    0.0082996500
   0.0060443400    0.0014100900    0.0060220200
  -0.0045724900    0.0039973600    0.0021748100
   0.0060734000    0.0041637300    0.0022007500
  -0.0045107100    0.0014345400    0.0086425900
  -0.0011234300   -0.0011627800   -0.0022953400
   0.0017663800    0.0349979300    0.0357144300
# File: 38   
# 9       0.0000000000000000   0.0212132034355964   0.0212132034355964
# 2      -0.0212132034355964   0.0000000000000000  -0.0212132034355964
  -0.0001703600   -0.0195557800   -0.0042880800
   0.0505364800    0.0007177100    0.0513927400
  -0.0032048100    0.0201869400    0.0006259600
  -0.0215758700    0.0007453500   -0.0172376300
   0.0152659800    0.0008275300    0.0169974800
  -0.0031422900   -0.0140599300    0.0005368300
  -0.0302693300    0.0009059400   -0.0293114100
  -0.0002430600    0.0173199200   -0.0043076100
  -0.0019464300   -0.0616190100   -0.0623332400
   0.0011129200    0.0095328300    0.0106653800
   0.0045255400    0.0014088900   -0.0004044000
  -0.0060924200    0.0040644700    0.0006480100
   0.0045911100    0.0043317300    0.0006175300
  -0.0060648400    0.0013897800    0.0022939200
   0.0011219200   -0.0011943000   -0.0000846800
  -0.0044445200    0.0349979100    0.0341892000
# File: 39   
# 9       0.0000000000000000   0.0212132034355964   0.0212132034355964
# 2       0.0000000000000000   0.0212132034355964   0.0212132034355964
   0.0000474000    0.0205140300    0.0205140300
   0.0000249000   -0.0498993600   -0.0498993600
  -0.0184775000    0.0050239800    0.0009842400
   0.0184174800    0.0009371400    0.0078162700
  -0.0184775000    0.0009842400    0.0050239800
   0.0184174800    0.0078162700    0.0009371400
   0.0003354000    0.0309886100    0.0309886100
  -0.0000352000   -0.0163917400   -0.0163917400
  -0.0000323300   -0.0609211900   -0.0609211900
  -0.0000087100    0.0083637300    0.0083637300
   0.0053286500    0.0021262900    0.0060546300
  -0.0053357100    0.0087315500    0.0022144500
   0.0053286500    0.0060546300    0.0021262900
  -0.0053357100    0.0022144500    0.0087315500
   0.0000071100   -0.0023101900   -0.0023101900
  -0.0002044000    0.0357675500    0.0357675500
# File: 40   
# 9       0.0000000000000000   0.0212132034355964   0.0212132034355964
# 2       0.0000000000000000  -0.0212132034355964  -0.0212132034355964
   0.0000281700   -0.0227539100   -0.0227539100
  -0.0001585100    0.0514450100    0.0514450100
   0.0184772500   -0.0012418800    0.0006058000
  -0.0184170700    0.0004991800    0.0013616300
   0.0184772500    0.0006058000   -0.0012418800
  -0.0184170700    0.0013616300    0.0004991800
  -0.0002017400   -0.0294444100   -0.0294444100
  -0.0000404400    0.0141498500    0.0141498500
  -0.0001841600   -0.0624599200   -0.0624599200
  -0.0000211000    0.0106029300    0.0106029300
   0.0053361500    0.0006000500   -0.0004361100
  -0.0053266100    0.0022120000    0.0006969200
   0.0053361500   -0.0004361100    0.0006000500
  -0.0053266100    0.0006969200    0.0022120000
   0.0000167800   -0.0000699000   -0.0000699000
   0.0004215700    0.0342327900    0.0342327900
# File: 41   
# 9       0.0000000000000000   0.0212132034355964   0.0212132034355964
# 3       0.0212132034355964   0.0000000000000000   0.0212132034355964
   0.0217082900   -0.0011168600    0.0205485000
   0.0031147400   -0.0177100100    0.0009572000
  -0.0507741400    0.0019535000   -0.0499731500
   0.0002031100    0.0191618200    0.0078176400
   0.0001865800   -0.0177020500    0.0050817700
   0.0302142300    0.0047304400    0.0309336500
   0.0033053200    0.0192339500    0.0009671400
  -0.0153466800   -0.0011195700   -0.0164302300
   0.0007948200   -0.0617673000   -0.0608939000
   0.0007494800    0.0095552300    0.0113420800
   0.0041995600    0.0014009300    0.0030098600
  -0.0007981900    0.0040672800    0.0022561900
   0.0071520000    0.0041856100    0.0021383600
  -0.0064494900    0.0014210200    0.0030232900
   0.0008186700   -0.0012373900    0.0032964500
   0.0009217100    0.0349434200    0.0359251300
# File: 42   
# 9       0.0000000000000000   0.0212132034355964   0.0212132034355964
# 3      -0.0212132034355964   0.0000000000000000  -0.0212132034355964
  -0.0216310000   -0.0011249800   -0.0227905900
  -0.0032509500    0.0192453200    0.0005770800
   0.0507754900    0.0018403300    0.0515729800
  -0.0002031300   -0.0177249600    0.0013629500
  -0.0001865600    0.0192937100   -0.0013034900
  -0.0302118900    0.0044709000   -0.0294904500
  -0.0031682500   -0.0176981500    0.0005671200
   0.0152717300   -0.0011219300    0.0141880100
  -0.0007944100   -0.0618058100   -0.0624856700
  -0.0008507800    0.0094049600    0.0049561600
   0.0064661200    0.0013940300    0.0052778200
  -0.0072016700    0.0042108100    0.0006593400
   0.0008495700    0.0040933600    0.0005867500
  -0.0042130700    0.0014247500    0.0052618400
  -0.0007267300   -0.0011497800   -0.0030180800
  -0.0009244700    0.0352474300    0.0340782300
# File: 43   
# 9       0.0000000000000000   0.0212132034355964   0.0212132034355964
# 3       0.0000000000000000   0.0212132034355964   0.0212132034355964
   0.0185137300   -0.0009173600    0.0020537000
  -0.0183606100    0.0039227600    0.0009336900
  -0.0000000000   -0.0459305300   -0.0499156000
  -0.0000000000    0.0222987300    0.0262657200
  -0.0000000000   -0.0145075600   -0.0130069000
  -0.0000000000    0.0349425100    0.0308023500
   0.0183606100    0.0039227600    0.0009336900
  -0.0185137300   -0.0009173600    0.0020537000
  -0.0000000000   -0.0597055000   -0.0609051500
  -0.0000000000    0.0102373400    0.0113573600
   0.0052738000    0.0002975700    0.0029919600
  -0.0054971900    0.0048751900    0.0022149200
   0.0054971900    0.0048751900    0.0022149200
  -0.0052738000    0.0002975700    0.0029919600
  -0.0000000000   -0.0004441000    0.0031418800
  -0.0000000000    0.0367527900    0.0358717900
# File: 44   
# 9       0.0000000000000000   0.0212132034355964   0.0212132034355964
# 3       0.0000000000000000  -0.0212132034355964  -0.0212132034355964
  -0.0184358200   -0.0013217600   -0.0042953000
   0.0182199600   -0.0023890500    0.0006011600
  -0.0000000000    0.0499965600    0.0515167500
  -0.0000000000   -0.0208593400   -0.0170753600
  -0.0000000000    0.0161035100    0.0167931900
  -0.0000000000   -0.0257039200   -0.0293419500
  -0.0182199600   -0.0023890500    0.0006011600
   0.0184358200   -0.0013217600   -0.0042953000
  -0.0000000000   -0.0612371700   -0.0623485300
  -0.0000000000    0.0086272000    0.0049244400
   0.0053656000    0.0025198300    0.0052918200
  -0.0053824000    0.0034042900    0.0006056600
   0.0053824000    0.0034042900    0.0006056600
  -0.0053656000    0.0025198300    0.0052918200
  -0.0000000000   -0.0018597100   -0.0028939000
  -0.0000000000    0.0305062400    0.0340187000
# File: 45   
# 9       0.0000000000000000   0.0212132034355964   0.0212132034355964
# 4       0.0212132034355964   0.0000000000000000   0.0212132034355964
   0.0032099100   -0.0195296800   -0.0009115600
   0.0217196200    0.0007902700    0.0223951300
   0.0002040800    0.0203375500    0.0040222900
  -0.0505536700    0.0006802000   -0.0488284100
   0.0302223200    0.0009277800    0.0321122300
   0.0002232300   -0.0142248400    0.0038849300
  -0.0154128700    0.0008027400   -0.0144612200
   0.0031536300    0.0172925700   -0.0009157300
   0.0006793700   -0.0616217100   -0.0571356200
   0.0007228500    0.0093479400    0.0102729600
   0.0099168700    0.0014105700    0.0049082800
  -0.0064861000    0.0041459200    0.0002877100
   0.0042575900    0.0041867100    0.0002805600
  -0.0032535800    0.0013902800    0.0049304800
   0.0007533700   -0.0009425400   -0.0004168600
   0.0006433800    0.0350062200    0.0395748200
# File: 46   
# 9       0.0000000000000000   0.0212132034355964   0.0212132034355964
# 4      -0.0212132034355964   0.0000000000000000  -0.0212132034355964
  -0.0031353500    0.0172843000   -0.0013287000
  -0.0218429200    0.0007453000   -0.0208593400
  -0.0002021500   -0.0165398000   -0.0024323300
   0.0505565700    0.0007452000    0.0583160200
  -0.0302044300    0.0006683800   -0.0282773600
  -0.0002242600    0.0234045300   -0.0024516100
   0.0155434500    0.0007311800    0.0159931500
  -0.0032269900   -0.0195309500   -0.0013242200
  -0.0007438400   -0.0617438100   -0.0691668800
  -0.0007299100    0.0093943700    0.0086894200
   0.0033984700    0.0014084600    0.0034640200
  -0.0041779000    0.0041131700    0.0025322800
   0.0064058000    0.0041231700    0.0025364600
  -0.0100974100    0.0014339700    0.0032521500
  -0.0007528100   -0.0012268800   -0.0019680300
  -0.0005663100    0.0349894200    0.0330249700
# File: 47   
# 9       0.0000000000000000   0.0212132034355964   0.0212132034355964
# 4       0.0000000000000000   0.0212132034355964   0.0212132034355964
  -0.0183831800    0.0020628400   -0.0009166600
   0.0185331400    0.0010105600    0.0039699900
  -0.0000000000    0.0234744100    0.0224753900
  -0.0000000000   -0.0498675700   -0.0488719800
  -0.0000000000    0.0311512800    0.0319788100
  -0.0000000000   -0.0110585100   -0.0145145800
  -0.0185331400    0.0010105600    0.0039699900
   0.0183831800    0.0020628400   -0.0009166600
  -0.0000000000   -0.0609397200   -0.0571815100
  -0.0000000000    0.0141014100    0.0102483500
   0.0051672700    0.0021402500    0.0049403500
  -0.0053917000    0.0030507400    0.0002835400
   0.0053917000    0.0030507400    0.0002835400
  -0.0051672700    0.0021402500    0.0049403500
  -0.0000000000    0.0009608800   -0.0004181700
  -0.0000000000    0.0356490300    0.0397292400
# File: 48   
# 9       0.0000000000000000   0.0212132034355964   0.0212132034355964
# 4       0.0000000000000000  -0.0212132034355964  -0.0212132034355964
   0.0184530900   -0.0043046000   -0.0013224200
  -0.0186554600    0.0005243800   -0.0024365600
   0.0000000000   -0.0196763700   -0.0208784000
   0.0000000000    0.0513049600    0.0583360900
   0.0000000000   -0.0295326800   -0.0281332100
   0.0000000000    0.0202372600    0.0159526200
   0.0186554600    0.0005243800   -0.0024365600
  -0.0184530900   -0.0043046000   -0.0013224200
   0.0000000000   -0.0624877600   -0.0690924200
   0.0000000000    0.0075091600    0.0087974000
   0.0052762600    0.0006802300    0.0033400000
  -0.0052966600    0.0052323800    0.0025335400
   0.0052966600    0.0052323800    0.0025335400
  -0.0052762600    0.0006802300    0.0033400000
   0.0000000000   -0.0060412400   -0.0020687300
   0.0000000000    0.0344219000    0.0328575500
# File: 49   
# 9       0.0000000000000000   0.0212132034355964   0.0212132034355964
# 9       0.0212132034355964   0.0000000000000000   0.0212132034355964
  -0.0010467800   -0.0010467800   -0.0021990200
   0.0017544500    0.0007970400    0.0015972800
   0.0007970400    0.0017544500    0.0015972800
   0.0006443000    0.0006443000    0.0120692000
   0.0008091700    0.0008091700    0.0014016200
   0.0007201200    0.0047112800    0.0014372500
   0.0047112800    0.0007201200    0.0014372500
  -0.0011909800   -0.0011909800   -0.0022749600
  -0.0615575400   -0.0615575400   -0.1237941900
   0.0014005900    0.0148176600    0.0136289000
   0.0148176600    0.0014005900    0.0136289000
  -0.0011881000   -0.0011881000    0.0028168500
   0.0094706100    0.0094706100    0.0028093800
  -0.0065159800    0.0014086200    0.0029443300
   0.0014086200   -0.0065159800    0.0029443300
   0.0349655400    0.0349655400    0.0699555800
# File: 50   
# 9       0.0000000000000000   0.0212132034355964   0.0212132034355964
# 9      -0.0212132034355964   0.0000000000000000  -0.0212132034355964
   0.0011220000   -0.0011220000   -0.0000382600
  -0.0045936800    0.0007185800    0.0000000000
  -0.0007948300    0.0018909200    0.0000000000
  -0.0007671800    0.0007671800    0.0000692200
  -0.0007671800    0.0007671800   -0.0000692200
  -0.0007185800    0.0045936800    0.0000000000
  -0.0018909200    0.0007948300    0.0000000000
   0.0011220000   -0.0011220000    0.0000382600
   0.0616880400   -0.0616880400    0.0000000000
  -0.0014141100    0.0041412700    0.0053303000
  -0.0041412700    0.0014141100   -0.0053303000
  -0.0094785200    0.0094785200    0.0000000000
   0.0011916500   -0.0011916500    0.0000000000
  -0.0041412700    0.0014141100    0.0053303000
  -0.0014141100    0.0041412700   -0.0053303000
  -0.0350020600    0.0350020600    0.0000000000
# File: 51   
# 9       0.0000000000000000   0.0212132034355964   0.0212132034355964
# 10      0.0212132034355964   0.0000000000000000   0.0212132034355964
   0.0018690600   -0.0011338700   -0.0003395900
  -0.0012493900    0.0008091300   -0.0003502700
   0.0007592300    0.0019210700    0.0053273300
   0.0007279400    0.0005898700    0.0053826800
   0.0008068300    0.0009359200    0.0026293900
   0.0007571900    0.0045717600    0.0026789600
  -0.0009912000    0.0007276600   -0.0003565300
   0.0046163800   -0.0011070600   -0.0003901300
   0.0014097300   -0.0563578600   -0.0575402200
  -0.0616964200    0.0094691700   -0.0522194300
   0.0094737100   -0.0039215100    0.0055554500
   0.0041508400    0.0041383100    0.0108944600
   0.0041415000    0.0041417900    0.0002197300
  -0.0011882400    0.0067425200    0.0055526400
   0.0350019800   -0.0011968000    0.0338081800
   0.0014108600    0.0296699000    0.0391473500
# File: 52   
# 9       0.0000000000000000   0.0212132034355964   0.0212132034355964
# 10     -0.0212132034355964   0.0000000000000000  -0.0212132034355964
  -0.0044891300   -0.0011070600   -0.0018241400
   0.0011164600    0.0008003700    0.0018854200
  -0.0008347300    0.0018751800   -0.0010327500
  -0.0007291200    0.0007109900    0.0037952900
  -0.0008062900    0.0007870500    0.0011556400
  -0.0006764900    0.0046177300   -0.0039363300
   0.0011224200    0.0007332300    0.0018896100
  -0.0019901300   -0.0011319600   -0.0019302600
  -0.0014045200   -0.0670335800   -0.0658389900
   0.0616785500    0.0094982300    0.0711723000
   0.0011888300    0.0067398300    0.0027322700
  -0.0148125300    0.0041456500   -0.0080695900
   0.0065200000    0.0041437600    0.0025987900
  -0.0094731600   -0.0039207100    0.0027325100
  -0.0350016500   -0.0011825300   -0.0361907400
  -0.0014085200    0.0403238200    0.0308609800
# File: 53   
# 9       0.0000000000000000   0.0212132034355964   0.0212132034355964
# 11      0.0000000000000000   0.0212132034355964   0.0212132034355964
   0.0000334900    0.0007599100   -0.0003312500
  -0.0001128600    0.0014753400    0.0053665700
   0.0000334900    0.0007599100   -0.0003312500
  -0.0001128600    0.0014753400    0.0053665700
   0.0001157700    0.0015762800    0.0026534100
  -0.0000333000    0.0034926400   -0.0003964400
   0.0001157700    0.0015762800    0.0026534100
  -0.0000333000    0.0034926400   -0.0003964400
   0.0053324700   -0.0602876000   -0.0575471200
  -0.0053345200    0.0136229700    0.0108930800
   0.0053324700   -0.0602876000   -0.0575471200
  -0.0053345200    0.0136229700    0.0108930800
   0.0053328700    0.0029515800    0.0002190900
  -0.0053339200    0.0364088700    0.0391426600
   0.0053328700    0.0029515800    0.0002190900
  -0.0053339200    0.0364088700    0.0391426600
# File: 54   
# 9       0.0000000000000000   0.0212132034355964   0.0212132034355964
# 11      0.0000000000000000  -0.0212132034355964  -0.0212132034355964
   0.0000429800   -0.0056947700   -0.0018334900
  -0.0000201700   -0.0000142600   -0.0011294600
   0.0000430400    0.0030309000    0.0019207400
  -0.0000182300   -0.0000372300    0.0038124000
   0.0000201700    0.0000142600    0.0011294600
  -0.0000429800    0.0056947700    0.0018334900
   0.0000182300    0.0000372300   -0.0038124000
  -0.0000430400   -0.0030309000   -0.0019207400
  -0.0053300200   -0.0630978000   -0.0658265700
   0.0053270800    0.0053398700    0.0080695200
   0.0053300200    0.0630978000    0.0658265700
  -0.0053270800   -0.0053398700   -0.0080695200
   0.0053310800    0.0053322000    0.0025993100
  -0.0053320500   -0.0335915300   -0.0308661000
  -0.0053310800   -0.0053322000   -0.0025993100
   0.0053320500    0.0335915300    0.0308661000
# File: 55   
# 9       0.0000000000000000   0.0212132034355964   0.0212132034355964
# 11      0.0212132034355964   0.0000000000000000   0.0212132034355964
   0.0008075000   -0.0012516400   -0.0003507000
   0.0005904700    0.0007288300    0.0053858000
  -0.0011329000    0.0018702100   -0.0003372300
   0.0019189400    0.0007576500    0.0053269200
   0.0045745400    0.0007592600    0.0026801600
  -0.0011074500    0.0046162800   -0.0003913300
   0.0009356400    0.0008064600    0.0026271100
   0.0007296600   -0.0009889800   -0.0003557800
   0.0094693000   -0.0616988200   -0.0522220000
   0.0041381500    0.0041505000    0.0108945100
  -0.0563595400    0.0014096000   -0.0575421500
  -0.0039217400    0.0094739400    0.0055556400
   0.0067422300   -0.0011879100    0.0055525800
   0.0296703300    0.0014109000    0.0391474300
   0.0041411200    0.0041412100    0.0002197200
  -0.0011962500    0.0350025000    0.0338093200
# File: 56   
# 9       0.0000000000000000   0.0212132034355964   0.0212132034355964
# 11     -0.0212132034355964   0.0000000000000000  -0.0212132034355964
  -0.0007337100   -0.0011251300   -0.0018898300
  -0.0007845700    0.0008065900   -0.0011526500
   0.0011320700    0.0019930400    0.0019310300
  -0.0046205300    0.0006758100    0.0039340700
  -0.0018724900    0.0008352800    0.0010358700
   0.0011064300    0.0044869100    0.0018236700
  -0.0007133800    0.0007289400   -0.0037980700
  -0.0007996000   -0.0011134200   -0.0018851900
  -0.0094995700   -0.0616820000   -0.0711763200
  -0.0041458400    0.0148137000    0.0080709500
   0.0670349100    0.0014044400    0.0658409100
  -0.0067398200   -0.0011888000   -0.0027325400
   0.0039214400    0.0094746200   -0.0027330800
  -0.0403240300    0.0014082300   -0.0308609800
  -0.0041443600   -0.0065200500   -0.0025989400
   0.0011830500    0.0350018500    0.0361910900
# File: 57   
# 9       0.0000000000000000   0.0212132034355964   0.0212132034355964
# 11      0.0212132034355964   0.0212132034355964   0.0000000000000000
   0.0008264300    0.0007439100   -0.0011231800
   0.0007012600    0.0015356300    0.0008327000
  -0.0011231800    0.0007439100    0.0008264300
   0.0019910800    0.0015163500    0.0045046800
   0.0045046800    0.0015163500    0.0019910800
  -0.0011171000    0.0035092500    0.0006882300
   0.0008327000    0.0015356300    0.0007012600
   0.0006882300    0.0035092500   -0.0011171000
   0.0041437600   -0.0602869000   -0.0563634900
  -0.0011931200    0.0082902400    0.0094798200
  -0.0563634900   -0.0602869000    0.0041437600
  -0.0039214900    0.0082845100    0.0067412900
   0.0067412900    0.0082845100   -0.0039214900
   0.0296652400    0.0364070100    0.0041438800
   0.0094798200    0.0082902400   -0.0011931200
   0.0041438800    0.0364070100    0.0296652400
# File: 58   
# 9       0.0000000000000000   0.0212132034355964   0.0212132034355964
# 11     -0.0212132034355964  -0.0212132034355964   0.0000000000000000
  -0.0006727200   -0.0056792600   -0.0011171800
  -0.0008348000    0.0000000000    0.0008348000
   0.0011234600    0.0030454900    0.0008397900
  -0.0046871900    0.0000000000    0.0046871900
  -0.0018019200    0.0000000000    0.0018019200
   0.0011171800    0.0056792600    0.0006727200
  -0.0006968100    0.0000000000    0.0006968100
  -0.0008397900   -0.0030454900   -0.0011234600
  -0.0041413100   -0.0630986100   -0.0670228400
   0.0011859500    0.0106706500    0.0094820400
   0.0670228400    0.0630986100    0.0041413100
  -0.0067405200   -0.0000012600   -0.0039202600
   0.0039202600    0.0000012600    0.0067405200
  -0.0403305400   -0.0335906500    0.0041420400
  -0.0094820400   -0.0106706500   -0.0011859500
  -0.0041420400    0.0335906500    0.0403305400
# File: 59   
# 9       0.0000000000000000   0.0212132034355964   0.0212132034355964
# 15      0.0212132034355964   0.0000000000000000   0.0212132034355964
   0.0046111000   -0.0011237500   -0.0004040200
  -0.0011714600    0.0007265600   -0.0003548200
   0.0008064500    0.0017585600    0.0025936400
   0.0007536700    0.0008359100    0.0053654600
   0.0007808500    0.0006842800    0.0026500800
   0.0007065800    0.0047368200    0.0054126200
  -0.0010701800    0.0008090800   -0.0003524600
   0.0018719800   -0.0011179000   -0.0003257100
   0.0014128100   -0.0670223900   -0.0575505700
   0.0349992900    0.0094781100    0.0444791600
   0.0094730500    0.0067419800    0.0055528500
  -0.0065198400    0.0041412000    0.0002221800
   0.0148115600    0.0041392600    0.0108919000
  -0.0011892400   -0.0039197900    0.0055536000
  -0.0616870000   -0.0011998700   -0.0628790600
   0.0014103700    0.0403319500    0.0391451500
# File: 60   
# 9       0.0000000000000000   0.0212132034355964   0.0212132034355964
# 15     -0.0212132034355964   0.0000000000000000  -0.0212132034355964
  -0.0018407100   -0.0011206200   -0.0019137100
   0.0010399000    0.0007315700    0.0018932200
  -0.0007304900    0.0020386700   -0.0036972200
  -0.0007575300    0.0007272500    0.0038096000
  -0.0007769800    0.0007706300    0.0011347300
  -0.0007828100    0.0044512000   -0.0012791800
   0.0012002900    0.0008023400    0.0018828700
  -0.0046440400   -0.0011187500   -0.0018403600
  -0.0014089300   -0.0563678500   -0.0658286100
  -0.0350049300    0.0094933700   -0.0255191500
   0.0011883500   -0.0039234500    0.0027347200
  -0.0041415200    0.0041426600    0.0026014400
  -0.0041513400    0.0041474100   -0.0080736700
  -0.0094741100    0.0067410600    0.0027308600
   0.0616915000   -0.0011795000    0.0605031700
  -0.0014066700    0.0296640100    0.0308612900
# File: 61   
# 9       0.0000000000000000   0.0212132034355964   0.0212132034355964
# 16      0.0212132034355964   0.0000000000000000   0.0212132034355964
  -0.0010807900   -0.0011559700   -0.0022369200
   0.0045415800    0.0006111500    0.0013317600
   0.0009246800    0.0019762500    0.0017223600
   0.0006443600    0.0008797000    0.0065267400
   0.0008797000    0.0006443600    0.0065267400
   0.0006111500    0.0045415800    0.0013317600
   0.0019762500    0.0009246800    0.0017223600
  -0.0011559700   -0.0010807900   -0.0022369200
   0.0349722700   -0.0617182700   -0.0267337000
   0.0014043900    0.0041576200    0.0136261300
   0.0041466600    0.0014054400    0.0029502200
  -0.0011870000    0.0094779500    0.0028134100
   0.0094779500   -0.0011870000    0.0028134100
   0.0041576200    0.0014043900    0.0136261300
   0.0014054400    0.0041466600    0.0029502200
  -0.0617182700    0.0349722700   -0.0267337000
# File: 62   
# 9       0.0000000000000000   0.0212132034355964   0.0212132034355964
# 16     -0.0212132034355964   0.0000000000000000  -0.0212132034355964
   0.0011594600   -0.0011594600   -0.0000000000
  -0.0019587700    0.0009256400    0.0001274900
  -0.0009256400    0.0019587700   -0.0001274900
  -0.0005576500    0.0005576500   -0.0000000000
  -0.0009483200    0.0009483200   -0.0000000000
  -0.0006116000    0.0045229800    0.0001080600
  -0.0045229800    0.0006116000   -0.0001080600
   0.0010841700   -0.0010841700   -0.0000000000
  -0.0349956000   -0.0616799800   -0.0966879100
  -0.0014144900    0.0148118900    0.0053395200
   0.0065221000    0.0014116000    0.0053359500
  -0.0094777300   -0.0011905400    0.0000010200
   0.0011905400    0.0094777300   -0.0000010200
  -0.0148118900    0.0014144900   -0.0053395200
  -0.0014116000   -0.0065221000   -0.0053359500
   0.0616799800    0.0349956000    0.0966879100
