# File: 1    
# 1       0.0000000000000000   0.0212132034355964   0.0212132034355964
   0.0000000000   -0.0506713800   -0.0506713800
   0.0000000000    0.0216333600    0.0216333600
   0.0184472200    0.0002046400    0.0031800200
  -0.0184472200    0.0031800200    0.0002046400
   0.0184472200    0.0031800200    0.0002046400
  -0.0184472200    0.0002046400    0.0031800200
   0.0000000000   -0.0152687600   -0.0152687600
   0.0000000000    0.0302185200    0.0302185200
  -0.0000120300   -0.0011213100   -0.0011213100
  -0.0001092100    0.0007655100    0.0007655100
   0.0000000000    0.0045866800    0.0008057800
   0.0000000000    0.0007147500    0.0019233100
   0.0000000000    0.0008057800    0.0045866800
   0.0000000000    0.0019233100    0.0007147500
   0.0001092100    0.0007655100    0.0007655100
   0.0000120300   -0.0011213100   -0.0011213100
# File: 2    
# 9       0.0000000000000000   0.0212132034355964   0.0212132034355964
   0.0000364600   -0.0011219200   -0.0011219200
  -0.0000666700    0.0007673700    0.0007673700
   0.0000000000    0.0018929800    0.0007963600
   0.0000000000    0.0007168200    0.0045910700
   0.0000000000    0.0007963600    0.0018929800
   0.0000000000    0.0045910700    0.0007168200
   0.0000666700    0.0007673700    0.0007673700
  -0.0000364600   -0.0011219200   -0.0011219200
   0.0000000000   -0.0616860500   -0.0616860500
   0.0000000000    0.0094795300    0.0094795300
   0.0053300900    0.0014128500    0.0041410400
  -0.0053300900    0.0041410400    0.0014128500
   0.0053300900    0.0041410400    0.0014128500
  -0.0053300900    0.0014128500    0.0041410400
   0.0000000000   -0.0011907000   -0.0011907000
   0.0000000000    0.0350013100    0.0350013100
