# File: 1    
# 1       0.0000000000000000   0.0212132034355964   0.0212132034355964
  -0.0000000000   -0.0515738000   -0.0515738000
   0.0000000000    0.0157399300    0.0157399300
   0.0136375800    0.0005421300    0.0020994300
  -0.0136375800    0.0020994300    0.0005421300
   0.0136375800    0.0020994300    0.0005421300
  -0.0136375800    0.0005421300    0.0020994300
   0.0000000000   -0.0115400800   -0.0115400800
   0.0000000000    0.0290875400    0.0290875400
  -0.0000087300   -0.0012549900   -0.0012549900
  -0.0001793700   -0.0012590200   -0.0012590200
   0.0000000000    0.0116464500   -0.0012745000
   0.0000000000   -0.0012555300    0.0089148700
   0.0000000000   -0.0012745000    0.0116464500
   0.0000000000    0.0089148700   -0.0012555300
   0.0001793700   -0.0012590200   -0.0012590200
   0.0000087300   -0.0012549900   -0.0012549900
# File: 2    
# 9       0.0000000000000000   0.0212132034355964   0.0212132034355964
   0.0000267500   -0.0012617100   -0.0012617100
   0.0000278300   -0.0012614200   -0.0012614200
  -0.0000000000    0.0088741100   -0.0011968200
  -0.0000000000   -0.0013479400    0.0116837900
  -0.0000000000   -0.0011968200    0.0088741100
  -0.0000000000    0.0116837900   -0.0013479400
  -0.0000278300   -0.0012614200   -0.0012614200
  -0.0000267500   -0.0012617100   -0.0012617100
  -0.0000000000   -0.0691297900   -0.0691297900
  -0.0000000000    0.0086307000    0.0086307000
   0.0031963900    0.0024193700    0.0054256200
  -0.0031963900    0.0054256200    0.0024193700
   0.0031963900    0.0054256200    0.0024193700
  -0.0031963900    0.0024193700    0.0054256200
  -0.0000000000    0.0022288500    0.0022288500
  -0.0000000000    0.0296133900    0.0296133900
