# File: 3    
# 1       0.0000000000000000   0.0212132034355964   0.0212132034355964
# 1       0.0212132034355964   0.0000000000000000   0.0212132034355964
  -0.0514906900   -0.0514906900   -0.1036655700
   0.0005372700    0.0293714200    0.0178349600
   0.0293714200    0.0005372700    0.0178349600
  -0.0115336800   -0.0115336800    0.0010848400
   0.0157277900    0.0157277900    0.0010787200
  -0.0251745800    0.0005433500   -0.0094407100
   0.0005433500   -0.0251745800   -0.0094407100
   0.0290547600    0.0290547600    0.0581049800
  -0.0012698300   -0.0012698300   -0.0025125100
   0.0112807100   -0.0012702700   -0.0025331800
  -0.0012702700    0.0112807100   -0.0025331800
  -0.0012578200   -0.0012578200    0.0151887500
  -0.0013002100   -0.0013002100    0.0264850800
  -0.0012510000    0.0092674000   -0.0024958800
   0.0092674000   -0.0012510000   -0.0024958800
  -0.0012346300   -0.0012346300   -0.0024946600
# File: 4    
# 1       0.0000000000000000   0.0212132034355964   0.0212132034355964
# 1      -0.0212132034355964   0.0000000000000000  -0.0212132034355964
   0.0515739000   -0.0515739000    0.0000000000
  -0.0005423300    0.0020993400    0.0136375200
  -0.0020993400    0.0005423300   -0.0136375200
  -0.0157396400    0.0157396400    0.0000000000
   0.0115400000   -0.0115400000    0.0000000000
  -0.0020993400    0.0005423300    0.0136375200
  -0.0005423300    0.0020993400   -0.0136375200
  -0.0290872800    0.0290872800    0.0000000000
   0.0012552700   -0.0012552700    0.0000087300
  -0.0089148400   -0.0012556200    0.0000000000
   0.0012740600    0.0116464000    0.0000000000
   0.0012586900   -0.0012586900    0.0001792900
   0.0012586900   -0.0012586900   -0.0001792900
   0.0012556200    0.0089148400    0.0000000000
  -0.0116464000   -0.0012740600    0.0000000000
   0.0012552700   -0.0012552700   -0.0000087300
# File: 5    
# 1       0.0000000000000000   0.0212132034355964   0.0212132034355964
# 2       0.0212132034355964   0.0000000000000000   0.0212132034355964
   0.0005412900   -0.0379405300   -0.0494723700
  -0.0515781400    0.0157309800   -0.0358405600
   0.0157386000   -0.0130970600    0.0026417700
   0.0021018200    0.0020988100    0.0162833800
   0.0020968400    0.0020991700   -0.0109999500
  -0.0115403300    0.0141805200    0.0026416000
   0.0290899600   -0.0115448900    0.0175453000
   0.0005424600    0.0154463500    0.0311909200
   0.0116613200   -0.0012644700   -0.0025389800
  -0.0014104600   -0.0012604700   -0.0025077000
  -0.0012703600    0.0115501100    0.0077916600
  -0.0012418600   -0.0013910400    0.0076606200
  -0.0012749900   -0.0011310300    0.0103791800
  -0.0012560000    0.0090228900    0.0102451200
  -0.0010997400   -0.0012557300   -0.0025207900
   0.0088996000   -0.0012436200   -0.0024992200
# File: 6    
# 1       0.0000000000000000   0.0212132034355964   0.0212132034355964
# 2      -0.0212132034355964   0.0000000000000000  -0.0212132034355964
  -0.0005385300   -0.0652124600   -0.0536683200
   0.0515645000    0.0157429800    0.0673106300
   0.0115392000    0.0141800400    0.0015575600
  -0.0293795700    0.0020999000   -0.0151982000
   0.0251794100    0.0020999900    0.0120816400
  -0.0157379000   -0.0130957200    0.0015572700
  -0.0290882000   -0.0115386700   -0.0406313600
  -0.0005414400    0.0427281500    0.0269898100
  -0.0089447600   -0.0012442900    0.0000118600
   0.0010514400   -0.0012752700   -0.0000107500
   0.0012921600    0.0117461100   -0.0130666300
   0.0012421300   -0.0014746500    0.0101636100
   0.0012750600   -0.0010559300    0.0129088200
   0.0012398400    0.0088092900   -0.0100182900
   0.0014576900   -0.0012442200    0.0000023400
  -0.0116110200   -0.0012652400    0.0000100200
# File: 7    
# 1       0.0000000000000000   0.0212132034355964   0.0212132034355964
# 3       0.0000000000000000   0.0212132034355964   0.0212132034355964
   0.0136339300   -0.0510348200   -0.0494720600
  -0.0136384000    0.0178401500    0.0162822700
   0.0136339300   -0.0510348200   -0.0494720600
  -0.0136384000    0.0178401500    0.0162822700
   0.0136380100   -0.0094416200   -0.0109983400
  -0.0136386200    0.0296290900    0.0311884300
   0.0136380100   -0.0094416200   -0.0109983400
  -0.0136386200    0.0296290900    0.0311884300
  -0.0000175600    0.0103926500   -0.0025241200
  -0.0001445800   -0.0024972000    0.0076676500
  -0.0000175600    0.0103926500   -0.0025241200
  -0.0001445800   -0.0024972000    0.0076676500
   0.0001487400   -0.0025497800    0.0103718000
   0.0000184800    0.0076615200   -0.0025156300
   0.0001487400   -0.0025497800    0.0103718000
   0.0000184800    0.0076615200   -0.0025156300
# File: 8    
# 1       0.0000000000000000   0.0212132034355964   0.0212132034355964
# 3       0.0000000000000000  -0.0212132034355964  -0.0212132034355964
  -0.0136333700   -0.0521134700   -0.0536659800
   0.0136373500    0.0136415100    0.0151980700
   0.0136333700    0.0521134700    0.0536659800
  -0.0136373500   -0.0136415100   -0.0151980700
   0.0136382100    0.0136401600    0.0120821500
  -0.0136383900   -0.0285460800   -0.0269912500
  -0.0136382100   -0.0136401600   -0.0120821500
   0.0136383900    0.0285460800    0.0269912500
   0.0000012200   -0.0101682800   -0.0000040100
  -0.0002122400   -0.0000008400   -0.0129168800
  -0.0000008600    0.0129017400   -0.0000254700
  -0.0002105400   -0.0000140000    0.0101568000
   0.0002122400    0.0000008400    0.0129168800
  -0.0000012200    0.0101682800    0.0000040100
   0.0002105400    0.0000140000   -0.0101568000
   0.0000008600   -0.0129017400    0.0000254700
# File: 9    
# 1       0.0000000000000000   0.0212132034355964   0.0212132034355964
# 3       0.0212132034355964   0.0000000000000000   0.0212132034355964
   0.0157294400   -0.0515770900   -0.0358411800
   0.0020986600    0.0021016400    0.0162816900
  -0.0379414900    0.0005411600   -0.0494714200
  -0.0130954400    0.0157371700    0.0026418500
   0.0141788500   -0.0115387100    0.0026413800
   0.0154457700    0.0005426300    0.0311885000
   0.0020992500    0.0020970800   -0.0109981900
  -0.0115432500    0.0290875200    0.0175442800
  -0.0012602700   -0.0014103900   -0.0025073700
  -0.0013909800   -0.0012417900    0.0076610800
  -0.0012643600    0.0116618000   -0.0025388900
   0.0115507500   -0.0012702200    0.0077921600
   0.0090232000   -0.0012559900    0.0102457800
  -0.0012436200    0.0088999700   -0.0024990000
  -0.0011310400   -0.0012750000    0.0103797600
  -0.0012554600   -0.0010997700   -0.0025204200
# File: 10   
# 1       0.0000000000000000   0.0212132034355964   0.0212132034355964
# 3      -0.0212132034355964   0.0000000000000000  -0.0212132034355964
  -0.0157428700   -0.0515646400   -0.0673106500
  -0.0020998200    0.0293796300    0.0151982800
   0.0652125000    0.0005385900    0.0536682900
  -0.0141800900   -0.0115391400   -0.0015576000
   0.0130958400    0.0157379700   -0.0015573000
  -0.0427281300    0.0005415100   -0.0269897900
  -0.0020999200   -0.0251793800   -0.0120817400
   0.0115388000    0.0290883200    0.0406314600
   0.0012443500   -0.0014576200   -0.0000022000
   0.0010555500   -0.0012755400   -0.0129087400
   0.0012651700    0.0116113800   -0.0000100700
  -0.0088091700   -0.0012399300    0.0100180900
  -0.0117463200   -0.0012923600    0.0130665700
   0.0012443500    0.0089448900   -0.0000117800
   0.0014745500   -0.0012419700   -0.0101636700
   0.0012752400   -0.0010517000    0.0000108500
# File: 11   
# 1       0.0000000000000000   0.0212132034355964   0.0212132034355964
# 3       0.0212132034355964   0.0212132034355964   0.0000000000000000
   0.0020983500   -0.0510397900   -0.0379435300
  -0.0115425800    0.0041991000    0.0157409200
  -0.0379435300   -0.0510397900    0.0020983500
  -0.0130964500    0.0041988900    0.0141805600
   0.0141805600    0.0041988900   -0.0130964500
   0.0154470800    0.0296312700    0.0020992100
   0.0157409200    0.0041991000   -0.0115425800
   0.0020992100    0.0296312700    0.0154470800
  -0.0012881100    0.0104148900   -0.0012527800
  -0.0014405600   -0.0025177200   -0.0010770200
  -0.0012527800    0.0104148900   -0.0012881100
   0.0115069200   -0.0025275100    0.0090642700
   0.0090642700   -0.0025275100    0.0115069200
  -0.0012570000    0.0076408700   -0.0012392800
  -0.0010770200   -0.0025177200   -0.0014405600
  -0.0012392800    0.0076408700   -0.0012570000
# File: 12   
# 1       0.0000000000000000   0.0212132034355964   0.0212132034355964
# 3      -0.0212132034355964  -0.0212132034355964   0.0000000000000000
  -0.0020957000   -0.0521111200   -0.0652097300
   0.0115392600    0.0272808200    0.0157404300
   0.0652097300    0.0521111200    0.0020957000
  -0.0141796900   -0.0000008700   -0.0130952900
   0.0130952900    0.0000008700    0.0141796900
  -0.0427266400   -0.0285452900    0.0020986000
  -0.0157404300   -0.0272808200   -0.0115392600
  -0.0020986000    0.0285452900    0.0427266400
   0.0012535500   -0.0101897300   -0.0012565700
   0.0010810000    0.0000000000   -0.0010810000
   0.0012526100    0.0128797600   -0.0012784200
  -0.0087692900    0.0000000000    0.0087692900
  -0.0117904600    0.0000000000    0.0117904600
   0.0012565700    0.0101897300   -0.0012535500
   0.0014343700    0.0000000000   -0.0014343700
   0.0012784200   -0.0128797600   -0.0012526100
# File: 13   
# 1       0.0000000000000000   0.0212132034355964   0.0212132034355964
# 7       0.0212132034355964   0.0000000000000000   0.0212132034355964
   0.0005444000   -0.0652136400   -0.0494713400
   0.0290873400    0.0157379000    0.0448297700
   0.0157367900    0.0141801100    0.0026420700
  -0.0251786300    0.0020992700   -0.0109977100
   0.0293786700    0.0020994600    0.0162823900
  -0.0115380200   -0.0130958600    0.0026412700
  -0.0515693000   -0.0115432600   -0.0631116500
   0.0005427100    0.0427263000    0.0311871400
   0.0089262300   -0.0012660600   -0.0025222000
  -0.0014565100   -0.0012469600   -0.0025109700
  -0.0012926600    0.0118247300    0.0105008500
  -0.0012425100   -0.0011091900    0.0076652200
  -0.0012766800   -0.0014169300    0.0103742600
  -0.0012399200    0.0087386600    0.0075268000
  -0.0010544400   -0.0012708400   -0.0025172300
   0.0116325300   -0.0012437000   -0.0025186500
# File: 14   
# 1       0.0000000000000000   0.0212132034355964   0.0212132034355964
# 7      -0.0212132034355964   0.0000000000000000  -0.0212132034355964
  -0.0005410600   -0.0379391300   -0.0536692600
  -0.0290910400    0.0157440000   -0.0133472100
   0.0115406100   -0.0130965200    0.0015572000
  -0.0020972200    0.0020993500    0.0120847700
  -0.0021022000    0.0020989300   -0.0151991600
  -0.0157394800    0.0141816000    0.0015573900
   0.0515767500   -0.0115353500    0.0400356700
  -0.0005424400    0.0154478400    0.0269943700
  -0.0116769600   -0.0012447500    0.0000297700
   0.0010969800   -0.0012523500   -0.0000073600
   0.0012720600    0.0114714500   -0.0103233000
   0.0012423900   -0.0010451200    0.0101601700
   0.0012762200   -0.0014922300    0.0129146500
   0.0012573100    0.0090935100   -0.0127747800
   0.0014119000   -0.0012639900   -0.0000011900
  -0.0088838400   -0.0012672500   -0.0000117200
# File: 15   
# 1       0.0000000000000000   0.0212132034355964   0.0212132034355964
# 8       0.0212132034355964   0.0000000000000000   0.0212132034355964
   0.0290640000   -0.0515986700   -0.0225464100
   0.0005418400    0.0021008400    0.0178408500
   0.0020963800    0.0005423400   -0.0094457200
  -0.0115413300    0.0157385900    0.0010834100
   0.0157385900   -0.0115413300    0.0010834100
   0.0021008400    0.0005418400    0.0178408500
   0.0005423400    0.0020963800   -0.0094457200
  -0.0515986700    0.0290640000   -0.0225464100
  -0.0012638300   -0.0012460000   -0.0025078700
   0.0087502400   -0.0011210700   -0.0023703600
  -0.0013892100    0.0118406300   -0.0026575300
  -0.0011328300   -0.0013819200    0.0206036300
  -0.0013819200   -0.0011328300    0.0206036300
  -0.0011210700    0.0087502400   -0.0023703600
   0.0118406300   -0.0013892100   -0.0026575300
  -0.0012460000   -0.0012638300   -0.0025078700
# File: 16   
# 1       0.0000000000000000   0.0212132034355964   0.0212132034355964
# 8      -0.0212132034355964   0.0000000000000000  -0.0212132034355964
  -0.0290802900   -0.0515653300   -0.0806527100
  -0.0005422400    0.0293840500    0.0136408600
   0.0251832400    0.0005425400    0.0136396300
  -0.0157380600   -0.0115392400   -0.0000000200
   0.0115392400    0.0157380600    0.0000000200
  -0.0293840500    0.0005422400   -0.0136408600
  -0.0005425400   -0.0251832400   -0.0136396300
   0.0515653300    0.0290802900    0.0806527100
   0.0012464800   -0.0012464800    0.0000000000
  -0.0118257300   -0.0013916000   -0.0001172700
   0.0013916000    0.0118257300    0.0001172700
   0.0011235200   -0.0011235200    0.0000000000
   0.0014113000   -0.0014113000    0.0000000000
   0.0011232200    0.0087352500   -0.0001323400
  -0.0087352500   -0.0011232200    0.0001323400
   0.0012642300   -0.0012642300    0.0000000000
# File: 17   
# 1       0.0000000000000000   0.0212132034355964   0.0212132034355964
# 9       0.0212132034355964   0.0000000000000000   0.0212132034355964
  -0.0012684800   -0.0515552500   -0.0528436200
   0.0088601000    0.0157650100    0.0145689500
   0.0123842200    0.0005574000    0.0008440800
  -0.0149697200    0.0020999700    0.0122191300
   0.0124705800    0.0021012900    0.0094017400
  -0.0149037100    0.0005047200    0.0008346500
   0.0116737800   -0.0115190900   -0.0128680700
  -0.0012613800    0.0290644900    0.0278285600
  -0.0691115000   -0.0012296100   -0.0703599300
   0.0022258500    0.0019330100    0.0041629000
   0.0085865600    0.0116290100    0.0073123500
   0.0054478900   -0.0044663000    0.0113295400
   0.0054082200    0.0018915300    0.0140634000
   0.0022272600    0.0089219200    0.0009715200
   0.0026067300   -0.0044437200    0.0041762500
   0.0296236000   -0.0012543600    0.0283585500
# File: 18   
# 1       0.0000000000000000   0.0212132034355964   0.0212132034355964
# 9      -0.0212132034355964   0.0000000000000000  -0.0212132034355964
   0.0012701500   -0.0515400700   -0.0503088500
  -0.0116749400    0.0157165700    0.0170657100
   0.0148935600    0.0005784800    0.0033548700
  -0.0124611000    0.0020988600   -0.0083222100
   0.0149592000    0.0020967700   -0.0111327600
  -0.0123750900    0.0005273900    0.0033638800
  -0.0088603600   -0.0115637200   -0.0103671300
   0.0012620700    0.0290638900    0.0303495900
   0.0690950200   -0.0012794300    0.0678520800
  -0.0025853500   -0.0044508500   -0.0066805700
  -0.0085861300    0.0116605100   -0.0098612800
  -0.0054478900    0.0019556500    0.0065006100
  -0.0054074400   -0.0044405500    0.0092301200
  -0.0022272900    0.0089056800   -0.0034824800
  -0.0022493300    0.0019261600   -0.0066943700
  -0.0296050800   -0.0012553500   -0.0308672100
# File: 19   
# 1       0.0000000000000000   0.0212132034355964   0.0212132034355964
# 9       0.0000000000000000   0.0212132034355964   0.0212132034355964
   0.0000081100   -0.0528326700   -0.0528326700
   0.0000049700    0.0144800900    0.0144800900
   0.0136631800    0.0094130100    0.0009087100
  -0.0136142000    0.0007435600    0.0122288600
   0.0136631800    0.0009087100    0.0094130100
  -0.0136142000    0.0122288600    0.0007435600
  -0.0000485900   -0.0128025200   -0.0128025200
  -0.0000255400    0.0278290400    0.0278290400
   0.0000412700   -0.0703843300   -0.0703843300
  -0.0002069200    0.0073721700    0.0073721700
   0.0031765900    0.0140536700    0.0041225000
  -0.0032149800    0.0041970800    0.0113408300
   0.0031765900    0.0041225000    0.0140536700
  -0.0032149800    0.0113408300    0.0041970800
   0.0001966100    0.0009705700    0.0009705700
   0.0000089000    0.0283594300    0.0283594300
# File: 20   
# 1       0.0000000000000000   0.0212132034355964   0.0212132034355964
# 9       0.0000000000000000  -0.0212132034355964  -0.0212132034355964
   0.0000437900   -0.0503184000   -0.0503184000
   0.0000464900    0.0170019600    0.0170019600
   0.0136136600   -0.0111440200    0.0034429400
  -0.0136628100    0.0033011500   -0.0083328800
   0.0136136600    0.0034429400   -0.0111440200
  -0.0136628100   -0.0083328800    0.0033011500
  -0.0000033600   -0.0102809100   -0.0102809100
  -0.0000255000    0.0303494200    0.0303494200
  -0.0000590400    0.0678777900    0.0678777900
  -0.0001517000   -0.0098897300   -0.0098897300
  -0.0031769700    0.0092390400   -0.0066711800
   0.0032154900   -0.0067077200    0.0064882600
  -0.0031769700   -0.0066711800    0.0092390400
   0.0032154900    0.0064882600   -0.0067077200
   0.0001617000   -0.0034883800   -0.0034883800
   0.0000088800   -0.0308673400   -0.0308673400
# File: 21   
# 1       0.0000000000000000   0.0212132034355964   0.0212132034355964
# 10      0.0212132034355964   0.0000000000000000   0.0212132034355964
   0.0088744400   -0.0517433000   -0.0529345800
  -0.0012556100    0.0157911000    0.0145031400
   0.0122865200    0.0005414000    0.0138294800
  -0.0149022000    0.0021463400   -0.0007239700
   0.0123802300    0.0021258900   -0.0007250000
  -0.0148405100    0.0005327800    0.0109968300
  -0.0012583400   -0.0115891200   -0.0128244300
   0.0118228800    0.0290861700    0.0277386700
   0.0024045000    0.0019297600    0.0041596100
  -0.0692358000   -0.0011927500   -0.0703208200
   0.0053540800    0.0084143200    0.0011613500
   0.0086740400   -0.0012251200    0.0175035300
   0.0021772900   -0.0012839200    0.0138159500
   0.0054490600    0.0120519700    0.0011710300
   0.0296508700   -0.0011265800    0.0284880700
   0.0024185400   -0.0044589400    0.0041611400
# File: 22   
# 1       0.0000000000000000   0.0212132034355964   0.0212132034355964
# 10     -0.0212132034355964   0.0000000000000000  -0.0212132034355964
  -0.0116568600   -0.0513887700   -0.0500463800
   0.0012542100    0.0157415200    0.0169784300
   0.0148304800    0.0005415200   -0.0068198500
  -0.0123748500    0.0021081400    0.0018094300
   0.0148969400    0.0020148800    0.0018075200
  -0.0122872200    0.0005534100   -0.0096107300
   0.0012583900   -0.0115447600   -0.0102577200
  -0.0090185200    0.0290836400    0.0302746600
  -0.0024211100   -0.0044396700   -0.0066694600
   0.0688355000   -0.0013432200    0.0677877700
  -0.0053536600    0.0148815000   -0.0037092400
  -0.0086627500   -0.0012852700    0.0003287100
  -0.0021671400   -0.0012651300    0.0094824800
  -0.0054483700    0.0057820400   -0.0036814700
  -0.0292855700   -0.0013888400   -0.0310026700
  -0.0023994700    0.0019490000   -0.0066714800
# File: 23   
# 1       0.0000000000000000   0.0212132034355964   0.0212132034355964
# 10      0.0000000000000000   0.0212132034355964   0.0212132034355964
   0.0000080900   -0.0528270700   -0.0528270700
   0.0000382100    0.0144802800    0.0144802800
   0.0136353500   -0.0008025200    0.0138085900
  -0.0136404000    0.0109439200   -0.0006586600
   0.0136353500    0.0138085900   -0.0008025200
  -0.0136404000   -0.0006586600    0.0109439200
  -0.0000190700   -0.0128036200   -0.0128036200
   0.0002424000    0.0278306800    0.0278306800
  -0.0000220900    0.0073762300    0.0073762300
  -0.0000275600   -0.0703851100   -0.0703851100
  -0.0032249800    0.0170694300    0.0011245800
   0.0031683400    0.0011807000    0.0143329500
  -0.0032249800    0.0011245800    0.0170694300
   0.0031683400    0.0143329500    0.0011807000
  -0.0000848900    0.0283554500    0.0283554500
  -0.0000116900    0.0009741600    0.0009741600
# File: 24   
# 1       0.0000000000000000   0.0212132034355964   0.0212132034355964
# 10      0.0000000000000000  -0.0212132034355964  -0.0212132034355964
   0.0000446800   -0.0503237100   -0.0503237100
   0.0000121300    0.0170016700    0.0170016700
   0.0136404100    0.0017328300   -0.0067970400
  -0.0136353800   -0.0095581700    0.0018966000
   0.0136404100   -0.0067970400    0.0017328300
  -0.0136353800    0.0018966000   -0.0095581700
  -0.0000317100   -0.0102797100   -0.0102797100
  -0.0002942900    0.0303424200    0.0303424200
   0.0000042200   -0.0098857200   -0.0098857200
  -0.0003303400    0.0678768900    0.0678768900
   0.0032248000    0.0062202200   -0.0036733100
  -0.0031682500   -0.0036914800    0.0034932000
   0.0032248000   -0.0036733100    0.0062202200
  -0.0031682500    0.0034932000   -0.0036914800
   0.0004426900   -0.0308698900   -0.0308698900
   0.0000294500   -0.0034848000   -0.0034848000
# File: 25   
# 1       0.0000000000000000   0.0212132034355964   0.0212132034355964
# 11      0.0212132034355964   0.0000000000000000   0.0212132034355964
  -0.0012747700   -0.0515520200   -0.0528449700
  -0.0013676500    0.0157027900    0.0275735200
   0.0123678300    0.0005743500    0.0008281200
  -0.0046412600    0.0021369300   -0.0006739100
   0.0254824200    0.0020611400   -0.0008202300
  -0.0148905100    0.0005199200    0.0008484100
  -0.0012109000   -0.0115040100   -0.0025358600
  -0.0013941100    0.0291926600    0.0276981100
   0.0085777500   -0.0012632500    0.0073318500
   0.0052092100   -0.0044853600    0.0011405700
  -0.0690939400    0.0117275700   -0.0703678400
   0.0024186300    0.0019386300    0.0142993900
   0.0024253800   -0.0044883500    0.0170080200
   0.0296097800    0.0087823800    0.0283553700
   0.0055430700    0.0019225400    0.0011838100
   0.0022390700   -0.0012659200    0.0009756300
# File: 26   
# 1       0.0000000000000000   0.0212132034355964   0.0212132034355964
# 11     -0.0212132034355964   0.0000000000000000  -0.0212132034355964
   0.0012750400   -0.0515118100   -0.0503063100
   0.0012097500    0.0157779100    0.0067181100
   0.0149099200    0.0005603300    0.0033708200
  -0.0254460100    0.0020620400    0.0019155000
   0.0046058400    0.0021351600    0.0017466100
  -0.0123882800    0.0005133700    0.0033501000
   0.0013685800   -0.0115793800   -0.0233571500
   0.0013916600    0.0289143600    0.0304776900
  -0.0085955700   -0.0012459300   -0.0098413700
  -0.0055689000    0.0019666700   -0.0036595900
   0.0690976400    0.0115474300    0.0678254100
  -0.0024173500   -0.0044504500    0.0035280000
  -0.0024256200    0.0019380500    0.0062817100
  -0.0296099600    0.0090578200   -0.0308628100
  -0.0051849300   -0.0044416100   -0.0037009500
  -0.0022218000   -0.0012439600   -0.0034857800
# File: 27   
# 1       0.0000000000000000   0.0212132034355964   0.0212132034355964
# 11      0.0000000000000000   0.0212132034355964   0.0212132034355964
   0.0000000000   -0.0397711600   -0.0529382100
   0.0000000000    0.0143425900    0.0274681800
   0.0136760000   -0.0007161600    0.0008394200
  -0.0134887700    0.0008291600   -0.0007406300
   0.0134887700    0.0008291600   -0.0007406300
  -0.0136760000   -0.0007161600    0.0008394200
   0.0000000000   -0.0127107200   -0.0023633800
   0.0000000000    0.0409085900    0.0276068600
   0.0031632500    0.0011574600    0.0041390000
  -0.0034131700    0.0041343500    0.0011750400
   0.0000000000   -0.0602504700   -0.0702957900
   0.0000000000    0.0074113600    0.0175010900
   0.0000000000    0.0008812500    0.0137092100
   0.0000000000    0.0383789400    0.0284863800
   0.0034131700    0.0041343500    0.0011750400
  -0.0031632500    0.0011574600    0.0041390000
# File: 28   
# 1       0.0000000000000000   0.0212132034355964   0.0212132034355964
# 11      0.0000000000000000  -0.0212132034355964  -0.0212132034355964
   0.0000000000   -0.0663923500   -0.0500092500
   0.0000000000    0.0169734500    0.0068070700
   0.0136480500    0.0017987600    0.0033587700
  -0.0137259200    0.0033690400    0.0018251000
   0.0137259200    0.0033690400    0.0018251000
  -0.0136480500    0.0017987600    0.0033587700
   0.0000000000   -0.0102181600   -0.0235383800
   0.0000000000    0.0200277900    0.0303924300
  -0.0031800900   -0.0036637800   -0.0066467900
   0.0030527700   -0.0066464800   -0.0036913200
   0.0000000000    0.0837355200    0.0677123700
   0.0000000000   -0.0099123900    0.0003331100
   0.0000000000   -0.0034173900    0.0095931700
   0.0000000000   -0.0205115400   -0.0309820200
  -0.0030527700   -0.0066464800   -0.0036913200
   0.0031800900   -0.0036637800   -0.0066467900
# File: 29   
# 1       0.0000000000000000   0.0212132034355964   0.0212132034355964
# 12      0.0212132034355964   0.0000000000000000   0.0212132034355964
  -0.0013289900   -0.0513899700   -0.0427779600
  -0.0012450000    0.0158726500    0.0144867100
   0.0225092400    0.0005421900    0.0009493800
  -0.0148791600    0.0021132700   -0.0007158900
   0.0123547200    0.0020836900   -0.0007194800
  -0.0022392900    0.0005524000    0.0007223300
  -0.0012440900   -0.0117447600   -0.0127913400
  -0.0010632100    0.0290926400    0.0379630900
   0.0054354100   -0.0044633700    0.0011650900
   0.0084468500   -0.0012964600    0.0073705600
   0.0024182500    0.0148406800    0.0041137800
  -0.0691572300   -0.0013284700   -0.0573767800
   0.0296155700   -0.0014110900    0.0412454100
   0.0024144500    0.0058108400    0.0042218900
   0.0025034400   -0.0012494600    0.0009844700
   0.0054590300    0.0019752100    0.0011587400
# File: 30   
# 1       0.0000000000000000   0.0212132034355964   0.0212132034355964
# 12     -0.0212132034355964   0.0000000000000000  -0.0212132034355964
   0.0012027200   -0.0517437200   -0.0577833900
   0.0012436300    0.0156588200    0.0169943600
   0.0019415800    0.0005407100    0.0034008900
  -0.0123987400    0.0021374500    0.0017993700
   0.0149220700    0.0020624600    0.0018019000
  -0.0222362400    0.0005337800    0.0033228800
   0.0012460200   -0.0113895500   -0.0102914500
   0.0012081500    0.0290773600    0.0173617200
  -0.0054515600    0.0019523500   -0.0036728000
  -0.0088043800   -0.0012207700   -0.0098900200
  -0.0024177800    0.0084572800   -0.0066576800
   0.0691431400   -0.0011991300    0.0754297600
  -0.0296038300   -0.0011355400   -0.0179220900
  -0.0024134500    0.0120210800   -0.0067280200
  -0.0021422600   -0.0012685400   -0.0034989400
  -0.0054390700   -0.0044840600   -0.0036664800
# File: 31   
# 1       0.0000000000000000   0.0212132034355964   0.0212132034355964
# 12      0.0000000000000000   0.0212132034355964   0.0212132034355964
  -0.0000000000   -0.0527143700   -0.0427645700
  -0.0000000000    0.0245640500    0.0145902200
   0.0137890400   -0.0006972300    0.0008473800
  -0.0136024500    0.0008363700   -0.0007224300
   0.0136024500    0.0008363700   -0.0007224300
  -0.0137890400   -0.0006972300    0.0008473800
  -0.0000000000   -0.0001681900   -0.0129124800
  -0.0000000000    0.0280308600    0.0378294900
  -0.0032303200    0.0042021400    0.0011695800
   0.0029801800    0.0011443900    0.0041969000
  -0.0000000000    0.0203076400    0.0073175700
  -0.0000000000   -0.0704837900   -0.0574593800
  -0.0000000000    0.0282040000    0.0413750300
  -0.0000000000    0.0112884500    0.0010412600
  -0.0029801800    0.0011443900    0.0041969000
   0.0032303200    0.0042021400    0.0011695800
# File: 32   
# 1       0.0000000000000000   0.0212132034355964   0.0212132034355964
# 12      0.0000000000000000  -0.0212132034355964  -0.0212132034355964
   0.0000000000   -0.0505460700   -0.0577719000
   0.0000000000    0.0040872100    0.0170344500
   0.0135333900    0.0017817400    0.0033507700
  -0.0136208500    0.0033617000    0.0018049400
   0.0136208500    0.0033617000    0.0018049400
  -0.0135333900    0.0017817400    0.0033507700
   0.0000000000   -0.0201110200   -0.0103253700
   0.0000000000    0.0302781900    0.0174834400
   0.0032112200   -0.0067099300   -0.0036757700
  -0.0033363900   -0.0036605100   -0.0067089300
   0.0000000000    0.0029898600   -0.0098564300
   0.0000000000    0.0679439500    0.0754756000
   0.0000000000   -0.0307379400   -0.0180433700
   0.0000000000    0.0065498500   -0.0035384500
   0.0033363900   -0.0036605100   -0.0067089300
  -0.0032112200   -0.0067099300   -0.0036757700
# File: 33   
# 9       0.0000000000000000   0.0212132034355964   0.0212132034355964
# 1       0.0212132034355964   0.0000000000000000   0.0212132034355964
  -0.0515552000   -0.0012684500   -0.0528436400
   0.0005574000    0.0123842100    0.0008440000
   0.0157650400    0.0088601200    0.0145689400
   0.0021000700   -0.0149696900    0.0122191400
   0.0021012300    0.0124705300    0.0094017500
  -0.0115190900    0.0116737800   -0.0128680100
   0.0005047100   -0.0149037200    0.0008347400
   0.0290644600   -0.0012614500    0.0278285900
  -0.0012295900   -0.0691115400   -0.0703599500
   0.0116291100    0.0085866100    0.0073122500
   0.0019329600    0.0022258000    0.0041629500
  -0.0044664500    0.0054480300    0.0113295300
   0.0018915600    0.0054081700    0.0140634200
  -0.0044437100    0.0026067300    0.0041763200
   0.0089219000    0.0022272800    0.0009714500
  -0.0012544000    0.0296235900    0.0283585400
# File: 34   
# 9       0.0000000000000000   0.0212132034355964   0.0212132034355964
# 1      -0.0212132034355964   0.0000000000000000  -0.0212132034355964
   0.0516082900   -0.0012522100    0.0503253200
  -0.0005053300   -0.0149044600   -0.0033676900
  -0.0157623100    0.0088833000   -0.0169583300
  -0.0021002700    0.0122703200    0.0111540900
  -0.0021023700   -0.0148594000    0.0083453300
   0.0115181600    0.0116965400    0.0101687100
  -0.0005572200    0.0123794900   -0.0033574400
  -0.0291126700   -0.0012621300   -0.0303467200
   0.0012282600   -0.0691636700   -0.0679029100
  -0.0089042200    0.0086728000    0.0099289400
   0.0044612600    0.0022519800    0.0066904800
  -0.0019068800    0.0054005800   -0.0092257400
   0.0044821500    0.0054439400   -0.0064983800
  -0.0019468600    0.0025902700    0.0066732600
  -0.0116554400    0.0022305300    0.0035045900
   0.0012554500    0.0296221100    0.0308665000
# File: 35   
# 9       0.0000000000000000   0.0212132034355964   0.0212132034355964
# 1       0.0000000000000000   0.0212132034355964   0.0212132034355964
   0.0000081100   -0.0528326700   -0.0528326700
   0.0000049700    0.0144800900    0.0144800900
   0.0136631800    0.0094130100    0.0009087100
  -0.0136142000    0.0007435600    0.0122288600
   0.0136631800    0.0009087100    0.0094130100
  -0.0136142000    0.0122288600    0.0007435600
  -0.0000485900   -0.0128025200   -0.0128025200
  -0.0000255400    0.0278290400    0.0278290400
   0.0000412700   -0.0703843300   -0.0703843300
  -0.0002069200    0.0073721700    0.0073721700
   0.0031765900    0.0140536700    0.0041225000
  -0.0032149800    0.0041970800    0.0113408300
   0.0031765900    0.0041225000    0.0140536700
  -0.0032149800    0.0113408300    0.0041970800
   0.0001966100    0.0009705700    0.0009705700
   0.0000089000    0.0283594300    0.0283594300
# File: 36   
# 9       0.0000000000000000   0.0212132034355964   0.0212132034355964
# 1       0.0000000000000000  -0.0212132034355964  -0.0212132034355964
   0.0000429300    0.0503176600    0.0503176600
   0.0000472700   -0.0170004200   -0.0170004200
  -0.0136612200    0.0083339600   -0.0033009800
   0.0136123400   -0.0034428400    0.0111440600
  -0.0136612200   -0.0033009800    0.0083339600
   0.0136123400    0.0111440600   -0.0034428400
  -0.0000037900    0.0102796500    0.0102796500
  -0.0000257000   -0.0303470900   -0.0303470900
  -0.0000611800   -0.0678776300   -0.0678776300
  -0.0001566500    0.0098894500    0.0098894500
   0.0032171900   -0.0064899600    0.0067091800
  -0.0031753000    0.0066688500   -0.0092383800
   0.0032171900    0.0067091800   -0.0064899600
  -0.0031753000   -0.0092383800    0.0066688500
   0.0001620300    0.0034878200    0.0034878200
   0.0000090800    0.0308666500    0.0308666500
# File: 37   
# 9       0.0000000000000000   0.0212132034355964   0.0212132034355964
# 2       0.0212132034355964   0.0000000000000000   0.0212132034355964
   0.0005745400    0.0123660200    0.0008281800
  -0.0515511600   -0.0012746200   -0.0528435400
   0.0021368900   -0.0046391100   -0.0006739200
   0.0157008500   -0.0013671800    0.0275724600
  -0.0115021700   -0.0012109300   -0.0025337600
   0.0020611900    0.0254814200   -0.0008199100
   0.0291904000   -0.0013938500    0.0276957100
   0.0005198000   -0.0148886300    0.0008484200
   0.0117280700   -0.0690935900   -0.0703674200
  -0.0012632900    0.0085772900    0.0073315200
   0.0019388100    0.0024188200    0.0142991600
  -0.0044849600    0.0052088100    0.0011406300
   0.0019224000    0.0055426200    0.0011841000
  -0.0044882300    0.0024252100    0.0170080900
  -0.0012659400    0.0022388100    0.0009755100
   0.0087827900    0.0296089200    0.0283547700
# File: 38   
# 9       0.0000000000000000   0.0212132034355964   0.0212132034355964
# 2      -0.0212132034355964   0.0000000000000000  -0.0212132034355964
  -0.0005221400   -0.0148872500   -0.0033501100
   0.0515855600   -0.0012559400    0.0503238000
  -0.0021363700    0.0223866300   -0.0017185100
  -0.0156966400   -0.0013294600   -0.0042005200
   0.0115078900   -0.0011812200    0.0202823500
  -0.0020604900   -0.0021036000   -0.0018762400
  -0.0292325400   -0.0011234900   -0.0302067800
  -0.0005707500    0.0123638900   -0.0033725400
  -0.0089719000   -0.0691504800   -0.0678968500
   0.0012561700    0.0086644100    0.0099280700
   0.0044693600    0.0024172500   -0.0061852500
  -0.0019082000    0.0052789700    0.0036977300
   0.0044711900    0.0056614400    0.0036508800
  -0.0019288300    0.0024140200   -0.0034389900
   0.0012644000    0.0022358400    0.0034819000
  -0.0115267200    0.0296089900    0.0308810400
# File: 39   
# 9       0.0000000000000000   0.0212132034355964   0.0212132034355964
# 2       0.0000000000000000   0.0212132034355964   0.0212132034355964
   0.0000382900    0.0144788100    0.0144788100
   0.0000083000   -0.0528261100   -0.0528261100
  -0.0136387900    0.0109447800   -0.0006587500
   0.0136338600   -0.0008021400    0.0138088100
  -0.0136387900   -0.0006587500    0.0109447800
   0.0136338600    0.0138088100   -0.0008021400
   0.0002420400    0.0278285300    0.0278285300
  -0.0000194700   -0.0128020800   -0.0128020800
  -0.0000275200   -0.0703846600   -0.0703846600
  -0.0000219200    0.0073761700    0.0073761700
   0.0031682600    0.0011807600    0.0143330100
  -0.0032251500    0.0170695000    0.0011246000
   0.0031682600    0.0143330100    0.0011807600
  -0.0032251500    0.0011246000    0.0170695000
  -0.0000115000    0.0009737500    0.0009737500
  -0.0000845800    0.0283550200    0.0283550200
# File: 40   
# 9       0.0000000000000000   0.0212132034355964   0.0212132034355964
# 2       0.0000000000000000  -0.0212132034355964  -0.0212132034355964
   0.0000127900   -0.0170018000   -0.0170018000
   0.0000436100    0.0503237900    0.0503237900
   0.0136406400    0.0067967600   -0.0017330100
  -0.0136354100   -0.0018964100    0.0095584500
   0.0136406400   -0.0017330100    0.0067967600
  -0.0136354100    0.0095584500   -0.0018964100
  -0.0002940900   -0.0303425300   -0.0303425300
  -0.0000318200    0.0102798200    0.0102798200
  -0.0003323000   -0.0678769500   -0.0678769500
  -0.0000010200    0.0098856400    0.0098856400
   0.0032265500    0.0036720900   -0.0062183500
  -0.0031664500   -0.0034950200    0.0036927700
   0.0032265500   -0.0062183500    0.0036720900
  -0.0031664500    0.0036927700   -0.0034950200
   0.0000294400    0.0034848400    0.0034848400
   0.0004427300    0.0308699100    0.0308699100
# File: 41   
# 9       0.0000000000000000   0.0212132034355964   0.0212132034355964
# 3       0.0212132034355964   0.0000000000000000   0.0212132034355964
   0.0157891900   -0.0012554500    0.0145013700
   0.0021462800   -0.0149003700   -0.0007238500
  -0.0517422700    0.0088749900   -0.0529331400
   0.0005413900    0.0122848200    0.0138300600
   0.0005326700   -0.0148384900    0.0109973700
   0.0290836700    0.0118236000    0.0277360200
   0.0021258900    0.0123787400   -0.0007246800
  -0.0115871100   -0.0012585000   -0.0128227000
  -0.0011926200   -0.0692355600   -0.0703203600
  -0.0012250800    0.0086737500    0.0175035000
   0.0019298200    0.0024045500    0.0041591900
   0.0084150500    0.0053538000    0.0011613100
   0.0120521800    0.0054486400    0.0011711900
  -0.0044588800    0.0024185100    0.0041608600
  -0.0012839100    0.0021769200    0.0138162200
  -0.0011262900    0.0296500500    0.0284876400
# File: 42   
# 9       0.0000000000000000   0.0212132034355964   0.0212132034355964
# 3      -0.0212132034355964   0.0000000000000000  -0.0212132034355964
  -0.0157377700   -0.0012673700   -0.0170263100
  -0.0020965700    0.0123800800   -0.0017993100
   0.0517476400    0.0088658000    0.0505575200
  -0.0005415700   -0.0149835700    0.0095398900
  -0.0005334600    0.0124502000    0.0067416700
  -0.0290837300    0.0115633100   -0.0304277100
  -0.0021758100   -0.0149018200   -0.0017977700
   0.0115367300   -0.0012645900    0.0103013900
   0.0011903000   -0.0693502700   -0.0679403600
   0.0012353300    0.0085833300   -0.0029792500
   0.0044646200    0.0024137900    0.0066944600
  -0.0120751000    0.0054913700    0.0036596800
  -0.0083895100    0.0053988900    0.0036813200
  -0.0019315200    0.0024378700    0.0066889300
   0.0012654300    0.0022750300   -0.0066330200
   0.0011249800    0.0299079600    0.0307388600
# File: 43   
# 9       0.0000000000000000   0.0212132034355964   0.0212132034355964
# 3       0.0000000000000000   0.0212132034355964   0.0212132034355964
   0.0136761900   -0.0007161600    0.0008393700
  -0.0134888400    0.0008292400   -0.0007405900
   0.0000000000   -0.0397712900   -0.0529382000
   0.0000000000    0.0143425800    0.0274681700
   0.0000000000   -0.0127109200   -0.0023634200
   0.0000000000    0.0409087400    0.0276070100
   0.0134888400    0.0008292400   -0.0007405900
  -0.0136761900   -0.0007161600    0.0008393700
   0.0000000000   -0.0602505300   -0.0702957700
   0.0000000000    0.0074115000    0.0175007300
   0.0031633500    0.0011574600    0.0041388200
  -0.0034132900    0.0041340300    0.0011752900
   0.0034132900    0.0041340300    0.0011752900
  -0.0031633500    0.0011574600    0.0041388200
   0.0000000000    0.0008818000    0.0137091500
   0.0000000000    0.0383789900    0.0284865700
# File: 44   
# 9       0.0000000000000000   0.0212132034355964   0.0212132034355964
# 3       0.0000000000000000  -0.0212132034355964  -0.0212132034355964
  -0.0136207500   -0.0018049000   -0.0033618200
   0.0135332900   -0.0033506600   -0.0017816500
   0.0000000000    0.0577714400    0.0505461500
   0.0000000000   -0.0170342100   -0.0040871300
   0.0000000000    0.0103252400    0.0201108300
   0.0000000000   -0.0174831900   -0.0302780300
  -0.0135332900   -0.0033506600   -0.0017816500
   0.0136207500   -0.0018049000   -0.0033618200
   0.0000000000   -0.0754751500   -0.0679441800
   0.0000000000    0.0098563200   -0.0029897200
   0.0032112800    0.0036758600    0.0067098700
  -0.0033365200    0.0067086600    0.0036607200
   0.0033365200    0.0067086600    0.0036607200
  -0.0032112800    0.0036758600    0.0067098700
   0.0000000000    0.0035384400   -0.0065499600
   0.0000000000    0.0180432000    0.0307377900
# File: 45   
# 9       0.0000000000000000   0.0212132034355964   0.0212132034355964
# 4       0.0212132034355964   0.0000000000000000   0.0212132034355964
   0.0021132800   -0.0148775000   -0.0007160000
   0.0158706200   -0.0012448100    0.0144851600
   0.0005422400    0.0225077400    0.0009494700
  -0.0513889300   -0.0013288400   -0.0427761400
   0.0290901900   -0.0010630400    0.0379607300
   0.0005522800   -0.0022368700    0.0007223500
  -0.0117428300   -0.0012440800   -0.0127895500
   0.0020837800    0.0123530900   -0.0007194000
  -0.0013281900   -0.0691564600   -0.0573757800
  -0.0012964600    0.0084463700    0.0073704000
   0.0148411400    0.0024182300    0.0041133600
  -0.0044630700    0.0054351800    0.0011650400
   0.0019750800    0.0054586500    0.0011588300
   0.0058111000    0.0024142600    0.0042216600
  -0.0012493400    0.0025031500    0.0009843400
  -0.0014109100    0.0296149300    0.0412455100
# File: 46   
# 9       0.0000000000000000   0.0212132034355964   0.0212132034355964
# 4      -0.0212132034355964   0.0000000000000000  -0.0212132034355964
  -0.0020622700    0.0123536900   -0.0018061700
  -0.0158101700   -0.0012770600   -0.0170075000
  -0.0005408100   -0.0047538300   -0.0033404200
   0.0513814100   -0.0013786700    0.0664298800
  -0.0290769300   -0.0013228900   -0.0201738300
  -0.0005536800    0.0256068500   -0.0034200000
   0.0116902000   -0.0012797100    0.0102679100
  -0.0021334200   -0.0148753000   -0.0018020100
   0.0013750900   -0.0690860500   -0.0838494600
   0.0012897800    0.0084519600    0.0098861200
  -0.0057254100    0.0024177200    0.0067141500
  -0.0019282800    0.0053956400    0.0036711500
   0.0044175900    0.0054112500    0.0036748500
  -0.0149524500    0.0024249900    0.0066354300
   0.0012492000    0.0023075500    0.0034663700
   0.0013801500    0.0296038500    0.0206535400
# File: 47   
# 9       0.0000000000000000   0.0212132034355964   0.0212132034355964
# 4       0.0000000000000000   0.0212132034355964   0.0212132034355964
  -0.0136006700    0.0008363800   -0.0007224700
   0.0137872100   -0.0006971400    0.0008474900
   0.0000000000    0.0245628000    0.0145886100
   0.0000000000   -0.0527133200   -0.0427629700
   0.0000000000    0.0280284700    0.0378274900
   0.0000000000   -0.0001659400   -0.0129107100
  -0.0137872100   -0.0006971400    0.0008474900
   0.0136006700    0.0008363800   -0.0007224700
   0.0000000000   -0.0704829300   -0.0574583800
   0.0000000000    0.0203079800    0.0073172000
   0.0029801100    0.0011445100    0.0041966400
  -0.0032303200    0.0042017900    0.0011697100
   0.0032303200    0.0042017900    0.0011697100
  -0.0029801100    0.0011445100    0.0041966400
   0.0000000000    0.0112885800    0.0010409900
   0.0000000000    0.0282033000    0.0413750400
# File: 48   
# 9       0.0000000000000000   0.0212132034355964   0.0212132034355964
# 4       0.0000000000000000  -0.0212132034355964  -0.0212132034355964
   0.0136480800   -0.0033586800   -0.0017987100
  -0.0137259200   -0.0018250500   -0.0033690700
   0.0000000000   -0.0068067200   -0.0169733600
   0.0000000000    0.0500088200    0.0663924700
   0.0000000000   -0.0303923600   -0.0200277400
   0.0000000000    0.0235384200    0.0102181100
   0.0137259200   -0.0018250500   -0.0033690700
  -0.0136480800   -0.0033586800   -0.0017987100
   0.0000000000   -0.0677121200   -0.0837354800
   0.0000000000   -0.0003330700    0.0099123800
   0.0030527400    0.0036912500    0.0066464400
  -0.0031801100    0.0066467000    0.0036638800
   0.0031801100    0.0066467000    0.0036638800
  -0.0030527400    0.0036912500    0.0066464400
   0.0000000000   -0.0095931500    0.0034170000
   0.0000000000    0.0309817300    0.0205115300
# File: 49   
# 9       0.0000000000000000   0.0212132034355964   0.0212132034355964
# 9       0.0212132034355964   0.0000000000000000   0.0212132034355964
  -0.0012083500   -0.0012083500   -0.0024965000
   0.0089122000   -0.0011912000   -0.0023864400
  -0.0011912000    0.0089122000   -0.0023864400
  -0.0014561300   -0.0014561300    0.0264433400
  -0.0011471100   -0.0011471100    0.0151311300
  -0.0013463200    0.0116142200   -0.0026910000
   0.0116142200   -0.0013463200   -0.0026910000
  -0.0013125100   -0.0013125100   -0.0025458600
  -0.0690005100   -0.0690005100   -0.1386554200
   0.0024124000    0.0118324000    0.0140614400
   0.0118324000    0.0024124000    0.0140614400
   0.0022263800    0.0022263800    0.0048383100
   0.0086207200    0.0086207200    0.0048315100
  -0.0009649300    0.0024201800    0.0076445100
   0.0024201800   -0.0009649300    0.0076445100
   0.0295885600    0.0295885600    0.0591964700
# File: 50   
# 9       0.0000000000000000   0.0212132034355964   0.0212132034355964
# 9      -0.0212132034355964   0.0000000000000000  -0.0212132034355964
   0.0012617700   -0.0012617700   -0.0000247100
  -0.0116864200   -0.0013500800    0.0000000000
   0.0011947500    0.0088714800    0.0000000000
   0.0012614900   -0.0012614900   -0.0000252400
   0.0012614900   -0.0012614900    0.0000252400
   0.0013500800    0.0116864200    0.0000000000
  -0.0088714800   -0.0011947500    0.0000000000
   0.0012617700   -0.0012617700    0.0000247100
   0.0691292200   -0.0691292200    0.0000000000
  -0.0024207400    0.0054258300    0.0031967500
  -0.0054258300    0.0024207400   -0.0031967500
  -0.0086271600    0.0086271600    0.0000000000
  -0.0022287600    0.0022287600    0.0000000000
  -0.0054258300    0.0024207400    0.0031967500
  -0.0024207400    0.0054258300   -0.0031967500
  -0.0296135900    0.0296135900    0.0000000000
# File: 51   
# 9       0.0000000000000000   0.0212132034355964   0.0212132034355964
# 10      0.0212132034355964   0.0000000000000000   0.0212132034355964
   0.0088547000   -0.0012726300   -0.0024709700
  -0.0012790800   -0.0012394500   -0.0025290100
  -0.0013120900    0.0088775800    0.0104540200
  -0.0012948600   -0.0013569700    0.0104250900
  -0.0012280900   -0.0011765600    0.0076068500
  -0.0012303300    0.0116858500    0.0075689600
  -0.0012431200   -0.0012827600   -0.0025163100
   0.0117035600   -0.0012497600   -0.0025966800
   0.0024165900   -0.0659283200   -0.0636969600
  -0.0691326300    0.0086180000   -0.0605081900
   0.0086215800   -0.0007772900    0.0078463000
   0.0054349500    0.0054216000    0.0110499300
   0.0054253000    0.0054258000    0.0046464600
   0.0022310800    0.0056162000    0.0078431700
   0.0296134600    0.0022229800    0.0318376300
   0.0024189700    0.0264157200    0.0350396900
# File: 52   
# 9       0.0000000000000000   0.0212132034355964   0.0212132034355964
# 10     -0.0212132034355964   0.0000000000000000  -0.0212132034355964
  -0.0116138700   -0.0012499000    0.0001008700
   0.0013319000   -0.0012312800    0.0000060000
   0.0011605800    0.0088722800   -0.0100256300
   0.0012943000   -0.0012896000    0.0129439100
   0.0012269100   -0.0012669600    0.0101367700
   0.0013849200    0.0116893700   -0.0130744500
   0.0011904700   -0.0012911300   -0.0000062100
  -0.0089382600   -0.0012732800   -0.0000793700
  -0.0024173400   -0.0723344600   -0.0745613100
   0.0691190900    0.0086461200    0.0777625000
  -0.0022270300    0.0056155000    0.0030071900
  -0.0118257000    0.0054266700   -0.0062107700
   0.0009686500    0.0054261300    0.0001894100
  -0.0086212000   -0.0007768800    0.0030061300
  -0.0296148100    0.0022327300   -0.0273866600
  -0.0024186300    0.0328046900    0.0241916100
# File: 53   
# 9       0.0000000000000000   0.0212132034355964   0.0212132034355964
# 11      0.0000000000000000   0.0212132034355964   0.0212132034355964
   0.0000263000    0.0075951900   -0.0024754700
  -0.0000167600   -0.0026006600    0.0104321500
   0.0000263000    0.0075951900   -0.0024754700
  -0.0000167600   -0.0026006600    0.0104321500
   0.0000180500   -0.0024663900    0.0076073600
  -0.0000258400    0.0104458500   -0.0025921200
   0.0000180500   -0.0024663900    0.0076073600
  -0.0000258400    0.0104458500   -0.0025921200
   0.0031965500   -0.0667157300   -0.0637057900
  -0.0031984900    0.0140550500    0.0110501700
   0.0031965500   -0.0667157300   -0.0637057900
  -0.0031984900    0.0140550500    0.0110501700
   0.0031975500    0.0076557800    0.0046469600
  -0.0031973500    0.0320309300    0.0350367400
   0.0031975500    0.0076557800    0.0046469600
  -0.0031973500    0.0320309300    0.0350367400
# File: 54   
# 9       0.0000000000000000   0.0212132034355964   0.0212132034355964
# 11      0.0000000000000000  -0.0212132034355964  -0.0212132034355964
   0.0000238900   -0.0129267000    0.0001080700
   0.0000691700   -0.0000754200   -0.0101364300
   0.0000237900    0.0101518100    0.0000843500
   0.0000707400   -0.0000995500    0.0129372200
  -0.0000691700    0.0000754200    0.0101364300
  -0.0000238900    0.0129267000   -0.0001080700
  -0.0000707400    0.0000995500   -0.0129372200
  -0.0000237900   -0.0101518100   -0.0000843500
  -0.0031988300   -0.0715436700   -0.0745510600
   0.0031930800    0.0032065100    0.0062125400
   0.0031988300    0.0715436700    0.0745510600
  -0.0031930800   -0.0032065100   -0.0062125400
   0.0031973000    0.0031975400    0.0001884800
  -0.0031968600   -0.0271957000   -0.0241946800
  -0.0031973000   -0.0031975400   -0.0001884800
   0.0031968600    0.0271957000    0.0241946800
# File: 55   
# 9       0.0000000000000000   0.0212132034355964   0.0212132034355964
# 11      0.0212132034355964   0.0000000000000000   0.0212132034355964
  -0.0012412800   -0.0012791400   -0.0025265400
  -0.0013555900   -0.0012975100    0.0104252100
  -0.0012752000    0.0088561400   -0.0024692400
   0.0088774600   -0.0013138700    0.0104525500
   0.0116859600   -0.0012285700    0.0075703400
  -0.0012471300    0.0117021500   -0.0025985400
  -0.0011781200   -0.0012254800    0.0076067700
  -0.0012810300   -0.0012429600   -0.0025189900
   0.0086184000   -0.0691332300   -0.0605081800
   0.0054216800    0.0054346000    0.0110504500
  -0.0659288800    0.0024165500   -0.0636974700
  -0.0007776400    0.0086218600    0.0078464300
   0.0056164800    0.0022308400    0.0078434500
   0.0264162000    0.0024188900    0.0350400500
   0.0054258500    0.0054257500    0.0046460900
   0.0022228400    0.0296139700    0.0318376100
# File: 56   
# 9       0.0000000000000000   0.0212132034355964   0.0212132034355964
# 11     -0.0212132034355964   0.0000000000000000  -0.0212132034355964
   0.0012914900   -0.0011926000    0.0000064400
   0.0012680700   -0.0012270900   -0.0101345800
   0.0012731200    0.0089393700    0.0000790600
  -0.0116915200   -0.0013845300    0.0130733600
  -0.0088701300   -0.0011609000    0.0100267200
   0.0012501100    0.0116128200   -0.0001005200
   0.0012885400   -0.0012941400   -0.0129460200
   0.0012309400   -0.0013297500   -0.0000061100
  -0.0086461800   -0.0691191600   -0.0777625000
  -0.0054267300    0.0118256600    0.0062106800
   0.0723344400    0.0024173900    0.0745612800
  -0.0056153400    0.0022270500   -0.0030072800
   0.0007767300    0.0086212000   -0.0030061300
  -0.0328047700    0.0024186800   -0.0241917200
  -0.0054261100   -0.0009687000   -0.0001893800
  -0.0022326700    0.0296147200    0.0273867100
# File: 57   
# 9       0.0000000000000000   0.0212132034355964   0.0212132034355964
# 11      0.0212132034355964   0.0212132034355964   0.0000000000000000
  -0.0011788700    0.0075912000   -0.0012702200
  -0.0012259300   -0.0025229500   -0.0012959900
  -0.0012702200    0.0075912000   -0.0011788700
   0.0089271800   -0.0025427800    0.0116371000
   0.0116371000   -0.0025427800    0.0089271800
  -0.0012540300    0.0104484400   -0.0013641400
  -0.0012959900   -0.0025229500   -0.0012259300
  -0.0013641400    0.0104484400   -0.0012540300
   0.0054240000   -0.0667135500   -0.0659349700
   0.0022248000    0.0108581700    0.0086295200
  -0.0659349700   -0.0667135500    0.0054240000
  -0.0007761000    0.0108510500    0.0056176800
   0.0056176800    0.0108510500   -0.0007761000
   0.0264146600    0.0320304200    0.0054253300
   0.0086295200    0.0108581700    0.0022248000
   0.0054253300    0.0320304200    0.0264146600
# File: 58   
# 9       0.0000000000000000   0.0212132034355964   0.0212132034355964
# 11     -0.0212132034355964  -0.0212132034355964   0.0000000000000000
   0.0013848300   -0.0129266200   -0.0012528100
   0.0012765100    0.0000000000   -0.0012765100
   0.0012690300    0.0101526600   -0.0011608900
  -0.0117408100    0.0000000000    0.0117408100
  -0.0088198700    0.0000000000    0.0088198700
   0.0012528100    0.0129266200   -0.0013848300
   0.0012468000    0.0000000000   -0.0012468000
   0.0011608900   -0.0101526600   -0.0012690300
  -0.0054268200   -0.0715443800   -0.0723248000
  -0.0022321100    0.0064006000    0.0086309900
   0.0723248000    0.0715443800    0.0054268200
  -0.0056132800   -0.0000020800   -0.0007779000
   0.0007779000    0.0000020800    0.0056132800
  -0.0328061800   -0.0271942400    0.0054234800
  -0.0086309900   -0.0064006000    0.0022321100
  -0.0054234800    0.0271942400    0.0328061800
# File: 59   
# 9       0.0000000000000000   0.0212132034355964   0.0212132034355964
# 15      0.0212132034355964   0.0000000000000000   0.0212132034355964
   0.0117082900   -0.0012539700   -0.0026011700
  -0.0012321000   -0.0012982300   -0.0025321200
  -0.0012061600    0.0087806700    0.0076239200
  -0.0012531500   -0.0013178500    0.0104397500
  -0.0012703100   -0.0012181800    0.0075967300
  -0.0013388900    0.0117844200    0.0103994600
  -0.0012903600   -0.0012250400   -0.0025135700
   0.0088493800   -0.0012693500   -0.0024665900
   0.0024189100   -0.0723252300   -0.0637079800
   0.0296111000    0.0086271700    0.0382398000
   0.0086231400    0.0056158800    0.0078445600
  -0.0009657600    0.0054249300    0.0046481900
   0.0118270000    0.0054238600    0.0110491500
   0.0022295800   -0.0007766100    0.0078440900
  -0.0691295300    0.0022186100   -0.0669030400
   0.0024188400    0.0328089300    0.0350388100
# File: 60   
# 9       0.0000000000000000   0.0212132034355964   0.0212132034355964
# 15     -0.0212132034355964   0.0000000000000000  -0.0212132034355964
  -0.0088451400   -0.0012714100   -0.0000738600
   0.0012875200   -0.0012773200    0.0000117400
   0.0013576600    0.0089711400   -0.0128223700
   0.0012503000   -0.0014358700    0.0129264300
   0.0012718800   -0.0011201100    0.0101487100
   0.0011866900    0.0115884000   -0.0102828400
   0.0012360300   -0.0012449400   -0.0000110100
  -0.0117106300   -0.0012517900    0.0000952000
  -0.0024213600   -0.0659355500   -0.0745482800
  -0.0296177000    0.0086370600   -0.0209845700
  -0.0022281800   -0.0007782500    0.0030083900
  -0.0054236000    0.0054239900    0.0001915500
  -0.0054325100    0.0054287100   -0.0062123300
  -0.0086200500    0.0056160600    0.0030048600
   0.0691269600    0.0022361000    0.0713575200
  -0.0024178900    0.0264137900    0.0241908700
# File: 61   
# 9       0.0000000000000000   0.0212132034355964   0.0212132034355964
# 16      0.0212132034355964   0.0000000000000000   0.0212132034355964
  -0.0012348600   -0.0012873200   -0.0025217400
   0.0117233700   -0.0013920500   -0.0027382500
  -0.0011282100    0.0088577500   -0.0023222000
  -0.0013234600   -0.0012117700    0.0205891200
  -0.0012117700   -0.0013234600    0.0205891200
  -0.0013920500    0.0117233700   -0.0027382500
   0.0088577500   -0.0011282100   -0.0023222000
  -0.0012873200   -0.0012348600   -0.0025217400
   0.0295941300   -0.0691465500   -0.0395428300
   0.0024159500    0.0054365300    0.0140529700
   0.0054265200    0.0024177300    0.0076481000
   0.0022289000    0.0086233400    0.0048348300
   0.0086233400    0.0022289000    0.0048348300
   0.0054365300    0.0024159500    0.0140529700
   0.0024177300    0.0054265200    0.0076481000
  -0.0691465500    0.0295941300   -0.0395428300
# File: 62   
# 9       0.0000000000000000   0.0212132034355964   0.0212132034355964
# 16     -0.0212132034355964   0.0000000000000000  -0.0212132034355964
   0.0012868500   -0.0012868500    0.0000000000
  -0.0088464100   -0.0011281000    0.0000655100
   0.0011281000    0.0088464100   -0.0000655100
   0.0014838300   -0.0014838300    0.0000000000
   0.0010651300   -0.0010651300    0.0000000000
   0.0013920800    0.0117116600    0.0000438500
  -0.0117116600   -0.0013920800   -0.0000438500
   0.0012367600   -0.0012367600    0.0000000000
  -0.0296080200   -0.0691218300   -0.0987397800
  -0.0024215300    0.0118253500    0.0032046300
   0.0009686200    0.0024192600    0.0031996300
  -0.0086239200    0.0022270600    0.0000005900
  -0.0022270600    0.0086239200   -0.0000005900
  -0.0118253500    0.0024215300   -0.0032046300
  -0.0024192600   -0.0009686200   -0.0031996300
   0.0691218300    0.0296080200    0.0987397800
