# Phonopy generated file for v_sim 3.6
    6.288798420    0.001542491    6.228768890
    0.139733533   -0.000365282    6.372559642
    2.542458042    3.113074541    2.917553497  C
    3.907659260    3.114229708    3.490688029  N
    2.620056134    3.112051356    1.821132582  H
    2.013601277    4.015527874    3.256573223  H
    2.014513160    2.210728121    3.258298752  H
    4.449755177    3.959747695    3.195921389  H
    4.450263418    2.268395224    3.197634446  H
    3.913303558    3.115289700    4.532282242  H
    6.080331349    6.228284651    6.229960200 Pb
    5.787518822    6.228483827    3.027892935  I
    5.659411180    3.114114324    0.150803026  I
    2.849360990    6.228399988    5.878555019  I
#metaData: qpt=[0.000000;0.000000;0.000000;-0.000001 \
#; 0.040159; -0.000006; -0.000441; 0.000000; 0.000000; 0.000000 \
#; 0.040159; -0.000006; -0.000441; 0.000000; 0.000000; 0.000000 \
#; 0.040159; -0.000006; -0.000441; 0.000000; 0.000000; 0.000000 \
#; 0.040159; -0.000006; -0.000441; 0.000000; 0.000000; 0.000000 \
#; 0.040159; -0.000006; -0.000441; 0.000000; 0.000000; 0.000000 \
#; 0.040159; -0.000006; -0.000441; 0.000000; 0.000000; 0.000000 \
#; 0.040159; -0.000006; -0.000441; 0.000000; 0.000000; 0.000000 \
#; 0.040159; -0.000006; -0.000441; 0.000000; 0.000000; 0.000000 \
#; 0.040159; -0.000006; -0.000441; 0.000000; 0.000000; 0.000000 \
#; 0.040159; -0.000006; -0.000441; 0.000000; 0.000000; 0.000000 \
#; 0.040159; -0.000006; -0.000441; 0.000000; 0.000000; 0.000000 \
#; 0.040159; -0.000006; -0.000441; 0.000000; 0.000000; 0.000000 \
# ]
#metaData: qpt=[0.000000;0.000000;0.000000;0.000000 \
#; -0.000332; -0.026837; -0.029877; 0.000000; 0.000000; 0.000000 \
#; -0.000332; -0.026837; -0.029877; 0.000000; 0.000000; 0.000000 \
#; -0.000332; -0.026837; -0.029877; 0.000000; 0.000000; 0.000000 \
#; -0.000332; -0.026837; -0.029877; 0.000000; 0.000000; 0.000000 \
#; -0.000332; -0.026837; -0.029877; 0.000000; 0.000000; 0.000000 \
#; -0.000332; -0.026837; -0.029877; 0.000000; 0.000000; 0.000000 \
#; -0.000332; -0.026837; -0.029877; 0.000000; 0.000000; 0.000000 \
#; -0.000332; -0.026837; -0.029877; 0.000000; 0.000000; 0.000000 \
#; -0.000332; -0.026837; -0.029877; 0.000000; 0.000000; 0.000000 \
#; -0.000332; -0.026837; -0.029877; 0.000000; 0.000000; 0.000000 \
#; -0.000332; -0.026837; -0.029877; 0.000000; 0.000000; 0.000000 \
#; -0.000332; -0.026837; -0.029877; 0.000000; 0.000000; 0.000000 \
# ]
#metaData: qpt=[0.000000;0.000000;0.000000;0.000001 \
#; -0.000290; 0.029879; -0.026835; 0.000000; 0.000000; 0.000000 \
#; -0.000290; 0.029879; -0.026835; 0.000000; 0.000000; 0.000000 \
#; -0.000290; 0.029879; -0.026835; 0.000000; 0.000000; 0.000000 \
#; -0.000290; 0.029879; -0.026835; 0.000000; 0.000000; 0.000000 \
#; -0.000290; 0.029879; -0.026835; 0.000000; 0.000000; 0.000000 \
#; -0.000290; 0.029879; -0.026835; 0.000000; 0.000000; 0.000000 \
#; -0.000290; 0.029879; -0.026835; 0.000000; 0.000000; 0.000000 \
#; -0.000290; 0.029879; -0.026835; 0.000000; 0.000000; 0.000000 \
#; -0.000290; 0.029879; -0.026835; 0.000000; 0.000000; 0.000000 \
#; -0.000290; 0.029879; -0.026835; 0.000000; 0.000000; 0.000000 \
#; -0.000290; 0.029879; -0.026835; 0.000000; 0.000000; 0.000000 \
#; -0.000290; 0.029879; -0.026835; 0.000000; 0.000000; 0.000000 \
# ]
#metaData: qpt=[0.000000;0.000000;0.000000;0.560101 \
#; 0.000104; 0.033168; 0.000140; 0.000000; 0.000000; 0.000000 \
#; 0.000021; 0.045902; 0.000274; 0.000000; 0.000000; 0.000000 \
#; 0.000208; 0.037877; 0.000153; 0.000000; 0.000000; 0.000000 \
#; -0.008450; 0.027169; 0.002867; 0.000000; 0.000000; 0.000000 \
#; 0.008581; 0.027193; -0.002706; 0.000000; 0.000000; 0.000000 \
#; -0.005346; 0.047264; -0.005737; 0.000000; 0.000000; 0.000000 \
#; 0.005461; 0.047258; 0.006392; 0.000000; 0.000000; 0.000000 \
#; -0.000126; 0.056636; 0.000272; 0.000000; 0.000000; 0.000000 \
#; -0.000129; 0.007757; 0.000012; 0.000000; 0.000000; 0.000000 \
#; 0.000068; 0.044425; 0.000054; 0.000000; 0.000000; 0.000000 \
#; 0.000248; 0.005914; 0.000193; 0.000000; 0.000000; 0.000000 \
#; -0.000120; -0.073142; -0.000320; 0.000000; 0.000000; 0.000000 \
# ]
#metaData: qpt=[0.000000;0.000000;0.000000;0.799950 \
#; 0.020006; -0.000235; 0.013327; 0.000000; 0.000000; 0.000000 \
#; 0.017077; -0.000204; 0.020282; 0.000000; 0.000000; 0.000000 \
#; 0.026099; -0.000529; 0.013755; 0.000000; 0.000000; 0.000000 \
#; 0.018895; 0.000136; 0.010844; 0.000000; 0.000000; 0.000000 \
#; 0.018751; -0.000349; 0.011322; 0.000000; 0.000000; 0.000000 \
#; 0.018504; -0.000640; 0.022173; 0.000000; 0.000000; 0.000000 \
#; 0.018409; 0.000075; 0.022453; 0.000000; 0.000000; 0.000000 \
#; 0.010860; -0.000034; 0.020345; 0.000000; 0.000000; 0.000000 \
#; -0.009129; -0.000022; 0.008374; 0.000000; 0.000000; 0.000000 \
#; 0.031412; -0.000212; 0.007042; 0.000000; 0.000000; 0.000000 \
#; -0.012460; 0.000010; 0.041734; 0.000000; 0.000000; 0.000000 \
#; -0.008711; 0.000292; -0.066751; 0.000000; 0.000000; 0.000000 \
# ]
#metaData: qpt=[0.000000;0.000000;0.000000;0.862435 \
#; 0.021988; -0.000111; 0.009037; 0.000000; 0.000000; 0.000000 \
#; 0.015605; -0.000089; 0.024887; 0.000000; 0.000000; 0.000000 \
#; 0.034385; -0.000287; 0.009981; 0.000000; 0.000000; 0.000000 \
#; 0.018274; -0.000008; 0.002891; 0.000000; 0.000000; 0.000000 \
#; 0.018180; -0.000067; 0.003183; 0.000000; 0.000000; 0.000000 \
#; 0.018419; 0.000536; 0.030733; 0.000000; 0.000000; 0.000000 \
#; 0.018368; -0.000768; 0.030845; 0.000000; 0.000000; 0.000000 \
#; 0.002257; -0.000019; 0.024088; 0.000000; 0.000000; 0.000000 \
#; -0.034951; -0.000068; -0.008852; 0.000000; 0.000000; 0.000000 \
#; -0.003856; -0.000137; -0.003197; 0.000000; 0.000000; 0.000000 \
#; 0.071893; -0.000019; 0.011192; 0.000000; 0.000000; 0.000000 \
#; -0.015648; 0.000292; 0.002049; 0.000000; 0.000000; 0.000000 \
# ]
#metaData: qpt=[0.000000;0.000000;0.000000;0.978043 \
#; 0.028338; 0.000616; -0.020311; 0.000000; 0.000000; 0.000000 \
#; 0.034189; 0.000615; -0.034217; 0.000000; 0.000000; 0.000000 \
#; 0.017207; 0.000670; -0.021145; 0.000000; 0.000000; 0.000000 \
#; 0.031832; 0.000587; -0.014763; 0.000000; 0.000000; 0.000000 \
#; 0.031875; 0.000596; -0.014864; 0.000000; 0.000000; 0.000000 \
#; 0.032032; -0.000248; -0.039194; 0.000000; 0.000000; 0.000000 \
#; 0.032129; 0.001594; -0.039384; 0.000000; 0.000000; 0.000000 \
#; 0.045472; 0.000480; -0.033474; 0.000000; 0.000000; 0.000000 \
#; -0.028054; -0.000517; -0.002703; 0.000000; 0.000000; 0.000000 \
#; 0.066250; 0.000681; 0.001562; 0.000000; 0.000000; 0.000000 \
#; -0.019025; -0.000274; -0.019845; 0.000000; 0.000000; 0.000000 \
#; -0.009388; 0.000282; 0.029689; 0.000000; 0.000000; 0.000000 \
# ]
#metaData: qpt=[0.000000;0.000000;0.000000;0.983314 \
#; 0.000267; -0.058986; -0.000420; 0.000000; 0.000000; 0.000000 \
#; 0.000296; -0.051270; -0.000518; 0.000000; 0.000000; 0.000000 \
#; 0.000194; -0.070480; -0.000410; 0.000000; 0.000000; 0.000000 \
#; -0.001315; -0.056325; -0.010068; 0.000000; 0.000000; 0.000000 \
#; 0.001886; -0.056293; 0.009288; 0.000000; 0.000000; 0.000000 \
#; 0.000887; -0.055980; -0.012317; 0.000000; 0.000000; 0.000000 \
#; -0.000295; -0.055941; 0.011234; 0.000000; 0.000000; 0.000000 \
#; 0.000368; -0.035972; -0.000521; 0.000000; 0.000000; 0.000000 \
#; -0.000360; 0.043026; 0.000108; 0.000000; 0.000000; 0.000000 \
#; 0.000782; -0.051360; 0.000102; 0.000000; 0.000000; 0.000000 \
#; -0.000104; 0.024255; -0.000451; 0.000000; 0.000000; 0.000000 \
#; -0.000162; -0.029274; 0.000292; 0.000000; 0.000000; 0.000000 \
# ]
#metaData: qpt=[0.000000;0.000000;0.000000;1.037444 \
#; 0.000745; 0.000151; -0.060851; 0.000000; 0.000000; 0.000000 \
#; -0.011881; 0.000171; -0.030343; 0.000000; 0.000000; 0.000000 \
#; 0.025300; 0.000112; -0.059112; 0.000000; 0.000000; 0.000000 \
#; -0.007088; -0.000033; -0.072479; 0.000000; 0.000000; 0.000000 \
#; -0.007130; 0.000361; -0.072399; 0.000000; 0.000000; 0.000000 \
#; -0.005008; 0.000508; -0.016861; 0.000000; 0.000000; 0.000000 \
#; -0.005048; -0.000188; -0.016782; 0.000000; 0.000000; 0.000000 \
#; -0.035563; 0.000216; -0.030912; 0.000000; 0.000000; 0.000000 \
#; -0.003190; -0.000167; 0.042863; 0.000000; 0.000000; 0.000000 \
#; -0.002762; 0.000169; 0.020926; 0.000000; 0.000000; 0.000000 \
#; 0.016645; -0.000084; -0.052264; 0.000000; 0.000000; 0.000000 \
#; -0.007160; 0.000147; -0.027404; 0.000000; 0.000000; 0.000000 \
# ]
#metaData: qpt=[0.000000;0.000000;0.000000;1.746605 \
#; -0.065849; -0.000204; 0.209757; 0.000000; 0.000000; 0.000000 \
#; 0.012014; -0.000099; 0.021579; 0.000000; 0.000000; 0.000000 \
#; -0.222348; -0.000449; 0.198729; 0.000000; 0.000000; 0.000000 \
#; -0.017600; -0.000280; 0.285607; 0.000000; 0.000000; 0.000000 \
#; -0.017363; 0.000028; 0.285884; 0.000000; 0.000000; 0.000000 \
#; -0.026215; -0.000478; -0.046791; 0.000000; 0.000000; 0.000000 \
#; -0.025891; 0.000322; -0.046829; 0.000000; 0.000000; 0.000000 \
#; 0.152951; -0.000113; 0.024341; 0.000000; 0.000000; 0.000000 \
#; -0.001587; -0.000048; 0.009871; 0.000000; 0.000000; 0.000000 \
#; 0.007279; 0.000033; -0.014547; 0.000000; 0.000000; 0.000000 \
#; 0.002968; 0.000064; -0.022546; 0.000000; 0.000000; 0.000000 \
#; -0.001507; 0.000020; -0.006824; 0.000000; 0.000000; 0.000000 \
# ]
#metaData: qpt=[0.000000;0.000000;0.000000;1.971986 \
#; -0.000362; -0.218021; -0.000016; 0.000000; 0.000000; 0.000000 \
#; -0.000639; -0.041190; 0.000228; 0.000000; 0.000000; 0.000000 \
#; -0.000005; -0.317047; 0.000117; 0.000000; 0.000000; 0.000000 \
#; -0.085852; -0.236202; -0.086012; 0.000000; 0.000000; 0.000000 \
#; 0.084914; -0.235911; 0.085654; 0.000000; 0.000000; 0.000000 \
#; -0.072512; -0.017622; -0.056095; 0.000000; 0.000000; 0.000000 \
#; 0.071433; -0.017469; 0.056807; 0.000000; 0.000000; 0.000000 \
#; -0.001007; 0.025570; 0.000169; 0.000000; 0.000000; 0.000000 \
#; 0.000129; -0.007992; -0.000260; 0.000000; 0.000000; 0.000000 \
#; 0.000046; 0.029583; 0.000488; 0.000000; 0.000000; 0.000000 \
#; 0.000049; 0.012093; -0.000071; 0.000000; 0.000000; 0.000000 \
#; -0.000176; 0.002897; -0.000021; 0.000000; 0.000000; 0.000000 \
# ]
#metaData: qpt=[0.000000;0.000000;0.000000;2.068097 \
#; -0.017511; 0.001611; 0.026993; 0.000000; 0.000000; 0.000000 \
#; -0.012340; 0.000328; 0.014670; 0.000000; 0.000000; 0.000000 \
#; -0.028418; 0.001877; 0.026259; 0.000000; 0.000000; 0.000000 \
#; -0.013616; 0.001886; 0.032591; 0.000000; 0.000000; 0.000000 \
#; -0.015129; 0.002038; 0.032060; 0.000000; 0.000000; 0.000000 \
#; -0.013367; 0.000041; 0.012436; 0.000000; 0.000000; 0.000000 \
#; -0.014574; 0.000003; 0.012056; 0.000000; 0.000000; 0.000000 \
#; -0.003312; 0.000127; 0.014872; 0.000000; 0.000000; 0.000000 \
#; 0.021104; -0.000001; -0.028635; 0.000000; 0.000000; 0.000000 \
#; 0.008227; -0.000242; 0.057631; 0.000000; 0.000000; 0.000000 \
#; 0.006193; -0.000022; -0.012530; 0.000000; 0.000000; 0.000000 \
#; -0.045155; 0.000029; -0.003556; 0.000000; 0.000000; 0.000000 \
# ]
#metaData: qpt=[0.000000;0.000000;0.000000;2.248395 \
#; -0.059748; 0.000555; 0.010895; 0.000000; 0.000000; 0.000000 \
#; -0.067174; 0.000118; 0.030157; 0.000000; 0.000000; 0.000000 \
#; -0.045015; 0.000543; 0.012013; 0.000000; 0.000000; 0.000000 \
#; -0.064181; 0.000817; 0.003371; 0.000000; 0.000000; 0.000000 \
#; -0.064791; 0.000631; 0.003362; 0.000000; 0.000000; 0.000000 \
#; -0.061964; -0.000498; 0.039338; 0.000000; 0.000000; 0.000000 \
#; -0.062455; 0.000441; 0.039369; 0.000000; 0.000000; 0.000000 \
#; -0.082803; 0.000159; 0.029656; 0.000000; 0.000000; 0.000000 \
#; -0.024309; 0.000064; -0.016287; 0.000000; 0.000000; 0.000000 \
#; 0.000215; -0.000062; 0.039943; 0.000000; 0.000000; 0.000000 \
#; -0.003748; -0.000134; -0.009359; 0.000000; 0.000000; 0.000000 \
#; 0.059319; 0.000009; -0.009360; 0.000000; 0.000000; 0.000000 \
# ]
#metaData: qpt=[0.000000;0.000000;0.000000;2.428563 \
#; -0.000174; -0.032067; 0.000124; 0.000000; 0.000000; 0.000000 \
#; -0.000119; -0.000676; -0.000037; 0.000000; 0.000000; 0.000000 \
#; -0.000281; -0.018984; 0.000099; 0.000000; 0.000000; 0.000000 \
#; -0.025548; -0.050569; 0.009597; 0.000000; 0.000000; 0.000000 \
#; 0.025300; -0.050575; -0.009190; 0.000000; 0.000000; 0.000000 \
#; -0.022000; 0.017992; 0.013925; 0.000000; 0.000000; 0.000000 \
#; 0.021697; 0.017992; -0.014119; 0.000000; 0.000000; 0.000000 \
#; -0.000016; -0.020239; -0.000026; 0.000000; 0.000000; 0.000000 \
#; 0.000050; 0.035138; 0.000008; 0.000000; 0.000000; 0.000000 \
#; 0.000061; 0.013700; -0.000021; 0.000000; 0.000000; 0.000000 \
#; 0.000049; -0.073885; 0.000008; 0.000000; 0.000000; 0.000000 \
#; -0.000155; 0.006752; -0.000009; 0.000000; 0.000000; 0.000000 \
# ]
#metaData: qpt=[0.000000;0.000000;0.000000;2.748667 \
#; 0.132193; -0.000438; 0.036980; 0.000000; 0.000000; 0.000000 \
#; 0.159254; -0.000019; -0.035162; 0.000000; 0.000000; 0.000000 \
#; 0.073681; -0.000267; 0.032700; 0.000000; 0.000000; 0.000000 \
#; 0.150266; -0.000884; 0.066157; 0.000000; 0.000000; 0.000000 \
#; 0.151032; -0.000474; 0.065884; 0.000000; 0.000000; 0.000000 \
#; 0.141727; 0.002984; -0.061124; 0.000000; 0.000000; 0.000000 \
#; 0.142337; -0.002598; -0.061412; 0.000000; 0.000000; 0.000000 \
#; 0.214308; -0.000225; -0.033042; 0.000000; 0.000000; 0.000000 \
#; -0.008459; 0.000049; -0.006093; 0.000000; 0.000000; 0.000000 \
#; -0.027260; 0.000055; 0.023345; 0.000000; 0.000000; 0.000000 \
#; -0.011443; -0.000059; -0.007920; 0.000000; 0.000000; 0.000000 \
#; 0.015490; -0.000021; -0.005169; 0.000000; 0.000000; 0.000000 \
# ]
#metaData: qpt=[0.000000;0.000000;0.000000;3.513822 \
#; 0.080521; 0.000001; 0.018081; 0.000000; 0.000000; 0.000000 \
#; 0.002139; 0.000809; 0.200852; 0.000000; 0.000000; 0.000000 \
#; 0.231179; -0.002814; 0.028687; 0.000000; 0.000000; 0.000000 \
#; 0.034701; 0.001259; -0.056955; 0.000000; 0.000000; 0.000000 \
#; 0.033711; 0.000895; -0.052281; 0.000000; 0.000000; 0.000000 \
#; 0.038524; 0.001248; 0.266366; 0.000000; 0.000000; 0.000000 \
#; 0.038088; -0.000629; 0.268987; 0.000000; 0.000000; 0.000000 \
#; -0.127000; 0.002491; 0.200169; 0.000000; 0.000000; 0.000000 \
#; 0.000806; 0.000026; 0.000644; 0.000000; 0.000000; 0.000000 \
#; 0.002044; -0.000115; -0.009649; 0.000000; 0.000000; 0.000000 \
#; -0.010574; -0.000064; -0.021414; 0.000000; 0.000000; 0.000000 \
#; -0.002623; 0.000028; 0.000930; 0.000000; 0.000000; 0.000000 \
# ]
#metaData: qpt=[0.000000;0.000000;0.000000;3.835422 \
#; -0.000171; 0.033003; -0.000059; 0.000000; 0.000000; 0.000000 \
#; 0.000183; -0.056310; -0.000879; 0.000000; 0.000000; 0.000000 \
#; -0.000762; -0.415079; 0.000355; 0.000000; 0.000000; 0.000000 \
#; 0.203225; 0.284004; -0.350843; 0.000000; 0.000000; 0.000000 \
#; -0.203422; 0.284563; 0.350847; 0.000000; 0.000000; 0.000000 \
#; 0.131677; -0.218718; -0.210838; 0.000000; 0.000000; 0.000000 \
#; -0.131528; -0.218416; 0.208618; 0.000000; 0.000000; 0.000000 \
#; 0.000666; 0.211259; -0.001099; 0.000000; 0.000000; 0.000000 \
#; 0.000002; 0.001720; 0.000015; 0.000000; 0.000000; 0.000000 \
#; -0.000056; 0.006426; -0.000014; 0.000000; 0.000000; 0.000000 \
#; 0.000020; -0.005406; 0.000085; 0.000000; 0.000000; 0.000000 \
#; 0.000030; -0.000161; 0.000030; 0.000000; 0.000000; 0.000000 \
# ]
#metaData: qpt=[0.000000;0.000000;0.000000;3.986128 \
#; -0.000317; -0.024104; 0.000000; 0.000000; 0.000000; 0.000000 \
#; -0.000092; 0.199198; -0.001133; 0.000000; 0.000000; 0.000000 \
#; -0.001034; -0.236142; 0.000185; 0.000000; 0.000000; 0.000000 \
#; -0.077199; -0.002306; -0.178422; 0.000000; 0.000000; 0.000000 \
#; 0.076961; -0.001795; 0.179039; 0.000000; 0.000000; 0.000000 \
#; -0.077478; 0.220355; -0.097233; 0.000000; 0.000000; 0.000000 \
#; 0.077002; 0.220550; 0.094298; 0.000000; 0.000000; 0.000000 \
#; 0.000387; 0.322865; -0.001208; 0.000000; 0.000000; 0.000000 \
#; 0.000004; 0.000143; 0.000010; 0.000000; 0.000000; 0.000000 \
#; -0.000013; -0.023459; 0.000009; 0.000000; 0.000000; 0.000000 \
#; 0.000031; -0.002491; 0.000104; 0.000000; 0.000000; 0.000000 \
#; 0.000027; 0.001854; 0.000021; 0.000000; 0.000000; 0.000000 \
# ]
#metaData: qpt=[0.000000;0.000000;0.000000;9.453227 \
#; -0.000039; 0.002987; -0.000075; 0.000000; 0.000000; 0.000000 \
#; -0.000011; -0.006416; 0.000007; 0.000000; 0.000000; 0.000000 \
#; 0.000198; -0.290942; 0.000177; 0.000000; 0.000000; 0.000000 \
#; 0.101397; 0.149991; -0.233425; 0.000000; 0.000000; 0.000000 \
#; -0.101609; 0.150244; 0.233009; 0.000000; 0.000000; 0.000000 \
#; -0.151649; 0.234570; 0.395747; 0.000000; 0.000000; 0.000000 \
#; 0.151439; 0.233889; -0.395997; 0.000000; 0.000000; 0.000000 \
#; 0.000227; -0.512386; 0.000475; 0.000000; 0.000000; 0.000000 \
#; -0.000001; -0.000015; 0.000000; 0.000000; 0.000000; 0.000000 \
#; 0.000002; 0.000583; 0.000007; 0.000000; 0.000000; 0.000000 \
#; 0.000003; 0.001700; 0.000004; 0.000000; 0.000000; 0.000000 \
#; 0.000002; -0.001557; -0.000005; 0.000000; 0.000000; 0.000000 \
# ]
#metaData: qpt=[0.000000;0.000000;0.000000;26.250402 \
#; -0.019939; 0.000021; 0.033883; 0.000000; 0.000000; 0.000000 \
#; -0.017903; 0.000072; 0.043236; 0.000000; 0.000000; 0.000000 \
#; 0.453288; 0.000255; 0.057530; 0.000000; 0.000000; 0.000000 \
#; -0.136661; 0.037859; -0.262987; 0.000000; 0.000000; 0.000000 \
#; -0.136588; -0.038493; -0.262872; 0.000000; 0.000000; 0.000000 \
#; -0.143068; -0.043264; -0.299638; 0.000000; 0.000000; 0.000000 \
#; -0.142995; 0.042555; -0.299502; 0.000000; 0.000000; 0.000000 \
#; 0.573650; 0.000159; 0.052937; 0.000000; 0.000000; 0.000000 \
#; -0.000067; -0.000000; 0.000018; 0.000000; 0.000000; 0.000000 \
#; 0.000014; -0.000001; 0.000291; 0.000000; 0.000000; 0.000000 \
#; 0.000220; -0.000001; -0.000077; 0.000000; 0.000000; 0.000000 \
#; 0.000024; -0.000001; -0.000165; 0.000000; 0.000000; 0.000000 \
# ]
#metaData: qpt=[0.000000;0.000000;0.000000;27.241542 \
#; 0.000055; -0.049000; 0.000066; 0.000000; 0.000000; 0.000000 \
#; -0.000002; -0.040370; 0.000033; 0.000000; 0.000000; 0.000000 \
#; -0.000026; 0.213123; -0.000182; 0.000000; 0.000000; 0.000000 \
#; 0.394294; 0.148289; 0.115062; 0.000000; 0.000000; 0.000000 \
#; -0.394363; 0.147652; -0.115351; 0.000000; 0.000000; 0.000000 \
#; -0.420082; 0.186271; -0.125923; 0.000000; 0.000000; 0.000000 \
#; 0.419878; 0.186793; 0.125486; 0.000000; 0.000000; 0.000000 \
#; -0.000192; 0.245252; -0.000262; 0.000000; 0.000000; 0.000000 \
#; 0.000000; 0.000020; -0.000000; 0.000000; 0.000000; 0.000000 \
#; -0.000001; -0.000038; -0.000000; 0.000000; 0.000000; 0.000000 \
#; -0.000000; -0.000101; -0.000000; 0.000000; 0.000000; 0.000000 \
#; -0.000000; 0.000245; 0.000000; 0.000000; 0.000000; 0.000000 \
# ]
#metaData: qpt=[0.000000;0.000000;0.000000;30.185591 \
#; -0.177001; -0.000199; -0.078026; 0.000000; 0.000000; 0.000000 \
#; 0.154999; 0.000169; 0.065433; 0.000000; 0.000000; 0.000000 \
#; -0.159146; -0.000205; -0.078303; 0.000000; 0.000000; 0.000000 \
#; -0.138880; 0.011579; -0.042271; 0.000000; 0.000000; 0.000000 \
#; -0.139164; -0.011673; -0.042265; 0.000000; 0.000000; 0.000000 \
#; 0.147169; 0.006001; 0.068189; 0.000000; 0.000000; 0.000000 \
#; 0.147151; -0.005765; 0.068580; 0.000000; 0.000000; 0.000000 \
#; 0.146790; 0.000211; 0.068175; 0.000000; 0.000000; 0.000000 \
#; -0.000016; -0.000000; -0.000003; 0.000000; 0.000000; 0.000000 \
#; -0.000227; 0.000000; -0.000002; 0.000000; 0.000000; 0.000000 \
#; -0.000165; 0.000002; -0.000105; 0.000000; 0.000000; 0.000000 \
#; 0.000031; -0.000003; -0.000060; 0.000000; 0.000000; 0.000000 \
# ]
#metaData: qpt=[0.000000;0.000000;0.000000;36.431980 \
#; 0.050994; -0.000119; -0.114648; 0.000000; 0.000000; 0.000000 \
#; -0.047390; 0.000121; 0.086188; 0.000000; 0.000000; 0.000000 \
#; -0.397658; -0.000294; -0.142802; 0.000000; 0.000000; 0.000000 \
#; 0.113071; -0.115790; 0.294460; 0.000000; 0.000000; 0.000000 \
#; 0.112650; 0.116521; 0.294117; 0.000000; 0.000000; 0.000000 \
#; -0.088714; -0.079144; -0.198790; 0.000000; 0.000000; 0.000000 \
#; -0.088851; 0.078605; -0.198744; 0.000000; 0.000000; 0.000000 \
#; 0.385649; 0.000002; 0.099621; 0.000000; 0.000000; 0.000000 \
#; -0.000011; 0.000000; -0.000006; 0.000000; 0.000000; 0.000000 \
#; 0.000007; -0.000001; 0.000117; 0.000000; 0.000000; 0.000000 \
#; 0.000101; -0.000000; 0.000075; 0.000000; 0.000000; 0.000000 \
#; 0.000027; -0.000000; -0.000019; 0.000000; 0.000000; 0.000000 \
# ]
#metaData: qpt=[0.000000;0.000000;0.000000;36.977443 \
#; 0.000046; -0.120892; 0.000166; 0.000000; 0.000000; 0.000000 \
#; -0.000084; 0.099941; -0.000153; 0.000000; 0.000000; 0.000000 \
#; 0.000095; 0.290620; -0.000224; 0.000000; 0.000000; 0.000000 \
#; 0.364418; 0.087386; 0.020682; 0.000000; 0.000000; 0.000000 \
#; -0.364298; 0.086751; -0.020953; 0.000000; 0.000000; 0.000000 \
#; 0.345296; -0.096244; 0.052884; 0.000000; 0.000000; 0.000000 \
#; -0.345043; -0.096517; -0.052380; 0.000000; 0.000000; 0.000000 \
#; 0.000064; -0.225311; 0.000172; 0.000000; 0.000000; 0.000000 \
#; -0.000000; 0.000003; -0.000000; 0.000000; 0.000000; 0.000000 \
#; 0.000000; 0.000039; -0.000000; 0.000000; 0.000000; 0.000000 \
#; 0.000000; 0.000036; 0.000000; 0.000000; 0.000000; 0.000000 \
#; 0.000000; -0.000040; -0.000000; 0.000000; 0.000000; 0.000000 \
# ]
#metaData: qpt=[0.000000;0.000000;0.000000;41.324347 \
#; -0.098690; -0.000031; -0.044920; 0.000000; 0.000000; 0.000000 \
#; -0.007730; 0.000020; -0.006031; 0.000000; 0.000000; 0.000000 \
#; 0.581828; -0.000456; 0.007663; 0.000000; 0.000000; 0.000000 \
#; 0.368308; 0.134434; 0.319242; 0.000000; 0.000000; 0.000000 \
#; 0.368289; -0.133557; 0.318715; 0.000000; 0.000000; 0.000000 \
#; -0.007285; -0.010097; -0.007343; 0.000000; 0.000000; 0.000000 \
#; -0.007226; 0.010041; -0.006913; 0.000000; 0.000000; 0.000000 \
#; -0.028036; -0.000181; -0.014546; 0.000000; 0.000000; 0.000000 \
#; 0.000016; -0.000000; -0.000013; 0.000000; 0.000000; 0.000000 \
#; -0.000012; -0.000000; 0.000009; 0.000000; 0.000000; 0.000000 \
#; 0.000032; 0.000001; -0.000037; 0.000000; 0.000000; 0.000000 \
#; 0.000014; -0.000002; 0.000067; 0.000000; 0.000000; 0.000000 \
# ]
#metaData: qpt=[0.000000;0.000000;0.000000;42.508893 \
#; -0.000084; -0.036435; -0.000037; 0.000000; 0.000000; 0.000000 \
#; 0.000070; -0.029324; 0.000067; 0.000000; 0.000000; 0.000000 \
#; 0.000208; 0.663261; -0.000613; 0.000000; 0.000000; 0.000000 \
#; -0.189482; 0.046168; -0.466880; 0.000000; 0.000000; 0.000000 \
#; 0.190061; 0.047173; 0.467525; 0.000000; 0.000000; 0.000000 \
#; -0.057953; 0.008518; 0.013060; 0.000000; 0.000000; 0.000000 \
#; 0.057502; 0.008296; -0.013615; 0.000000; 0.000000; 0.000000 \
#; -0.000341; 0.065843; -0.000014; 0.000000; 0.000000; 0.000000 \
#; 0.000000; -0.000005; 0.000000; 0.000000; 0.000000; 0.000000 \
#; 0.000000; 0.000029; 0.000000; 0.000000; 0.000000; 0.000000 \
#; -0.000000; -0.000035; -0.000000; 0.000000; 0.000000; 0.000000 \
#; 0.000000; 0.000033; 0.000000; 0.000000; 0.000000; 0.000000 \
# ]
#metaData: qpt=[0.000000;0.000000;0.000000;42.721772 \
#; 0.025418; -0.000028; -0.030108; 0.000000; 0.000000; 0.000000 \
#; 0.022347; -0.000004; -0.020104; 0.000000; 0.000000; 0.000000 \
#; 0.371991; 0.000096; 0.010546; 0.000000; 0.000000; 0.000000 \
#; -0.408893; -0.372242; 0.309727; 0.000000; 0.000000; 0.000000 \
#; -0.409477; 0.372437; 0.308827; 0.000000; 0.000000; 0.000000 \
#; -0.043119; 0.058945; 0.020798; 0.000000; 0.000000; 0.000000 \
#; -0.043277; -0.058940; 0.020666; 0.000000; 0.000000; 0.000000 \
#; -0.082987; 0.000059; -0.026567; 0.000000; 0.000000; 0.000000 \
#; -0.000010; 0.000000; -0.000018; 0.000000; 0.000000; 0.000000 \
#; 0.000037; 0.000000; -0.000026; 0.000000; 0.000000; 0.000000 \
#; -0.000018; -0.000000; 0.000006; 0.000000; 0.000000; 0.000000 \
#; 0.000015; 0.000000; 0.000004; 0.000000; 0.000000; 0.000000 \
# ]
#metaData: qpt=[0.000000;0.000000;0.000000;43.880484 \
#; -0.001237; 0.000010; -0.001379; 0.000000; 0.000000; 0.000000 \
#; -0.086210; -0.000110; -0.054698; 0.000000; 0.000000; 0.000000 \
#; 0.046684; 0.000385; 0.002778; 0.000000; 0.000000; 0.000000 \
#; -0.037693; -0.029489; 0.023460; 0.000000; 0.000000; 0.000000 \
#; -0.037276; 0.029550; 0.024052; 0.000000; 0.000000; 0.000000 \
#; 0.357036; -0.115507; 0.366468; 0.000000; 0.000000; 0.000000 \
#; 0.357422; 0.116512; 0.367005; 0.000000; 0.000000; 0.000000 \
#; 0.536542; -0.000047; -0.018148; 0.000000; 0.000000; 0.000000 \
#; -0.000028; -0.000000; -0.000004; 0.000000; 0.000000; 0.000000 \
#; -0.000130; 0.000001; -0.000145; 0.000000; 0.000000; 0.000000 \
#; 0.000074; 0.000000; 0.000269; 0.000000; 0.000000; 0.000000 \
#; 0.000021; -0.000001; -0.000031; 0.000000; 0.000000; 0.000000 \
# ]
#metaData: qpt=[0.000000;0.000000;0.000000;46.226177 \
#; 0.004202; -0.000016; -0.013520; 0.000000; 0.000000; 0.000000 \
#; 0.026687; -0.000024; -0.032684; 0.000000; 0.000000; 0.000000 \
#; -0.058791; -0.000066; -0.023311; 0.000000; 0.000000; 0.000000 \
#; 0.059581; 0.025564; -0.005093; 0.000000; 0.000000; 0.000000 \
#; 0.059579; -0.025515; -0.005063; 0.000000; 0.000000; 0.000000 \
#; -0.411418; 0.395919; 0.318001; 0.000000; 0.000000; 0.000000 \
#; -0.411212; -0.395586; 0.318899; 0.000000; 0.000000; 0.000000 \
#; 0.313195; 0.000204; -0.003332; 0.000000; 0.000000; 0.000000 \
#; 0.000006; -0.000000; 0.000008; 0.000000; 0.000000; 0.000000 \
#; 0.000230; 0.000000; -0.000116; 0.000000; 0.000000; 0.000000 \
#; 0.000015; 0.000000; 0.000199; 0.000000; 0.000000; 0.000000 \
#; -0.000031; -0.000000; 0.000024; 0.000000; 0.000000; 0.000000 \
# ]
#metaData: qpt=[0.000000;0.000000;0.000000;46.708187 \
#; -0.000051; -0.016372; -0.000018; 0.000000; 0.000000; 0.000000 \
#; -0.000050; -0.041513; 0.000041; 0.000000; 0.000000; 0.000000 \
#; 0.000088; -0.020886; 0.000054; 0.000000; 0.000000; 0.000000 \
#; 0.050523; -0.004083; 0.031343; 0.000000; 0.000000; 0.000000 \
#; -0.050109; -0.004277; -0.031246; 0.000000; 0.000000; 0.000000 \
#; 0.167540; 0.049521; 0.468462; 0.000000; 0.000000; 0.000000 \
#; -0.167049; 0.048558; -0.468437; 0.000000; 0.000000; 0.000000 \
#; 0.000347; 0.676614; -0.000602; 0.000000; 0.000000; 0.000000 \
#; 0.000000; -0.000015; 0.000000; 0.000000; 0.000000; 0.000000 \
#; 0.000000; 0.000120; 0.000000; 0.000000; 0.000000; 0.000000 \
#; -0.000001; -0.000040; 0.000000; 0.000000; 0.000000; 0.000000 \
#; -0.000000; 0.000155; 0.000000; 0.000000; 0.000000; 0.000000 \
# ]
#metaData: qpt=[0.000000;0.000000;0.000000;89.052900 \
#; 0.043923; 0.000012; 0.014339; 0.000000; 0.000000; 0.000000 \
#; -0.003553; -0.000023; -0.000214; 0.000000; 0.000000; 0.000000 \
#; 0.040633; -0.000494; -0.531046; 0.000000; 0.000000; 0.000000 \
#; -0.277114; 0.479363; 0.181274; 0.000000; 0.000000; 0.000000 \
#; -0.276489; -0.479075; 0.182198; 0.000000; 0.000000; 0.000000 \
#; 0.020239; 0.034866; -0.013394; 0.000000; 0.000000; 0.000000 \
#; 0.020030; -0.034590; -0.013213; 0.000000; 0.000000; 0.000000 \
#; -0.002148; 0.000158; 0.025845; 0.000000; 0.000000; 0.000000 \
#; -0.000002; 0.000000; -0.000002; 0.000000; 0.000000; 0.000000 \
#; -0.000001; 0.000000; -0.000003; 0.000000; 0.000000; 0.000000 \
#; 0.000006; 0.000001; 0.000002; 0.000000; 0.000000; 0.000000 \
#; 0.000005; -0.000001; 0.000007; 0.000000; 0.000000; 0.000000 \
# ]
#metaData: qpt=[0.000000;0.000000;0.000000;91.943166 \
#; -0.000021; -0.086701; 0.000192; 0.000000; 0.000000; 0.000000 \
#; -0.000199; 0.024333; 0.000064; 0.000000; 0.000000; 0.000000 \
#; 0.000083; -0.016253; -0.000913; 0.000000; 0.000000; 0.000000 \
#; -0.305237; 0.519499; 0.205008; 0.000000; 0.000000; 0.000000 \
#; 0.305430; 0.520568; -0.206377; 0.000000; 0.000000; 0.000000 \
#; -0.096600; -0.161834; 0.066570; 0.000000; 0.000000; 0.000000 \
#; 0.099370; -0.166225; -0.067789; 0.000000; 0.000000; 0.000000 \
#; -0.000051; 0.007263; 0.000339; 0.000000; 0.000000; 0.000000 \
#; -0.000000; -0.000000; 0.000000; 0.000000; 0.000000; 0.000000 \
#; 0.000000; -0.000067; -0.000000; 0.000000; 0.000000; 0.000000 \
#; -0.000000; 0.000000; -0.000000; 0.000000; 0.000000; 0.000000 \
#; -0.000000; 0.000003; -0.000000; 0.000000; 0.000000; 0.000000 \
# ]
#metaData: qpt=[0.000000;0.000000;0.000000;92.156495 \
#; 0.031715; 0.000009; -0.082268; 0.000000; 0.000000; 0.000000 \
#; -0.010866; 0.000352; 0.008351; 0.000000; 0.000000; 0.000000 \
#; -0.057060; 0.000723; 0.781450; 0.000000; 0.000000; 0.000000 \
#; -0.158856; 0.290837; 0.096428; 0.000000; 0.000000; 0.000000 \
#; -0.159153; -0.291703; 0.097274; 0.000000; 0.000000; 0.000000 \
#; 0.068456; 0.119347; -0.043579; 0.000000; 0.000000; 0.000000 \
#; 0.071562; -0.124115; -0.045167; 0.000000; 0.000000; 0.000000 \
#; 0.007417; 0.000033; -0.022422; 0.000000; 0.000000; 0.000000 \
#; -0.000002; -0.000000; 0.000002; 0.000000; 0.000000; 0.000000 \
#; 0.000015; -0.000001; 0.000001; 0.000000; 0.000000; 0.000000 \
#; -0.000010; -0.000000; -0.000005; 0.000000; 0.000000; 0.000000 \
#; 0.000004; 0.000000; 0.000003; 0.000000; 0.000000; 0.000000 \
# ]
#metaData: qpt=[0.000000;0.000000;0.000000;92.526383 \
#; -0.010945; 0.001494; 0.015838; 0.000000; 0.000000; 0.000000 \
#; -0.047612; 0.003112; 0.018375; 0.000000; 0.000000; 0.000000 \
#; 0.012866; 0.000103; -0.133354; 0.000000; 0.000000; 0.000000 \
#; 0.064553; -0.100198; -0.032712; 0.000000; 0.000000; 0.000000 \
#; 0.053238; 0.082011; -0.026064; 0.000000; 0.000000; 0.000000 \
#; 0.318781; 0.519906; -0.190532; 0.000000; 0.000000; 0.000000 \
#; 0.346364; -0.562495; -0.205871; 0.000000; 0.000000; 0.000000 \
#; -0.012663; 0.000792; 0.144037; 0.000000; 0.000000; 0.000000 \
#; -0.000005; -0.000000; 0.000004; 0.000000; 0.000000; 0.000000 \
#; 0.000080; -0.000010; 0.000013; 0.000000; 0.000000; 0.000000 \
#; -0.000008; -0.000001; -0.000010; 0.000000; 0.000000; 0.000000 \
#; 0.000008; 0.000001; -0.000007; 0.000000; 0.000000; 0.000000 \
# ]
#metaData: qpt=[0.000000;0.000000;0.000000;92.808252 \
#; 0.000320; 0.026299; -0.000333; 0.000000; 0.000000; 0.000000 \
#; 0.002053; 0.075183; -0.000893; 0.000000; 0.000000; 0.000000 \
#; -0.000275; 0.003982; 0.002038; 0.000000; 0.000000; 0.000000 \
#; 0.100201; -0.160671; -0.060492; 0.000000; 0.000000; 0.000000 \
#; -0.103819; -0.166166; 0.062579; 0.000000; 0.000000; 0.000000 \
#; -0.342138; -0.536628; 0.208864; 0.000000; 0.000000; 0.000000 \
#; 0.313558; -0.489612; -0.190445; 0.000000; 0.000000; 0.000000 \
#; 0.000517; 0.020398; -0.006129; 0.000000; 0.000000; 0.000000 \
#; 0.000000; -0.000003; -0.000000; 0.000000; 0.000000; 0.000000 \
#; -0.000003; -0.000230; -0.000001; 0.000000; 0.000000; 0.000000 \
#; 0.000000; -0.000001; 0.000000; 0.000000; 0.000000; 0.000000 \
#; -0.000000; 0.000002; 0.000000; 0.000000; 0.000000; 0.000000 \
# ]
#metaData: qpt=[0.000000;0.000000;0.000000;95.883146 \
#; -0.000366; 0.000020; 0.004171; 0.000000; 0.000000; 0.000000 \
#; -0.007991; 0.000059; 0.070714; 0.000000; 0.000000; 0.000000 \
#; -0.004847; -0.000050; -0.055151; 0.000000; 0.000000; 0.000000 \
#; 0.005041; -0.008112; -0.003648; 0.000000; 0.000000; 0.000000 \
#; 0.004902; 0.007867; -0.003504; 0.000000; 0.000000; 0.000000 \
#; 0.038834; 0.069505; -0.007113; 0.000000; 0.000000; 0.000000 \
#; 0.038757; -0.069340; -0.006882; 0.000000; 0.000000; 0.000000 \
#; 0.039065; -0.000876; -0.950787; 0.000000; 0.000000; 0.000000 \
#; -0.000001; 0.000000; -0.000002; 0.000000; 0.000000; 0.000000 \
#; 0.000029; -0.000000; -0.000003; 0.000000; 0.000000; 0.000000 \
#; -0.000080; 0.000001; -0.000038; 0.000000; 0.000000; 0.000000 \
#; 0.000002; -0.000001; 0.000001; 0.000000; 0.000000; 0.000000 \
# ]
