# File: 1    
# 1       0.0000000000000000   0.0212132034355964   0.0212132034355964
  -0.0000000000   -0.0589113900   -0.0589113900
  -0.0000000000    0.0227469200    0.0227469200
   0.0191247400    0.0002351600    0.0036159100
  -0.0191247400    0.0036159100    0.0002351600
   0.0191247400    0.0036159100    0.0002351600
  -0.0191247400    0.0002351600    0.0036159100
  -0.0000000000   -0.0155103100   -0.0155103100
  -0.0000000000    0.0305167300    0.0305167300
  -0.0000128000   -0.0012940100   -0.0012940100
  -0.0001498000    0.0003217000    0.0003217000
  -0.0000000000    0.0088473200    0.0003324100
  -0.0000000000    0.0002981600    0.0059226300
  -0.0000000000    0.0003324100    0.0088473200
  -0.0000000000    0.0059226300    0.0002981600
   0.0001498000    0.0003217000    0.0003217000
   0.0000128000   -0.0012940100   -0.0012940100
# File: 2    
# 9       0.0000000000000000   0.0212132034355964   0.0212132034355964
   0.0000456300   -0.0012842100   -0.0012842100
  -0.0000327400    0.0003178500    0.0003178500
   0.0000000000    0.0059009800    0.0003701900
   0.0000000000    0.0002410400    0.0088451000
   0.0000000000    0.0003701900    0.0059009800
   0.0000000000    0.0088451000    0.0002410400
   0.0000327400    0.0003178500    0.0003178500
  -0.0000456300   -0.0012842100   -0.0012842100
   0.0000000000   -0.0697325800   -0.0697325800
   0.0000000000    0.0094245800    0.0094245800
   0.0052475900    0.0016816400    0.0041667400
  -0.0052475900    0.0041667400    0.0016816400
   0.0052475900    0.0041667400    0.0016816400
  -0.0052475900    0.0016816400    0.0041667400
   0.0000000000   -0.0010816900   -0.0010816900
   0.0000000000    0.0362683500    0.0362683500
