# File: 3    
# 1       0.0000000000000000   0.0212132034355964   0.0212132034355964
# 1       0.0212132034355964   0.0000000000000000   0.0212132034355964
  -0.0588291900   -0.0588291900   -0.1184146200
   0.0002266400    0.0418667900    0.0263580800
   0.0418667900    0.0002266400    0.0263580800
  -0.0154955600   -0.0154955600    0.0004709800
   0.0227245900    0.0227245900    0.0004624800
  -0.0346235800    0.0002355100   -0.0118864400
   0.0002355100   -0.0346235800   -0.0118864400
   0.0304727900    0.0304727900    0.0609587900
  -0.0013177400   -0.0013177400   -0.0025955800
   0.0085473000    0.0003364400    0.0006783100
   0.0003364400    0.0085473000    0.0006783100
   0.0002642000    0.0002642000    0.0090827900
   0.0003318600    0.0003318600    0.0210932200
   0.0003000200    0.0062237700    0.0006053000
   0.0062237700    0.0003000200    0.0006053000
  -0.0012638300   -0.0012638300   -0.0025685400
# File: 4    
# 1       0.0000000000000000   0.0212132034355964   0.0212132034355964
# 1      -0.0212132034355964   0.0000000000000000  -0.0212132034355964
   0.0589128100   -0.0589128100    0.0000000000
  -0.0002357600    0.0036160700    0.0191264900
  -0.0036160700    0.0002357600   -0.0191264900
  -0.0227484600    0.0227484600    0.0000000000
   0.0155120800   -0.0155120800    0.0000000000
  -0.0036160700    0.0002357600    0.0191264900
  -0.0002357600    0.0036160700   -0.0191264900
  -0.0305194500    0.0305194500    0.0000000000
   0.0012940100   -0.0012940100    0.0000135700
  -0.0059215200    0.0002971200    0.0000000000
  -0.0003333200    0.0088452000    0.0000000000
  -0.0003221000    0.0003221000    0.0001494000
  -0.0003221000    0.0003221000   -0.0001494000
  -0.0002971200    0.0059215200    0.0000000000
  -0.0088452000    0.0003333200    0.0000000000
   0.0012940100   -0.0012940100   -0.0000135700
# File: 5    
# 1       0.0000000000000000   0.0212132034355964   0.0212132034355964
# 2       0.0212132034355964   0.0000000000000000   0.0212132034355964
   0.0002319400   -0.0397905300   -0.0552895400
  -0.0589173600    0.0227300100   -0.0361761100
   0.0227397900   -0.0188900400    0.0038510100
   0.0036215600    0.0036140000    0.0229816900
   0.0036122700    0.0036153500   -0.0152762800
  -0.0155102600    0.0193580200    0.0038497300
   0.0305162200   -0.0155150800    0.0150031900
   0.0002344300    0.0113868300    0.0341345300
   0.0088724400   -0.0013041800   -0.0009710300
  -0.0014066000    0.0003148400   -0.0009653500
   0.0002751500    0.0086986300    0.0064655700
   0.0003466400    0.0002057500    0.0062394000
   0.0002998200    0.0004349400    0.0091712100
   0.0003614500    0.0060876300    0.0089429200
  -0.0011791000    0.0003324300   -0.0009776800
   0.0059016100   -0.0012785900   -0.0009832700
# File: 6    
# 1       0.0000000000000000   0.0212132034355964   0.0212132034355964
# 2      -0.0212132034355964   0.0000000000000000  -0.0212132034355964
  -0.0002306800   -0.0780406700   -0.0625228000
   0.0588943600    0.0227546200    0.0816566600
   0.0155073400    0.0193577400    0.0033820100
  -0.0418702800    0.0036152000   -0.0225094600
   0.0346331000    0.0036174500    0.0157429100
  -0.0227388700   -0.0188875000    0.0033791900
  -0.0305163200   -0.0155063800   -0.0460278000
  -0.0002334100    0.0496412400    0.0269009400
  -0.0059677000   -0.0012805700   -0.0015772600
   0.0011079300    0.0003016600    0.0016099500
  -0.0003070500    0.0090000700   -0.0087157000
  -0.0003470600    0.0000947100    0.0055997800
  -0.0002971700    0.0005348000    0.0085167800
  -0.0003199200    0.0057631300   -0.0054168900
   0.0014787500    0.0003396900    0.0016203900
  -0.0087930300   -0.0013051900   -0.0016387200
# File: 7    
# 1       0.0000000000000000   0.0212132034355964   0.0212132034355964
# 3       0.0000000000000000   0.0212132034355964   0.0212132034355964
   0.0191162000   -0.0586792500   -0.0552897700
  -0.0191235200    0.0263607400    0.0229793900
   0.0191162000   -0.0586792500   -0.0552897700
  -0.0191235200    0.0263607400    0.0229793900
   0.0191233200   -0.0118954200   -0.0152749100
  -0.0191238600    0.0307474300    0.0341315300
   0.0191233200   -0.0118954200   -0.0152749100
  -0.0191238600    0.0307474300    0.0341315300
  -0.0000196300    0.0075499900   -0.0009586300
  -0.0001272100    0.0006558400    0.0062716700
  -0.0000196300    0.0075499900   -0.0009586300
  -0.0001272100    0.0006558400    0.0062716700
   0.0001335700    0.0006205100    0.0091356100
   0.0000211300    0.0046401700   -0.0009948900
   0.0001335700    0.0006205100    0.0091356100
   0.0000211300    0.0046401700   -0.0009948900
# File: 8    
# 1       0.0000000000000000   0.0212132034355964   0.0212132034355964
# 3       0.0000000000000000  -0.0212132034355964  -0.0212132034355964
  -0.0191181600   -0.0591426300   -0.0625172800
   0.0191226500    0.0191313000    0.0225105800
   0.0191181600    0.0591426300    0.0625172800
  -0.0191226500   -0.0191313000   -0.0225105800
   0.0191243500    0.0191258100    0.0157446700
  -0.0191239800   -0.0302816700   -0.0269039100
  -0.0191243500   -0.0191258100   -0.0157446700
   0.0191239800    0.0302816700    0.0269039100
  -0.0000054800   -0.0072071200   -0.0015899800
  -0.0001689300   -0.0000474900   -0.0085498300
  -0.0000076200    0.0101449100    0.0016267500
  -0.0001684500   -0.0000608500    0.0055665100
   0.0001689300    0.0000474900    0.0085498300
   0.0000054800    0.0072071200    0.0015899800
   0.0001684500    0.0000608500   -0.0055665100
   0.0000076200   -0.0101449100   -0.0016267500
# File: 9    
# 1       0.0000000000000000   0.0212132034355964   0.0212132034355964
# 3       0.0212132034355964   0.0000000000000000   0.0212132034355964
   0.0227283800   -0.0589142600   -0.0361746000
   0.0036142300    0.0036215800    0.0229800700
  -0.0397895300    0.0002324300   -0.0552864900
  -0.0188878200    0.0227383700    0.0038513000
   0.0193566100   -0.0155082800    0.0038503700
   0.0113878900    0.0002346200    0.0341336100
   0.0036153400    0.0036125000   -0.0152740900
  -0.0155131300    0.0305156000    0.0150042500
   0.0003153000   -0.0014056800   -0.0009655100
   0.0002057400    0.0003481100    0.0062372500
  -0.0013034500    0.0088686700   -0.0009703900
   0.0086964400    0.0002756500    0.0064637200
   0.0060848000    0.0003618000    0.0089399700
  -0.0012789200    0.0058995000   -0.0009822900
   0.0004361800    0.0002983400    0.0091687300
   0.0003319500   -0.0011789800   -0.0009759100
# File: 10   
# 1       0.0000000000000000   0.0212132034355964   0.0212132034355964
# 3      -0.0212132034355964   0.0000000000000000  -0.0212132034355964
  -0.0227555500   -0.0588942500   -0.0816578700
  -0.0036154100    0.0418715700    0.0225093400
   0.0780419100    0.0002305400    0.0625237900
  -0.0193576300   -0.0155084300   -0.0033818300
   0.0188873800    0.0227397800   -0.0033792800
  -0.0496424500    0.0002335700   -0.0269020200
  -0.0036174400   -0.0346344000   -0.0157429000
   0.0155074200    0.0305160700    0.0460289300
  -0.0003391800   -0.0014788300   -0.0016205000
  -0.0005349300    0.0002972900   -0.0085166600
   0.0013052900    0.0087930400    0.0016385200
  -0.0057636400    0.0003199500    0.0054171800
  -0.0089998300    0.0003066700    0.0087158700
   0.0012805100    0.0059680900    0.0015774400
  -0.0000946300    0.0003470500   -0.0056000300
  -0.0003018300   -0.0011077100   -0.0016099800
# File: 11   
# 1       0.0000000000000000   0.0212132034355964   0.0212132034355964
# 3       0.0212132034355964   0.0212132034355964   0.0000000000000000
   0.0036137300   -0.0586885900   -0.0397976400
  -0.0155128200    0.0072345900    0.0227464800
  -0.0397976400   -0.0586885900    0.0036137300
  -0.0188899800    0.0072309600    0.0193587500
   0.0193587500    0.0072309600   -0.0188899800
   0.0113879600    0.0307499600    0.0036149000
   0.0227464800    0.0072345900   -0.0155128200
   0.0036149000    0.0307499600    0.0113879600
   0.0003167600    0.0075927500   -0.0012943200
   0.0001870500    0.0006437100    0.0004577200
  -0.0012943200    0.0075927500    0.0003167600
   0.0086595100    0.0006343600    0.0061248000
   0.0061248000    0.0006343600    0.0086595100
  -0.0012908300    0.0046022700    0.0003179400
   0.0004577200    0.0006437100    0.0001870500
   0.0003179400    0.0046022700   -0.0012908300
# File: 12   
# 1       0.0000000000000000   0.0212132034355964   0.0212132034355964
# 3      -0.0212132034355964  -0.0212132034355964   0.0000000000000000
  -0.0036152900   -0.0591360800   -0.0780313800
   0.0155072000    0.0382561200    0.0227456000
   0.0780313800    0.0591360800    0.0036152900
  -0.0193577100   -0.0000016200   -0.0188869900
   0.0188869900    0.0000016200    0.0193577100
  -0.0496414000   -0.0302799300    0.0036144400
  -0.0227456000   -0.0382561200   -0.0155072000
  -0.0036144400    0.0302799300    0.0496414000
  -0.0003039400   -0.0072469900   -0.0012915500
  -0.0004862000    0.0000000000    0.0004862000
   0.0012953500    0.0101048400    0.0003237400
  -0.0057259800    0.0000000000    0.0057259800
  -0.0090393400    0.0000000000    0.0090393400
   0.0012915500    0.0072469900    0.0003039400
  -0.0001588400    0.0000000000    0.0001588400
  -0.0003237400   -0.0101048400   -0.0012953500
# File: 13   
# 1       0.0000000000000000   0.0212132034355964   0.0212132034355964
# 7       0.0212132034355964   0.0000000000000000   0.0212132034355964
   0.0002349300   -0.0780326900   -0.0552843100
   0.0305144300    0.0227413400    0.0532634900
   0.0227374200    0.0193577900    0.0038525500
  -0.0346330500    0.0036133000   -0.0152734300
   0.0418693000    0.0036158900    0.0229798700
  -0.0155070600   -0.0188883600    0.0038489800
  -0.0589018100   -0.0155085000   -0.0744125800
   0.0002356900    0.0496394400    0.0341301100
   0.0059468100   -0.0012983100   -0.0010017900
  -0.0014823600    0.0003379900   -0.0009690700
   0.0002958800    0.0090603300    0.0093399400
   0.0003579500    0.0004430500    0.0062844600
   0.0002866100    0.0001904500    0.0091202200
   0.0003313500    0.0057083900    0.0060498700
  -0.0011035700    0.0003077900   -0.0009729900
   0.0088174700   -0.0012878900   -0.0009553200
# File: 14   
# 1       0.0000000000000000   0.0212132034355964   0.0212132034355964
# 7      -0.0212132034355964   0.0000000000000000  -0.0212132034355964
  -0.0002352300   -0.0397933700   -0.0625223000
  -0.0305186600    0.0227498200   -0.0077685200
   0.0155095400   -0.0188895800    0.0033810500
  -0.0036137700    0.0036154300    0.0157470700
  -0.0036216200    0.0036161800   -0.0225119600
  -0.0227409400    0.0193596600    0.0033800900
   0.0589158000   -0.0155010500    0.0434033500
  -0.0002346400    0.0113894800    0.0269052600
  -0.0089004600   -0.0012897100   -0.0016231000
   0.0011830200    0.0003329200    0.0016140500
  -0.0002627100    0.0086356800   -0.0057583000
  -0.0003581900    0.0004478300    0.0055552200
  -0.0002839600    0.0001744300    0.0085680900
  -0.0003705000    0.0061403600   -0.0083886600
   0.0014024600    0.0003110000    0.0016161400
  -0.0058701200   -0.0012990800   -0.0015974700
# File: 15   
# 1       0.0000000000000000   0.0212132034355964   0.0212132034355964
# 8       0.0212132034355964   0.0000000000000000   0.0212132034355964
   0.0304890600   -0.0589426000   -0.0284593300
   0.0002334100    0.0036203100    0.0263648400
   0.0036125100    0.0002341200   -0.0118995100
  -0.0155119600    0.0227413400    0.0004680400
   0.0227413400   -0.0155119600    0.0004680400
   0.0036203100    0.0002334100    0.0263648400
   0.0002341200    0.0036125100   -0.0118995100
  -0.0589426000    0.0304890600   -0.0284593300
  -0.0013042000   -0.0012769100   -0.0025818300
   0.0057905800    0.0004612600    0.0007633300
   0.0001912800    0.0090138700    0.0005296000
   0.0004770300    0.0001708900    0.0148148500
   0.0001708900    0.0004770300    0.0148148500
   0.0004612600    0.0057905800    0.0007633300
   0.0090138700    0.0001912800    0.0005296000
  -0.0012769100   -0.0013042000   -0.0025818300
# File: 16   
# 1       0.0000000000000000   0.0212132034355964   0.0212132034355964
# 8      -0.0212132034355964   0.0000000000000000  -0.0212132034355964
  -0.0305024900   -0.0588964900   -0.0894198100
  -0.0002353800    0.0418749500    0.0191281500
   0.0346376800    0.0002358800    0.0191220900
  -0.0227377100   -0.0155065000   -0.0000002800
   0.0155065000    0.0227377100    0.0000002800
  -0.0418749500    0.0002353800   -0.0191281500
  -0.0002358800   -0.0346376800   -0.0191220900
   0.0588964900    0.0305024900    0.0894198100
   0.0012805600   -0.0012805600    0.0000000000
  -0.0089959600    0.0001884000   -0.0001449900
  -0.0001884000    0.0089959600    0.0001449900
  -0.0004298800    0.0004298800    0.0000000000
  -0.0001959700    0.0001959700    0.0000000000
  -0.0004587300    0.0057727500   -0.0001613200
  -0.0057727500    0.0004587300    0.0001613200
   0.0013068700   -0.0013068700    0.0000000000
# File: 17   
# 1       0.0000000000000000   0.0212132034355964   0.0212132034355964
# 9       0.0212132034355964   0.0000000000000000   0.0212132034355964
  -0.0012962700   -0.0588787800   -0.0602053800
   0.0058864800    0.0227790000    0.0231556500
   0.0194446600    0.0001905300    0.0039386000
  -0.0188520000    0.0036193700    0.0090750200
   0.0195392600    0.0036151700    0.0061219000
  -0.0188051500    0.0002614800    0.0039310100
   0.0088372400   -0.0154663700   -0.0152322100
  -0.0012834400    0.0304754200    0.0292296600
  -0.0697032100   -0.0012519300   -0.0709844600
   0.0015188100    0.0055725100    0.0044918800
   0.0093578800    0.0088280600    0.0096918500
   0.0041937000   -0.0049897500    0.0075890800
   0.0041437200    0.0055410800    0.0105285700
  -0.0010962500    0.0059185700   -0.0007993300
   0.0018300500   -0.0049220800    0.0044911900
   0.0362845200   -0.0012922700    0.0349769800
# File: 18   
# 1       0.0000000000000000   0.0212132034355964   0.0212132034355964
# 9      -0.0212132034355964   0.0000000000000000  -0.0212132034355964
   0.0012950900   -0.0588588300   -0.0576205000
  -0.0088335200    0.0227083600    0.0224739700
   0.0188002200    0.0002142400    0.0032921800
  -0.0195346300    0.0036111600   -0.0056687900
   0.0188464700    0.0036153600   -0.0086012900
  -0.0194409400    0.0002698700    0.0032982800
  -0.0058981500   -0.0155501000   -0.0159267300
   0.0012813500    0.0304742300    0.0317940500
   0.0696885700   -0.0013298200    0.0684144000
  -0.0018147000   -0.0049299500   -0.0038498600
  -0.0093610800    0.0088638400   -0.0090276900
  -0.0041966100    0.0055845200    0.0042637100
  -0.0041448900   -0.0048756800    0.0071734500
   0.0010936000    0.0059265300    0.0013911800
  -0.0015279100    0.0055669700   -0.0038499900
  -0.0362528500   -0.0012906900   -0.0375563700
# File: 19   
# 1       0.0000000000000000   0.0212132034355964   0.0212132034355964
# 9       0.0000000000000000   0.0212132034355964   0.0212132034355964
   0.0000127200   -0.0601948200   -0.0601948200
  -0.0000565500    0.0230653100    0.0230653100
   0.0191643200    0.0061281600    0.0039929600
  -0.0190849700    0.0038477800    0.0090870100
   0.0191643200    0.0039929600    0.0061281600
  -0.0190849700    0.0090870100    0.0038477800
   0.0000211700   -0.0151934800   -0.0151934800
  -0.0000396000    0.0292337200    0.0292337200
   0.0000648500   -0.0710280900   -0.0710280900
  -0.0001766600    0.0097461000    0.0097461000
   0.0052107500    0.0105305200    0.0044728600
  -0.0052830600    0.0044892900    0.0076023500
   0.0052107500    0.0044728600    0.0105305200
  -0.0052830600    0.0076023500    0.0044892900
   0.0001471600   -0.0007598900   -0.0007598900
   0.0000128300    0.0349802100    0.0349802100
# File: 20   
# 1       0.0000000000000000   0.0212132034355964   0.0212132034355964
# 9       0.0000000000000000  -0.0212132034355964  -0.0212132034355964
   0.0000662900   -0.0576365300   -0.0576365300
  -0.0000073400    0.0224271900    0.0224271900
   0.0190841800   -0.0086077100    0.0033780700
  -0.0191634400    0.0032394000   -0.0056827900
   0.0190841800    0.0033780700   -0.0086077100
  -0.0191634400   -0.0056827900    0.0032394000
   0.0000417800   -0.0158310700   -0.0158310700
  -0.0000398100    0.0317930600    0.0317930600
  -0.0000920700    0.0684558900    0.0684558900
  -0.0001216800   -0.0091047900   -0.0091047900
  -0.0052111000    0.0071726600   -0.0038108900
   0.0052837500   -0.0038954000    0.0042543300
  -0.0052111000   -0.0038108900    0.0071726600
   0.0052837500    0.0042543300   -0.0038954000
   0.0001532400    0.0014003500    0.0014003500
   0.0000128300   -0.0375517800   -0.0375517800
# File: 21   
# 1       0.0000000000000000   0.0212132034355964   0.0212132034355964
# 10      0.0212132034355964   0.0000000000000000   0.0212132034355964
   0.0059366600   -0.0590515800   -0.0586692400
  -0.0012785500    0.0228219700    0.0214979700
   0.0193543200    0.0002332300    0.0125074100
  -0.0188347400    0.0035828400    0.0005379800
   0.0194599400    0.0037056100    0.0005480500
  -0.0187955800    0.0002161300    0.0095226500
  -0.0012813700   -0.0155887700   -0.0168324200
   0.0089853800    0.0305101800    0.0307464200
   0.0016684500    0.0039444700    0.0028645500
  -0.0698230800    0.0003799700   -0.0693536600
   0.0040866000    0.0035492500    0.0020546700
   0.0095037900    0.0003306500    0.0152904200
  -0.0011317100    0.0003454200    0.0076657900
   0.0042180400    0.0110703500    0.0019884600
   0.0362406900    0.0004867900    0.0367559500
   0.0016911700   -0.0065365100    0.0028750000
# File: 22   
# 1       0.0000000000000000   0.0212132034355964   0.0212132034355964
# 10     -0.0212132034355964   0.0000000000000000  -0.0212132034355964
  -0.0088471300   -0.0587508300   -0.0589884600
   0.0012767400    0.0227439400    0.0239894300
   0.0187382200    0.0002330600   -0.0023354100
  -0.0194098900    0.0035887900   -0.0000671500
   0.0187833300    0.0035828600   -0.0000799600
  -0.0193101800    0.0002541700   -0.0052318000
   0.0012810200   -0.0155066000   -0.0141835400
  -0.0060511200    0.0305053500    0.0301247700
  -0.0016949600   -0.0065275000   -0.0054488200
   0.0694701600    0.0002424100    0.0699748300
  -0.0040845900    0.0141514400   -0.0013862800
  -0.0094876800    0.0002639600   -0.0034413100
   0.0011457300    0.0003206700    0.0100353600
  -0.0042142400    0.0007845100   -0.0013924900
  -0.0359318100    0.0001598900   -0.0361082900
  -0.0016635900    0.0039538600   -0.0054608800
# File: 23   
# 1       0.0000000000000000   0.0212132034355964   0.0212132034355964
# 10      0.0000000000000000   0.0212132034355964   0.0212132034355964
   0.0000058900   -0.0585878300   -0.0585878300
   0.0000493800    0.0214644400    0.0214644400
   0.0190942000    0.0004840600    0.0125080000
  -0.0191526600    0.0094656400    0.0005963000
   0.0190942000    0.0125080000    0.0004840600
  -0.0191526600    0.0005963000    0.0094656400
  -0.0000358100   -0.0167939300   -0.0167939300
   0.0003011300    0.0308352800    0.0308352800
  -0.0000124300    0.0081339300    0.0081339300
  -0.0000076300   -0.0694122800   -0.0694122800
  -0.0052506200    0.0130135500    0.0020124000
   0.0052453200    0.0019766600    0.0100848500
  -0.0052506200    0.0020124000    0.0130135500
   0.0052453200    0.0100848500    0.0019766600
  -0.0001801700    0.0365901800    0.0365901800
   0.0000071700   -0.0023712500   -0.0023712500
# File: 24   
# 1       0.0000000000000000   0.0212132034355964   0.0212132034355964
# 10      0.0000000000000000  -0.0212132034355964  -0.0212132034355964
  -0.0000687500   -0.0592387500   -0.0592387500
   0.0000283700    0.0240282100    0.0240282100
   0.0191540500   -0.0001577900   -0.0023364900
  -0.0190953000   -0.0051766500    0.0000145700
   0.0191540500   -0.0023364900   -0.0001577900
  -0.0190953000    0.0000145700   -0.0051766500
  -0.0000428700   -0.0142308700   -0.0142308700
  -0.0002385000    0.0301900400    0.0301900400
  -0.0000148300   -0.0107176100   -0.0107176100
  -0.0002899400    0.0700664900    0.0700664900
   0.0052500300    0.0046761200   -0.0013453400
  -0.0052445400   -0.0013784000    0.0017584300
   0.0052500300   -0.0013453400    0.0046761200
  -0.0052445400    0.0017584300   -0.0013784000
   0.0004796500   -0.0359415200   -0.0359415200
   0.0000183900   -0.0002104300   -0.0002104300
# File: 25   
# 1       0.0000000000000000   0.0212132034355964   0.0212132034355964
# 11      0.0212132034355964   0.0000000000000000   0.0212132034355964
   0.0003295200   -0.0589172300   -0.0585765700
   0.0002069900    0.0226959700    0.0317936400
   0.0178301000    0.0002789700    0.0023207400
  -0.0130625400    0.0036384500    0.0005732300
   0.0281860200    0.0035812700    0.0004465200
  -0.0204034500    0.0001970700    0.0023357300
   0.0003423700   -0.0155027100   -0.0094399000
   0.0001838500    0.0306751500    0.0307022700
   0.0093486300   -0.0012934100    0.0080673500
   0.0039763500   -0.0049322900    0.0020035300
  -0.0697598800    0.0089262700   -0.0694228900
   0.0016781300    0.0055418200    0.0100459100
   0.0017078200   -0.0048995300    0.0129196700
   0.0362639700    0.0057597100    0.0365636100
   0.0042240900    0.0055457100    0.0020265700
  -0.0010519700   -0.0012952300   -0.0023594200
# File: 26   
# 1       0.0000000000000000   0.0212132034355964   0.0212132034355964
# 11     -0.0212132034355964   0.0000000000000000  -0.0212132034355964
  -0.0003322700   -0.0589284600   -0.0592471200
  -0.0003561600    0.0227950800    0.0166333600
   0.0204185400    0.0002668700    0.0049098700
  -0.0281210800    0.0035922700    0.0000432900
   0.0129988300    0.0036479400   -0.0001243300
  -0.0178468100    0.0001924700    0.0048929400
  -0.0001965700   -0.0155185600   -0.0245172700
  -0.0001881700    0.0303942200    0.0303260400
  -0.0093711700   -0.0012897800   -0.0106520100
  -0.0042764500    0.0055714300   -0.0013575100
   0.0697624700    0.0087556800    0.0700962200
  -0.0016783700   -0.0049500500    0.0017977100
  -0.0017061200    0.0055598200    0.0047708400
  -0.0362649600    0.0061034200   -0.0359637300
  -0.0039229600   -0.0049042200   -0.0013812500
   0.0010812600   -0.0012881300   -0.0002270500
# File: 27   
# 1       0.0000000000000000   0.0212132034355964   0.0212132034355964
# 11      0.0000000000000000   0.0212132034355964   0.0212132034355964
   0.0000000000   -0.0498884900   -0.0586416400
   0.0000000000    0.0229281700    0.0316338400
   0.0191934500   -0.0010506400    0.0023259500
  -0.0190007200    0.0039068700    0.0005134600
   0.0190007200    0.0039068700    0.0005134600
  -0.0191934500   -0.0010506400    0.0023259500
   0.0000000000   -0.0151707400   -0.0092354900
   0.0000000000    0.0394952400    0.0306169400
   0.0051883800    0.0003966900    0.0028421900
  -0.0054530600    0.0044526600    0.0020426600
   0.0000000000   -0.0637376100   -0.0693554600
   0.0000000000    0.0097650100    0.0152985600
   0.0000000000   -0.0008162400    0.0075033000
   0.0000000000    0.0420135200    0.0367314100
   0.0054530600    0.0044526600    0.0020426600
  -0.0051883800    0.0003966900    0.0028421900
# File: 28   
# 1       0.0000000000000000   0.0212132034355964   0.0212132034355964
# 11      0.0000000000000000  -0.0212132034355964  -0.0212132034355964
   0.0000000000   -0.0711158100   -0.0589842100
   0.0000000000    0.0224062600    0.0167764900
   0.0191285700    0.0015147000    0.0049027400
  -0.0192981800    0.0033228100   -0.0000436000
   0.0192981800    0.0033228100   -0.0000436000
  -0.0191285700    0.0015147000    0.0049027400
   0.0000000000   -0.0157065800   -0.0247354500
   0.0000000000    0.0244172700    0.0302453100
  -0.0052138000   -0.0029745600   -0.0054269500
   0.0051508200   -0.0038041000   -0.0013934500
   0.0000000000    0.0816561900    0.0699834000
   0.0000000000   -0.0091592500   -0.0034501200
   0.0000000000    0.0014967900    0.0101997000
   0.0000000000   -0.0301125700   -0.0361126100
  -0.0051508200   -0.0038041000   -0.0013934500
   0.0052138000   -0.0029745600   -0.0054269500
# File: 29   
# 1       0.0000000000000000   0.0212132034355964   0.0212132034355964
# 12      0.0212132034355964   0.0000000000000000   0.0212132034355964
   0.0002252400   -0.0587490000   -0.0531116400
   0.0003423300    0.0228702500    0.0230579200
   0.0250186400    0.0002347000    0.0040407000
  -0.0203649500    0.0036480500   -0.0010426800
   0.0178039000    0.0035876800   -0.0010465400
  -0.0106558500    0.0002542100    0.0038405900
   0.0003545000   -0.0156889200   -0.0151462300
   0.0005106400    0.0305167300    0.0364146400
   0.0041711500   -0.0065743200    0.0003845100
   0.0092553000    0.0002795800    0.0097740800
   0.0016812300    0.0140916700    0.0044582500
  -0.0696989400    0.0002289900   -0.0608990500
   0.0362732100    0.0001626100    0.0451005000
   0.0016580900    0.0008271900    0.0045454900
  -0.0007886700    0.0003092400   -0.0007480900
   0.0042141900    0.0040013400    0.0003775400
# File: 30   
# 1       0.0000000000000000   0.0212132034355964   0.0212132034355964
# 12     -0.0212132034355964   0.0000000000000000  -0.0212132034355964
  -0.0003413500   -0.0590551300   -0.0620272400
  -0.0003443300    0.0225492000    0.0224294200
   0.0102629800    0.0002316900    0.0033311300
  -0.0178811300    0.0036617700    0.0015072400
   0.0204374900    0.0035635300    0.0015102200
  -0.0246608300    0.0002162000    0.0032482500
  -0.0003532000   -0.0152605200   -0.0158708300
  -0.0003766700    0.0304990400    0.0216199300
  -0.0041980000    0.0039888900   -0.0029620000
  -0.0095559300    0.0003642500   -0.0091355300
  -0.0016771100    0.0036123200   -0.0037895300
   0.0696939600    0.0003463000    0.0730159100
  -0.0362530500    0.0005050000   -0.0273621100
  -0.0016541300    0.0110244000   -0.0039500500
   0.0010887800    0.0003351600    0.0013909000
  -0.0041874900   -0.0065821000   -0.0029557000
# File: 31   
# 1       0.0000000000000000   0.0212132034355964   0.0212132034355964
# 12      0.0000000000000000   0.0212132034355964   0.0212132034355964
   0.0000000000   -0.0585188100   -0.0531283700
   0.0000000000    0.0285910400    0.0231680100
   0.0192455800    0.0005933600    0.0039586300
  -0.0190554700    0.0023368000   -0.0010478900
   0.0190554700    0.0023368000   -0.0010478900
  -0.0192455800    0.0005933600    0.0039586300
   0.0000000000   -0.0070509300   -0.0152342900
   0.0000000000    0.0310294000    0.0362811100
  -0.0053086100    0.0029041600    0.0003810000
   0.0050435300    0.0019664700    0.0045240600
   0.0000000000    0.0183034100    0.0097156300
   0.0000000000   -0.0694661500   -0.0609788700
   0.0000000000    0.0364360800    0.0452636100
   0.0000000000    0.0050743800   -0.0007184300
  -0.0050435300    0.0019664700    0.0045240600
   0.0053086100    0.0029041600    0.0003810000
# File: 32   
# 1       0.0000000000000000   0.0212132034355964   0.0212132034355964
# 12      0.0000000000000000  -0.0212132034355964  -0.0212132034355964
   0.0000000000   -0.0593990200   -0.0619853600
   0.0000000000    0.0139344500    0.0224541200
   0.0189267700   -0.0001229300    0.0032712700
  -0.0191111200    0.0048917800    0.0015121500
   0.0191111200    0.0048917800    0.0015121500
  -0.0189267700   -0.0001229300    0.0032712700
   0.0000000000   -0.0210361300   -0.0159293200
   0.0000000000    0.0301218200    0.0217472000
   0.0052805600   -0.0054895200   -0.0029576700
  -0.0053399200   -0.0013158200   -0.0038754500
   0.0000000000   -0.0006115300   -0.0090392800
   0.0000000000    0.0700341800    0.0730452800
   0.0000000000   -0.0357467400   -0.0275182000
   0.0000000000    0.0067759400    0.0013249700
   0.0053399200   -0.0013158200   -0.0038754500
  -0.0052805600   -0.0054895200   -0.0029576700
# File: 33   
# 9       0.0000000000000000   0.0212132034355964   0.0212132034355964
# 1       0.0212132034355964   0.0000000000000000   0.0212132034355964
  -0.0588829200   -0.0012954000   -0.0602084600
   0.0001899400    0.0194473200    0.0039379900
   0.0227813900    0.0058873000    0.0231582600
   0.0036194800   -0.0188552600    0.0090760500
   0.0036147000    0.0195421100    0.0061226000
  -0.0154692200    0.0088383800   -0.0152354900
   0.0002611800   -0.0188079700    0.0039311300
   0.0304773400   -0.0012832800    0.0292319400
  -0.0012516500   -0.0697086000   -0.0709901700
   0.0088301800    0.0093579700    0.0096935500
   0.0055720100    0.0015177100    0.0044927000
  -0.0049913300    0.0041947700    0.0075906600
   0.0055422100    0.0041436500    0.0105303000
  -0.0049221100    0.0018296200    0.0044919800
   0.0059212400   -0.0010942300   -0.0007997300
  -0.0012924500    0.0362859000    0.0349766800
# File: 34   
# 9       0.0000000000000000   0.0212132034355964   0.0212132034355964
# 1      -0.0212132034355964   0.0000000000000000  -0.0212132034355964
   0.0589648500   -0.0012683000    0.0576481700
  -0.0002526300   -0.0188118200   -0.0033030600
  -0.0227810000    0.0059161500   -0.0224041500
  -0.0036184900    0.0193242800    0.0086181700
  -0.0036152900   -0.0187877000    0.0056870200
   0.0154711000    0.0088496300    0.0157051800
  -0.0001970800    0.0194449000   -0.0032947100
  -0.0305538000   -0.0012816800   -0.0317947800
   0.0012520000   -0.0697928100   -0.0684927200
  -0.0059155700    0.0094908200    0.0091957200
   0.0049242800    0.0015396500    0.0038452200
  -0.0055426000    0.0041398900   -0.0071576600
   0.0049920700    0.0041913200   -0.0042521900
  -0.0055718400    0.0018300600    0.0038439000
  -0.0088472300   -0.0010646100   -0.0013998600
   0.0012912400    0.0362802300    0.0375557500
# File: 35   
# 9       0.0000000000000000   0.0212132034355964   0.0212132034355964
# 1       0.0000000000000000   0.0212132034355964   0.0212132034355964
   0.0000127200   -0.0601948200   -0.0601948200
  -0.0000565500    0.0230653100    0.0230653100
   0.0191643200    0.0061281600    0.0039929600
  -0.0190849700    0.0038477800    0.0090870100
   0.0191643200    0.0039929600    0.0061281600
  -0.0190849700    0.0090870100    0.0038477800
   0.0000211700   -0.0151934800   -0.0151934800
  -0.0000396000    0.0292337200    0.0292337200
   0.0000648500   -0.0710280900   -0.0710280900
  -0.0001766600    0.0097461000    0.0097461000
   0.0052107500    0.0105305200    0.0044728600
  -0.0052830600    0.0044892900    0.0076023500
   0.0052107500    0.0044728600    0.0105305200
  -0.0052830600    0.0076023500    0.0044892900
   0.0001471600   -0.0007598900   -0.0007598900
   0.0000128300    0.0349802100    0.0349802100
# File: 36   
# 9       0.0000000000000000   0.0212132034355964   0.0212132034355964
# 1       0.0000000000000000  -0.0212132034355964  -0.0212132034355964
   0.0000656900    0.0576375100    0.0576375100
  -0.0000059000   -0.0224281300   -0.0224281300
  -0.0191643100    0.0056832300   -0.0032395000
   0.0190848100   -0.0033783400    0.0086072200
  -0.0191643100   -0.0032395000    0.0056832300
   0.0190848100    0.0086072200   -0.0033783400
   0.0000414500    0.0158317200    0.0158317200
  -0.0000395400   -0.0317934900   -0.0317934900
  -0.0000926700   -0.0684571800   -0.0684571800
  -0.0001282600    0.0091055800    0.0091055800
   0.0052853300   -0.0042571400    0.0038970200
  -0.0052092900    0.0038096100   -0.0071719500
   0.0052853300    0.0038970200   -0.0042571400
  -0.0052092900   -0.0071719500    0.0038096100
   0.0001532700   -0.0013998700   -0.0013998700
   0.0000128700    0.0375537300    0.0375537300
# File: 37   
# 9       0.0000000000000000   0.0212132034355964   0.0212132034355964
# 2       0.0212132034355964   0.0000000000000000   0.0212132034355964
   0.0002794000    0.0178296600    0.0023203100
  -0.0589169000    0.0003296100   -0.0585760900
   0.0036389500   -0.0130641500    0.0005735500
   0.0226965400    0.0002070100    0.0317933100
  -0.0155025800    0.0003426000   -0.0094412000
   0.0035816500    0.0281854500    0.0004467200
   0.0306772000    0.0001837500    0.0307038200
   0.0001977500   -0.0204043100    0.0023355100
   0.0089229600   -0.0697537700   -0.0694164400
  -0.0012925500    0.0093478100    0.0080674700
   0.0055426200    0.0016799800    0.0100420700
  -0.0049319600    0.0039758100    0.0020033500
   0.0055453700    0.0042232700    0.0020282700
  -0.0048991800    0.0017071500    0.0129155900
  -0.0012955200   -0.0010539200   -0.0023597400
   0.0057562300    0.0362640500    0.0365634900
# File: 38   
# 9       0.0000000000000000   0.0212132034355964   0.0212132034355964
# 2      -0.0212132034355964   0.0000000000000000  -0.0212132034355964
  -0.0001990900   -0.0203932600   -0.0048849300
   0.0588328600    0.0002952700    0.0592095600
  -0.0036389400    0.0248690700    0.0001788100
  -0.0226895900    0.0002630600   -0.0141028900
   0.0155074000    0.0004107300    0.0212452700
  -0.0035789700   -0.0104882100    0.0000237700
  -0.0306012700    0.0004581700   -0.0300558200
  -0.0002747300    0.0178354800   -0.0049036800
  -0.0059753100   -0.0697005200   -0.0699969500
   0.0012849500    0.0094752800    0.0107834900
   0.0049138300    0.0016776500   -0.0046378800
  -0.0055655800    0.0040549700    0.0013591400
   0.0049515700    0.0044022000    0.0013286800
  -0.0055631200    0.0016566600   -0.0016716300
   0.0012945900   -0.0010815700    0.0001976800
  -0.0086986100    0.0362650100    0.0359273800
# File: 39   
# 9       0.0000000000000000   0.0212132034355964   0.0212132034355964
# 2       0.0000000000000000   0.0212132034355964   0.0212132034355964
   0.0000490600    0.0214658700    0.0214658700
   0.0000061100   -0.0585894000   -0.0585894000
  -0.0191540100    0.0094655000    0.0005961100
   0.0190955200    0.0004838500    0.0125081500
  -0.0191540100    0.0005961100    0.0094655000
   0.0190955200    0.0125081500    0.0004838500
   0.0003014400    0.0308361500    0.0308361500
  -0.0000359400   -0.0167949200   -0.0167949200
  -0.0000083700   -0.0694135400   -0.0694135400
  -0.0000118900    0.0081348300    0.0081348300
   0.0052452200    0.0019743100    0.0100837200
  -0.0052502200    0.0130166600    0.0020133200
   0.0052452200    0.0100837200    0.0019743100
  -0.0052502200    0.0020133200    0.0130166600
   0.0000081700   -0.0023718200   -0.0023718200
  -0.0001815900    0.0365912100    0.0365912100
# File: 40   
# 9       0.0000000000000000   0.0212132034355964   0.0212132034355964
# 2       0.0000000000000000  -0.0212132034355964  -0.0212132034355964
   0.0000293700   -0.0240274000   -0.0240274000
  -0.0000688300    0.0592381000    0.0592381000
   0.0191530000    0.0023365200    0.0001574700
  -0.0190946400   -0.0000143300    0.0051764000
   0.0191530000    0.0001574700    0.0023365200
  -0.0190946400    0.0051764000   -0.0000143300
  -0.0002383500   -0.0301892200   -0.0301892200
  -0.0000429900    0.0142300500    0.0142300500
  -0.0002907500   -0.0700664300   -0.0700664300
  -0.0000210700    0.0107167100    0.0107167100
   0.0052512700    0.0013411700   -0.0046768100
  -0.0052423800   -0.0017585700    0.0013816600
   0.0052512700   -0.0046768100    0.0013411700
  -0.0052423800    0.0013816600   -0.0017585700
   0.0000197100    0.0002119900    0.0002119900
   0.0004784000    0.0359427000    0.0359427000
# File: 41   
# 9       0.0000000000000000   0.0212132034355964   0.0212132034355964
# 3       0.0212132034355964   0.0000000000000000   0.0212132034355964
   0.0228222100   -0.0012782500    0.0214989000
   0.0035827900   -0.0188354600    0.0005377100
  -0.0590524500    0.0059365400   -0.0586695700
   0.0002336000    0.0193544800    0.0125075400
   0.0002160700   -0.0187957000    0.0095228700
   0.0305109300    0.0089852000    0.0307465400
   0.0037055700    0.0194605300    0.0005480700
  -0.0155889200   -0.0012813800   -0.0168330400
   0.0003817400   -0.0698223500   -0.0693540900
   0.0003297200    0.0095042200    0.0152912100
   0.0039442400    0.0016671000    0.0028639700
   0.0035481100    0.0040875500    0.0020552800
   0.0110712700    0.0042169900    0.0019878300
  -0.0065373800    0.0016914000    0.0028762500
   0.0003470600   -0.0011323400    0.0076641800
   0.0004854000    0.0362414700    0.0367563400
# File: 42   
# 9       0.0000000000000000   0.0212132034355964   0.0212132034355964
# 3      -0.0212132034355964   0.0000000000000000  -0.0212132034355964
  -0.0227406500   -0.0012866700   -0.0240636500
  -0.0036486200    0.0194717800    0.0000973800
   0.0590543800    0.0058730300    0.0594336100
  -0.0002326400   -0.0188842100    0.0051803700
  -0.0002161800    0.0195505000    0.0022745000
  -0.0305077100    0.0087243200   -0.0302698900
  -0.0036383600   -0.0188228000    0.0000879800
   0.0155111900   -0.0012842300    0.0142671900
  -0.0003826100   -0.0699205600   -0.0701215900
  -0.0003790100    0.0093397800    0.0006340800
   0.0065523600    0.0016621700    0.0054741900
  -0.0111203900    0.0042417500    0.0013450500
  -0.0034962600    0.0041107900    0.0013289700
  -0.0039567000    0.0016962300    0.0054598100
  -0.0003089400   -0.0010341600   -0.0069072700
  -0.0004898500    0.0365622900    0.0357792800
# File: 43   
# 9       0.0000000000000000   0.0212132034355964   0.0212132034355964
# 3       0.0000000000000000   0.0212132034355964   0.0212132034355964
   0.0191947800   -0.0010506300    0.0023260200
  -0.0190010000    0.0039066500    0.0005131100
   0.0000000000   -0.0498888100   -0.0586432600
   0.0000000000    0.0229298100    0.0316345500
   0.0000000000   -0.0151716800   -0.0092352900
   0.0000000000    0.0394956300    0.0306181600
   0.0190010000    0.0039066500    0.0005131100
  -0.0191947800   -0.0010506300    0.0023260200
   0.0000000000   -0.0637362700   -0.0693576600
   0.0000000000    0.0097644400    0.0152975800
   0.0051892300    0.0003967900    0.0028432200
  -0.0054525400    0.0044534000    0.0020428600
   0.0054525400    0.0044534000    0.0020428600
  -0.0051892300    0.0003967900    0.0028432200
   0.0000000000   -0.0008175400    0.0075046300
   0.0000000000    0.0420120000    0.0367308500
# File: 44   
# 9       0.0000000000000000   0.0212132034355964   0.0212132034355964
# 3       0.0000000000000000  -0.0212132034355964  -0.0212132034355964
  -0.0191097700   -0.0015112100   -0.0048910000
   0.0189266400   -0.0032707900    0.0001232100
   0.0000000000    0.0619866900    0.0593984100
   0.0000000000   -0.0224518600   -0.0139325200
   0.0000000000    0.0159285500    0.0210376200
   0.0000000000   -0.0217445100   -0.0301190800
  -0.0189266400   -0.0032707900    0.0001232100
   0.0191097700   -0.0015112100   -0.0048910000
   0.0000000000   -0.0730535200   -0.0700426000
   0.0000000000    0.0090392400    0.0006077200
   0.0052808900    0.0029582500    0.0054913200
  -0.0053390600    0.0038764200    0.0013164000
   0.0053390600    0.0038764200    0.0013164000
  -0.0052808900    0.0029582500    0.0054913200
   0.0000000000   -0.0013256500   -0.0067775300
   0.0000000000    0.0275157300    0.0357481100
# File: 45   
# 9       0.0000000000000000   0.0212132034355964   0.0212132034355964
# 4       0.0212132034355964   0.0000000000000000   0.0212132034355964
   0.0036477600   -0.0203671900   -0.0010422700
   0.0228727500    0.0003421500    0.0230604600
   0.0002342500    0.0250224200    0.0040405100
  -0.0587529100    0.0002251200   -0.0531142900
   0.0305184000    0.0005105100    0.0364176500
   0.0002539000   -0.0106575600    0.0038403600
  -0.0156918700    0.0003545500   -0.0151491200
   0.0035875700    0.0178072300   -0.0010463600
   0.0002299100   -0.0697049200   -0.0609022900
   0.0002788800    0.0092555200    0.0097759900
   0.0140942200    0.0016800200    0.0044583700
  -0.0065758700    0.0041725000    0.0003835000
   0.0040023100    0.0042139300    0.0003762100
   0.0008292400    0.0016577000    0.0045466200
   0.0003094900   -0.0007869100   -0.0007486900
   0.0001619600    0.0362749300    0.0451033400
# File: 46   
# 9       0.0000000000000000   0.0212132034355964   0.0212132034355964
# 4      -0.0212132034355964   0.0000000000000000  -0.0212132034355964
  -0.0035701700    0.0177991200   -0.0015216900
  -0.0229268800    0.0002948700   -0.0224249300
  -0.0002320500   -0.0132072100   -0.0032870300
   0.0587533300    0.0002308200    0.0711306100
  -0.0305018500    0.0002497200   -0.0245652400
  -0.0002545400    0.0283442800   -0.0033744800
   0.0157529400    0.0002810200    0.0157841700
  -0.0036636000   -0.0203714100   -0.0015175100
  -0.0002364100   -0.0697473400   -0.0817668100
  -0.0002867300    0.0092898400    0.0090720700
  -0.0006836400    0.0016776300    0.0039091800
  -0.0039217200    0.0041333800    0.0029738100
   0.0064923500    0.0041486900    0.0029777100
  -0.0142714100    0.0017059200    0.0037392100
  -0.0003091400   -0.0010836000   -0.0014186700
  -0.0001404600    0.0362542800    0.0302896000
# File: 47   
# 9       0.0000000000000000   0.0212132034355964   0.0212132034355964
# 4       0.0000000000000000   0.0212132034355964   0.0212132034355964
  -0.0190572100    0.0023371900   -0.0010476000
   0.0192481700    0.0005931600    0.0039582100
  -0.0000000000    0.0285946100    0.0231696000
  -0.0000000000   -0.0585215200   -0.0531306200
  -0.0000000000    0.0310305400    0.0362841700
  -0.0000000000   -0.0070523700   -0.0152363900
  -0.0192481700    0.0005931600    0.0039582100
   0.0190572100    0.0023371900   -0.0010476000
  -0.0000000000   -0.0694719400   -0.0609846800
  -0.0000000000    0.0183063400    0.0097161000
   0.0050442200    0.0019658700    0.0045255600
  -0.0053084500    0.0029045500    0.0003799100
   0.0053084500    0.0029045500    0.0003799100
  -0.0050442200    0.0019658700    0.0045255600
  -0.0000000000    0.0050762800   -0.0007170100
  -0.0000000000    0.0364364800    0.0452666900
# File: 48   
# 9       0.0000000000000000   0.0212132034355964   0.0212132034355964
# 4       0.0000000000000000  -0.0212132034355964  -0.0212132034355964
   0.0191314800   -0.0049020700   -0.0015138500
  -0.0192999000    0.0000438500   -0.0033230100
   0.0000000000   -0.0167769800   -0.0224092700
   0.0000000000    0.0589881500    0.0711200500
   0.0000000000   -0.0302467800   -0.0244166800
   0.0000000000    0.0247383100    0.0157093600
   0.0192999000    0.0000438500   -0.0033230100
  -0.0191314800   -0.0049020700   -0.0015138500
   0.0000000000   -0.0699884800   -0.0816666400
   0.0000000000    0.0034485500    0.0091601400
   0.0051514000    0.0013932400    0.0038062000
  -0.0052135200    0.0054282600    0.0029743900
   0.0052135200    0.0054282600    0.0029743900
  -0.0051514000    0.0013932400    0.0038062000
   0.0000000000   -0.0102024300   -0.0014955700
   0.0000000000    0.0361130900    0.0301111600
# File: 49   
# 9       0.0000000000000000   0.0212132034355964   0.0212132034355964
# 9       0.0212132034355964   0.0000000000000000   0.0212132034355964
  -0.0011987000   -0.0011987000   -0.0025193000
   0.0058273700    0.0003810000    0.0007575800
   0.0003810000    0.0058273700    0.0007575800
   0.0001286600    0.0001286600    0.0208805300
   0.0004154700    0.0004154700    0.0091587100
   0.0002368500    0.0088948900    0.0004764300
   0.0088948900    0.0002368500    0.0004764300
  -0.0013585800   -0.0013585800   -0.0025958400
  -0.0695942900   -0.0695942900   -0.1399206200
   0.0016666000    0.0146789200    0.0135997100
   0.0146789200    0.0016666000    0.0135997100
  -0.0010771800   -0.0010771800    0.0033511600
   0.0094145700    0.0094145700    0.0033426600
  -0.0063179100    0.0016758700    0.0030794300
   0.0016758700   -0.0063179100    0.0030794300
   0.0362264600    0.0362264600    0.0724763900
# File: 50   
# 9       0.0000000000000000   0.0212132034355964   0.0212132034355964
# 9      -0.0212132034355964   0.0000000000000000  -0.0212132034355964
   0.0012840700   -0.0012840700   -0.0000393800
  -0.0088419800    0.0002345500    0.0000000000
  -0.0003767700    0.0059038900    0.0000000000
  -0.0003178600    0.0003178600    0.0000296300
  -0.0003178600    0.0003178600   -0.0000296300
  -0.0002345500    0.0088419800    0.0000000000
  -0.0059038900    0.0003767700    0.0000000000
   0.0012840700   -0.0012840700    0.0000393800
   0.0697336300   -0.0697336300    0.0000000000
  -0.0016835000    0.0041668300    0.0052475200
  -0.0041668300    0.0016835000   -0.0052475200
  -0.0094212300    0.0094212300    0.0000000000
   0.0010817100   -0.0010817100    0.0000000000
  -0.0041668300    0.0016835000    0.0052475200
  -0.0016835000    0.0041668300   -0.0052475200
  -0.0362686900    0.0362686900    0.0000000000
# File: 51   
# 9       0.0000000000000000   0.0212132034355964   0.0212132034355964
# 10      0.0212132034355964   0.0000000000000000   0.0212132034355964
   0.0058750500   -0.0012899200   -0.0009191600
  -0.0013800900    0.0003610200   -0.0009673000
   0.0002755700    0.0059226200    0.0091684700
   0.0002840200    0.0001333100    0.0091908300
   0.0003528400    0.0004914800    0.0061836300
   0.0003398200    0.0088331600    0.0061976600
  -0.0011845500    0.0002778100   -0.0009624700
   0.0088731200   -0.0012749000   -0.0010370700
   0.0016780100   -0.0644854400   -0.0655581600
  -0.0697421900    0.0094097900   -0.0603209700
   0.0094150000   -0.0035693200    0.0058502900
   0.0041762400    0.0041626600    0.0111080500
   0.0041677900    0.0041661900    0.0005974500
  -0.0010798800    0.0069294900    0.0058471500
   0.0362694800   -0.0010889300    0.0351824500
   0.0016797800    0.0310209800    0.0404391700
# File: 52   
# 9       0.0000000000000000   0.0212132034355964   0.0212132034355964
# 10     -0.0212132034355964   0.0000000000000000  -0.0212132034355964
  -0.0087396000   -0.0012651000   -0.0015019100
   0.0013136200    0.0003505400    0.0015939500
  -0.0004178600    0.0058897500   -0.0054640300
  -0.0002754300    0.0002662500    0.0084959700
  -0.0003606600    0.0003273800    0.0056157400
  -0.0001909100    0.0088667300   -0.0086697900
   0.0012481000    0.0002827200    0.0016055300
  -0.0060030500   -0.0012963900   -0.0016745800
  -0.0016732400   -0.0749957700   -0.0739096200
   0.0697251200    0.0094468500    0.0791630700
   0.0010792400    0.0069231300    0.0024887300
  -0.0146731100    0.0041720300   -0.0077438900
   0.0063263200    0.0041709900    0.0027585500
  -0.0094165000   -0.0035699400    0.0024878600
  -0.0362660400   -0.0010714300   -0.0373466500
  -0.0016759800    0.0415022600    0.0321010500
# File: 53   
# 9       0.0000000000000000   0.0212132034355964   0.0212132034355964
# 11      0.0000000000000000   0.0212132034355964   0.0212132034355964
   0.0000352900    0.0046087800   -0.0009113400
  -0.0000819100    0.0005435100    0.0091724300
   0.0000352900    0.0046087800   -0.0009113400
  -0.0000819100    0.0005435100    0.0091724300
   0.0000852900    0.0007108700    0.0062111800
  -0.0000350700    0.0075851000   -0.0010419500
   0.0000852900    0.0007108700    0.0062111800
  -0.0000350700    0.0075851000   -0.0010419500
   0.0052483600   -0.0680639900   -0.0655657300
  -0.0052507900    0.0135895700    0.0111056600
   0.0052483600   -0.0680639900   -0.0655657300
  -0.0052507900    0.0135895700    0.0111056600
   0.0052494900    0.0030841000    0.0005965600
  -0.0052506600    0.0379420600    0.0404331800
   0.0052494900    0.0030841000    0.0005965600
  -0.0052506600    0.0379420600    0.0404331800
# File: 54   
# 9       0.0000000000000000   0.0212132034355964   0.0212132034355964
# 11      0.0000000000000000  -0.0212132034355964  -0.0212132034355964
   0.0000407700   -0.0101072800   -0.0015096900
   0.0000215200   -0.0000480900   -0.0055908900
   0.0000407700    0.0072039200    0.0016685000
   0.0000231200   -0.0000743900    0.0085093400
  -0.0000215200    0.0000480900    0.0055908900
  -0.0000407700    0.0101072800    0.0015096900
  -0.0000231200    0.0000743900   -0.0085093400
  -0.0000407700   -0.0072039200   -0.0016685000
  -0.0052489000   -0.0714103100   -0.0738941600
   0.0052443800    0.0052592300    0.0077428700
   0.0052489000    0.0714103100    0.0738941600
  -0.0052443800   -0.0052592300   -0.0077428700
   0.0052491800    0.0052495500    0.0027627000
  -0.0052492900   -0.0345898600   -0.0321102900
  -0.0052491800   -0.0052495500   -0.0027627000
   0.0052492900    0.0345898600    0.0321102900
# File: 55   
# 9       0.0000000000000000   0.0212132034355964   0.0212132034355964
# 11      0.0212132034355964   0.0000000000000000   0.0212132034355964
   0.0003596700   -0.0013761100   -0.0009609500
   0.0001336100    0.0002775400    0.0091869400
  -0.0012965000    0.0058749700   -0.0009178700
   0.0059264900    0.0002742500    0.0091679500
   0.0088290900    0.0003411600    0.0061974100
  -0.0012681900    0.0088728000   -0.0010382900
   0.0004914500    0.0003595000    0.0061875900
   0.0002791400   -0.0011887800   -0.0009692200
   0.0094093700   -0.0697395700   -0.0603202900
   0.0041622300    0.0041764400    0.0111075700
  -0.0644843700    0.0016776900   -0.0655579900
  -0.0035690700    0.0094147400    0.0058502100
   0.0069297600   -0.0010802700    0.0058470300
   0.0310207200    0.0016801300    0.0404392100
   0.0041666400    0.0041667000    0.0005974100
  -0.0010900500    0.0362688200    0.0351832800
# File: 56   
# 9       0.0000000000000000   0.0212132034355964   0.0212132034355964
# 11     -0.0212132034355964   0.0000000000000000  -0.0212132034355964
  -0.0002814800   -0.0012429700   -0.0016001900
  -0.0003263800    0.0003551300   -0.0056207200
   0.0012910600    0.0060038200    0.0016736000
  -0.0088616900    0.0001919500    0.0086690900
  -0.0058946400    0.0004166500    0.0054646900
   0.0012705400    0.0087387600    0.0015030200
  -0.0002669200    0.0002807000   -0.0084909000
  -0.0003515300   -0.0013187300   -0.0015993900
  -0.0094471600   -0.0697234700   -0.0791612000
  -0.0041717400    0.0146733200    0.0077434100
   0.0749943200    0.0016730200    0.0739076500
  -0.0069227000   -0.0010793200   -0.0024884500
   0.0035697200    0.0094165900   -0.0024877900
  -0.0415021200    0.0016757700   -0.0321013400
  -0.0041708400   -0.0063262600   -0.0027582600
   0.0010715500    0.0362650600    0.0373467800
# File: 57   
# 9       0.0000000000000000   0.0212132034355964   0.0212132034355964
# 11      0.0212132034355964   0.0212132034355964   0.0000000000000000
   0.0004094400    0.0045970100   -0.0012834200
   0.0002890100    0.0006377100    0.0003456100
  -0.0012834200    0.0045970100    0.0004094400
   0.0060036900    0.0006151100    0.0087576300
   0.0087576300    0.0006151100    0.0060036900
  -0.0012777700    0.0076010400    0.0002026100
   0.0003456100    0.0006377100    0.0002890100
   0.0002026100    0.0076010400   -0.0012777700
   0.0041711700   -0.0680734700   -0.0644998100
  -0.0010827000    0.0083463100    0.0094281000
  -0.0644998100   -0.0680734700    0.0041711700
  -0.0035725200    0.0083387800    0.0069251700
   0.0069251700    0.0083387800   -0.0035725200
   0.0310109000    0.0379375100    0.0041729000
   0.0094281000    0.0083463100   -0.0010827000
   0.0041729000    0.0379375100    0.0310109000
# File: 58   
# 9       0.0000000000000000   0.0212132034355964   0.0212132034355964
# 11     -0.0212132034355964  -0.0212132034355964   0.0000000000000000
  -0.0001875800   -0.0100949900   -0.0012800100
  -0.0003507200    0.0000000000    0.0003507200
   0.0012853700    0.0072159600    0.0004229700
  -0.0089398000    0.0000000000    0.0089398000
  -0.0058108200    0.0000000000    0.0058108200
   0.0012800100    0.0100949900    0.0001875800
  -0.0002816400    0.0000000000    0.0002816400
  -0.0004229700   -0.0072159600   -0.0012853700
  -0.0041681600   -0.0714109900   -0.0749830300
   0.0010776300    0.0105056200    0.0094248100
   0.0749830300    0.0714109900    0.0041681600
  -0.0069263500   -0.0000013200   -0.0035666600
   0.0035666600    0.0000013200    0.0069263500
  -0.0415131300   -0.0345880500    0.0041667000
  -0.0094248100   -0.0105056200   -0.0010776300
  -0.0041667000    0.0345880500    0.0415131300
# File: 59   
# 9       0.0000000000000000   0.0212132034355964   0.0212132034355964
# 15      0.0212132034355964   0.0000000000000000   0.0212132034355964
   0.0088681100   -0.0012800100   -0.0010493200
  -0.0013003600    0.0002751400   -0.0009723700
   0.0003883400    0.0057618700    0.0061804500
   0.0003099700    0.0003240000    0.0091723100
   0.0003268400    0.0002948200    0.0062049900
   0.0002239000    0.0089953100    0.0091853800
  -0.0012650200    0.0003627200   -0.0009577700
   0.0058772800   -0.0012857100   -0.0009069700
   0.0016815400   -0.0749832100   -0.0655693300
   0.0362656900    0.0094214300    0.0456908200
   0.0094153500    0.0069279500    0.0058479200
  -0.0063290700    0.0041665200    0.0006004200
   0.0146733200    0.0041638600    0.0111054400
  -0.0010812900   -0.0035674600    0.0058485200
  -0.0697340600   -0.0010926500   -0.0708181200
   0.0016794500    0.0415154200    0.0404376300
# File: 60   
# 9       0.0000000000000000   0.0212132034355964   0.0212132034355964
# 15     -0.0212132034355964   0.0000000000000000  -0.0212132034355964
  -0.0058525600   -0.0012757200   -0.0016567900
   0.0012345700    0.0002793300    0.0015995500
  -0.0002477900    0.0060492400   -0.0083641200
  -0.0003010000    0.0001997700    0.0085118700
  -0.0003338800    0.0003945900    0.0055922900
  -0.0003628000    0.0087032100   -0.0057770100
   0.0013291900    0.0003541700    0.0016016000
  -0.0088954300   -0.0012864800   -0.0015192400
  -0.0016782200   -0.0644943100   -0.0738936400
  -0.0362692300    0.0094385300   -0.0268419200
   0.0010786000   -0.0035719900    0.0024898900
  -0.0041670300    0.0041684300    0.0027617400
  -0.0041785300    0.0041737000   -0.0077466300
  -0.0094155200    0.0069245400    0.0024857300
   0.0697350700   -0.0010672200    0.0686555800
  -0.0016754300    0.0310102100    0.0321010900
# File: 61   
# 9       0.0000000000000000   0.0212132034355964   0.0212132034355964
# 16      0.0212132034355964   0.0000000000000000   0.0212132034355964
  -0.0012379600   -0.0013205200   -0.0025590700
   0.0088307100    0.0001535900    0.0003938200
   0.0004834400    0.0059514500    0.0008622800
   0.0002157100    0.0004067800    0.0147919600
   0.0004067800    0.0002157100    0.0147919600
   0.0001535900    0.0088307100    0.0003938200
   0.0059514500    0.0004834400    0.0008622800
  -0.0013205200   -0.0012379600   -0.0025590700
   0.0362317700   -0.0697615700   -0.0335150200
   0.0016708900    0.0041861000    0.0135930400
   0.0041728100    0.0016729200    0.0030840900
  -0.0010760800    0.0094199700    0.0033489100
   0.0094199700   -0.0010760800    0.0033489100
   0.0041861000    0.0016708900    0.0135930400
   0.0016729200    0.0041728100    0.0030840900
  -0.0697615700    0.0362317700   -0.0335150200
# File: 62   
# 9       0.0000000000000000   0.0212132034355964   0.0212132034355964
# 16     -0.0212132034355964   0.0000000000000000  -0.0212132034355964
   0.0013196200   -0.0013196200    0.0000000000
  -0.0059325000    0.0004843600    0.0001008000
  -0.0004843600    0.0059325000   -0.0001008000
  -0.0000613300    0.0000613300    0.0000000000
  -0.0005429400    0.0005429400    0.0000000000
  -0.0001543100    0.0088111800    0.0000780000
  -0.0088111800    0.0001543100   -0.0000780000
   0.0012494800   -0.0012494800    0.0000000000
  -0.0362633800   -0.0697223100   -0.1059954300
  -0.0016853100    0.0146685700    0.0052570900
   0.0063304700    0.0016819800    0.0052526300
  -0.0094186200   -0.0010826100    0.0000011700
   0.0010826100    0.0094186200   -0.0000011700
  -0.0146685700    0.0016853100   -0.0052570900
  -0.0016819800   -0.0063304700   -0.0052526300
   0.0697223100    0.0362633800    0.1059954300
