64   
14   

1    
  0.0040848989666515   0.0040848995548162   0.0081625483802127
  -0.0196735900   -0.0198015000   -0.0377285000
  -0.0000350500   -0.0000234100   -0.0000824700
   0.0000211800    0.0000049500   -0.0000819600
   0.0000989500    0.0000989000   -0.0003114300
   0.0001271200    0.0000725900    0.0001166300
  -0.0000503800    0.0001257200    0.0001118000
   0.0000726700   -0.0000659300    0.0000774500
  -0.0000267800   -0.0000122500    0.0000137500
   0.0001491700    0.0000636600    0.0001487200
  -0.0011123700    0.0005927900    0.0009775100
  -0.0000701200   -0.0000343600    0.0001326800
  -0.0001840500    0.0001750000    0.0000213700
  -0.0002265800   -0.0006995000    0.0003840800
   0.0001980100    0.0002351900    0.0006122700
   0.0000245300    0.0001115200    0.0000911100
   0.0001216000   -0.0001113800    0.0001919600
   0.0014734700    0.0011719800   -0.0020927200
   0.0004604600   -0.0006742600   -0.0014157000
  -0.0004854500    0.0009016500   -0.0014428500
  -0.0001055800    0.0002203800   -0.0007636400
  -0.0000228100   -0.0000111500    0.0000481800
  -0.0003557700    0.0000874900    0.0001904700
   0.0000069500   -0.0001120800    0.0001971100
   0.0000408700   -0.0000320500    0.0000473000
  -0.0001987300    0.0004818000   -0.0000139700
   0.0001354000   -0.0000667200    0.0002927100
   0.0025221000   -0.0028590300    0.0024504000
   0.0000703300   -0.0004468300    0.0001349300
  -0.0015375400   -0.0011047100    0.0011873800
   0.0001797100    0.0002472300    0.0001362800
   0.0008843100    0.0013505700    0.0013851600
  -0.0003715100   -0.0000839400    0.0001461100
   0.0153678100    0.0225550500    0.0170215300
  -0.0006093300   -0.0000681300   -0.0004130000
  -0.0003094300   -0.0003798600   -0.0004019500
  -0.0002888300    0.0000781800   -0.0007854000
  -0.0004022000   -0.0003092000   -0.0008848900
  -0.0003383800    0.0001001700   -0.0011155400
  -0.0003304700    0.0000509700   -0.0008834000
  -0.0003994700   -0.0001021400   -0.0006782200
  -0.0000830500   -0.0006875400   -0.0006563400
   0.0003548300    0.0001299400   -0.0007741000
   0.0004813100   -0.0001242100   -0.0007465900
   0.0000744200    0.0007095200    0.0001027800
   0.0004787700    0.0001895000   -0.0006954800
   0.0004752800   -0.0001640000   -0.0009370400
   0.0002998700   -0.0002060900   -0.0009435600
   0.0003048000   -0.0000152200   -0.0006735800
  -0.0000227500   -0.0004686600    0.0007010100
   0.0002923900   -0.0006829300    0.0001294800
   0.0001568500   -0.0002323800    0.0004519100
  -0.0002481500   -0.0004734400    0.0006990900
  -0.0002703300   -0.0005226500    0.0008497300
   0.0117759400   -0.0084505900    0.0099989300
   0.0003962700   -0.0007801400    0.0006460000
  -0.0000082500   -0.0004348100    0.0006140200
   0.0000502100    0.0004554100    0.0007429100
   0.0000166900    0.0001211700    0.0006262800
  -0.0001139700    0.0007515400    0.0005187800
   0.0002339200    0.0002811500    0.0005262600
  -0.0000810400    0.0001103700    0.0010148400
  -0.0003796400    0.0006396000    0.0007189800
  -0.0092199000    0.0076948300    0.0092989700
   0.0002153200    0.0004323000    0.0007654600

1    
 -0.0040848989666515  -0.0040848995548162  -0.0081625483802127
   0.0184606800    0.0183287100    0.0370493300
   0.0000092100   -0.0000022000    0.0000649300
  -0.0000455600   -0.0000326100    0.0000647500
  -0.0001267700   -0.0001266200    0.0002955400
  -0.0001547200   -0.0001012700   -0.0001394400
   0.0000238800   -0.0001523200   -0.0001272100
  -0.0000964500    0.0000381400   -0.0000919700
   0.0000013300   -0.0000145800   -0.0000333400
  -0.0001887500   -0.0000726800   -0.0001251300
   0.0010857600   -0.0006047700   -0.0009530300
   0.0000332800    0.0000258300   -0.0001105700
   0.0001534800   -0.0001817200    0.0000033500
   0.0001893100    0.0006901600   -0.0003578500
  -0.0002292600   -0.0002372300   -0.0005941900
  -0.0000605400   -0.0001165500   -0.0000662300
  -0.0001598100    0.0001020300   -0.0001690000
  -0.0014882700   -0.0011470100    0.0021202000
  -0.0004793500    0.0007054400    0.0014281300
   0.0004731200   -0.0008740800    0.0014571500
   0.0000887000   -0.0001996000    0.0007669000
   0.0000079500    0.0000415000   -0.0000406500
   0.0003464600   -0.0000598100   -0.0001838400
  -0.0000253400    0.0001537100   -0.0001921500
  -0.0000518400    0.0000602900   -0.0000411800
   0.0002026000   -0.0004885500    0.0000026000
  -0.0001312200    0.0000653800   -0.0003053100
  -0.0025285700    0.0029003400   -0.0024620900
  -0.0000714500    0.0004674400   -0.0001382100
   0.0015500300    0.0010999300   -0.0012072500
  -0.0001754000   -0.0002535200   -0.0001447000
  -0.0008751600   -0.0013539800   -0.0014035400
   0.0003759200    0.0000829200   -0.0001542800
  -0.0151370600   -0.0214121100   -0.0173899800
  -0.0002550300   -0.0000210400   -0.0009749800
  -0.0005531300    0.0002958800   -0.0009883800
  -0.0005707800   -0.0001570100   -0.0006068700
  -0.0004685100    0.0002214600   -0.0005078700
  -0.0005226600   -0.0001833300   -0.0002761100
  -0.0005284000   -0.0001391900   -0.0005014100
  -0.0004661700    0.0000181700   -0.0007087800
   0.0008443000    0.0006269400   -0.0007579600
   0.0003974300   -0.0001928700   -0.0006293100
   0.0002827700    0.0000491300   -0.0006578100
   0.0007434200   -0.0007279600   -0.0015958100
   0.0002780400   -0.0002568700   -0.0007157400
   0.0002762300    0.0000931300   -0.0004762200
   0.0004492200    0.0001375800   -0.0004624200
   0.0004515200   -0.0000514600   -0.0007360700
   0.0001217400   -0.0002661600    0.0007042300
  -0.0001967400   -0.0000447500    0.0012917900
  -0.0000476000   -0.0005055400    0.0009490400
   0.0003465000   -0.0002699400    0.0007183300
   0.0003734300   -0.0002084300    0.0005537600
  -0.0119536200    0.0080397000   -0.0087589400
  -0.0003010700    0.0000459900    0.0007678000
   0.0001089800   -0.0003060700    0.0007895200
   0.0000354300    0.0004402600    0.0006438700
   0.0000661900    0.0007721700    0.0007607600
   0.0002134500    0.0001261300    0.0008826300
  -0.0001517800    0.0006157700    0.0008597500
   0.0001606000    0.0007878400    0.0003631900
   0.0004705400    0.0002521600    0.0006708900
   0.0095606800   -0.0069783400   -0.0080395800
  -0.0001411900    0.0004560800    0.0006169500

9    
  0.0040848989666515   0.0040848995548162   0.0081625483802127
  -0.0000697200    0.0001176400    0.0001552400
   0.0001016900    0.0005593300    0.0003058900
   0.0000149300    0.0000001100   -0.0000030100
  -0.0006198100   -0.0006229600    0.0005584400
  -0.0002190000   -0.0002837800    0.0000961100
   0.0009711300   -0.0010046600    0.0007722300
  -0.0000537100   -0.0000004200    0.0001054400
   0.0000624100    0.0000863600    0.0000444800
  -0.0173137500   -0.0172561300   -0.0388892200
  -0.0001287100   -0.0000765200    0.0000162400
  -0.0000929800   -0.0001172300    0.0000155200
   0.0001303300    0.0001447300   -0.0002387600
  -0.0000431300   -0.0000381200    0.0002180600
  -0.0000225200    0.0001009100    0.0002189300
   0.0000786700    0.0000092900    0.0002239000
  -0.0000990400   -0.0001038900    0.0001723700
   0.0007217000    0.0003191300    0.0006132800
  -0.0006737500   -0.0009645600    0.0005788900
   0.0001755100   -0.0000911400    0.0000162700
  -0.0000014400    0.0000020200   -0.0000011300
  -0.0016441700    0.0014289700    0.0011584000
   0.0001217600    0.0000644500   -0.0000313600
  -0.0003626200    0.0000256900    0.0000432400
   0.0000243100   -0.0001071000    0.0000437300
   0.0013865100   -0.0011161400   -0.0021606100
   0.0024614500    0.0024872500   -0.0032970400
   0.0001326100    0.0000386100   -0.0009307200
  -0.0010505500    0.0012014200   -0.0020478700
  -0.0005019400   -0.0000951700    0.0003064400
   0.0001015600    0.0000583200    0.0001701900
   0.0000218500   -0.0000439400    0.0001688100
  -0.0001213700   -0.0004891700    0.0002941800
  -0.0006100600   -0.0002107400   -0.0008920100
  -0.0078616800    0.0085414400    0.0111269900
  -0.0005769400   -0.0001156700   -0.0005270000
  -0.0005300500    0.0000620300   -0.0009087700
  -0.0002693300   -0.0001720600   -0.0011063500
  -0.0006156300    0.0003568100   -0.0012245900
  -0.0003543300   -0.0000753800   -0.0009580100
  -0.0005002600   -0.0000453600   -0.0008215300
   0.0074012700   -0.0075303500    0.0106875900
   0.0004796600   -0.0001400800   -0.0008649300
   0.0002088500   -0.0001941700   -0.0008218300
   0.0001738200   -0.0000983300   -0.0005064200
   0.0006904000   -0.0003462300   -0.0012630600
   0.0003251800   -0.0001151200   -0.0008407600
   0.0001814000    0.0000626200   -0.0009869600
   0.0003634600    0.0000128400   -0.0009963400
   0.0170529100    0.0147918900    0.0233788700
   0.0001345400   -0.0002846800    0.0006244000
   0.0002171900   -0.0003724800    0.0005344500
  -0.0001680800   -0.0005345300    0.0008751200
  -0.0000097100   -0.0004769300    0.0004700000
   0.0002994200   -0.0002280800    0.0001104000
   0.0002181400   -0.0001835900    0.0001613400
   0.0000869800   -0.0003415400    0.0005850300
   0.0002668200    0.0001786300    0.0005042200
  -0.0001755100    0.0003328400    0.0008752500
   0.0001467400    0.0003558100    0.0020393500
  -0.0001187200    0.0005913600    0.0004388700
   0.0000034700    0.0003441900    0.0004525100
   0.0002075800    0.0006928900    0.0002153100
  -0.0000058900    0.0004525700    0.0005418000
  -0.0001498500    0.0004560900    0.0004004700

9    
 -0.0040848989666515  -0.0040848995548162  -0.0081625483802127
   0.0000472200   -0.0001439900   -0.0001742500
  -0.0001226700   -0.0005922900   -0.0003237100
  -0.0000396500   -0.0000267700   -0.0000130500
   0.0006020000    0.0005993700   -0.0005807500
   0.0001931500    0.0002644400   -0.0001110300
  -0.0009903600    0.0009884000   -0.0007893200
   0.0000288900   -0.0000277200   -0.0001248300
  -0.0000895600   -0.0001136800   -0.0000631800
   0.0159174000    0.0159782200    0.0382478900
   0.0000948100    0.0000702100    0.0000078200
   0.0000597500    0.0001097700    0.0000071700
  -0.0001697700   -0.0001561600    0.0002644200
   0.0000077500    0.0000315100   -0.0001949600
  -0.0000125300   -0.0001115800   -0.0001965900
  -0.0001155200   -0.0000176600   -0.0002004000
   0.0000645000    0.0000961300   -0.0001486300
  -0.0007426500   -0.0002855400   -0.0006136600
   0.0006620100    0.0010024400   -0.0005739900
  -0.0001908700    0.0001226700   -0.0000077900
  -0.0000205700    0.0000238800    0.0000117000
   0.0016500400   -0.0013983300   -0.0011500900
  -0.0001385200   -0.0000356700    0.0000360300
   0.0003613300   -0.0000019900   -0.0000295400
  -0.0000439300    0.0001398600   -0.0000349900
  -0.0013970400    0.0011155700    0.0021717400
  -0.0024612300   -0.0024896900    0.0033115200
  -0.0001419700   -0.0000505800    0.0008949800
   0.0010527200   -0.0012142500    0.0020546500
   0.0005167800    0.0000933300   -0.0003173400
  -0.0001019400   -0.0000624600   -0.0001792100
  -0.0000209300    0.0000423400   -0.0001800000
   0.0001243300    0.0004960300   -0.0003051000
  -0.0002621300    0.0001247900   -0.0004913500
   0.0073337000   -0.0088695000   -0.0127693000
  -0.0002779800    0.0000278000   -0.0008598900
  -0.0003271000   -0.0001322600   -0.0004884100
  -0.0005929100    0.0000876200   -0.0002740600
  -0.0002438700   -0.0004503100   -0.0001556800
  -0.0005094100   -0.0000085600   -0.0004281300
  -0.0003594300   -0.0000402000   -0.0005652700
  -0.0068592700    0.0077670400   -0.0123274200
   0.0002843000    0.0000725400   -0.0005500800
   0.0005369900    0.0001215100   -0.0005843100
   0.0005786500    0.0000399300   -0.0008975500
   0.0000541200    0.0002895300   -0.0001336400
   0.0004267800    0.0000526500   -0.0005641800
   0.0005705400   -0.0001292600   -0.0004145200
   0.0003872300   -0.0000793700   -0.0004057400
  -0.0158084200   -0.0144195200   -0.0207731700
  -0.0000469600   -0.0004483800    0.0007793300
  -0.0001196900   -0.0003663800    0.0008762700
   0.0002838700   -0.0001878500    0.0005250800
   0.0001037000   -0.0002583400    0.0009224300
  -0.0001994900   -0.0005034900    0.0012967000
  -0.0001168100   -0.0005491100    0.0012428500
   0.0000154300   -0.0003920200    0.0008201100
  -0.0001912100    0.0007224000    0.0008812100
   0.0002718400    0.0005680100    0.0005060100
   0.0000055200    0.0006042800   -0.0007299000
   0.0002111700    0.0002976900    0.0009448500
   0.0000754500    0.0005456200    0.0009281200
  -0.0001271300    0.0001955000    0.0011715700
   0.0000876700    0.0004373500    0.0008417800
   0.0002318800    0.0004344500    0.0009807600

17   
  0.0040848989666515   0.0040848995548162   0.0081625483802127
   0.0000456800   -0.0000278600   -0.0008022800
  -0.0006213600    0.0007223900   -0.0015906100
   0.0006900000   -0.0006427100   -0.0012772200
   0.0014204200    0.0012868500   -0.0020686100
  -0.0000758200    0.0000161100    0.0000457500
   0.0000648700   -0.0003593300    0.0001876700
  -0.0001407800    0.0000072800    0.0001948500
  -0.0000138000   -0.0000033300    0.0000449800
   0.0012826700   -0.0015414900    0.0013373500
   0.0001254800   -0.0004640600   -0.0000118900
  -0.0000719300    0.0001327700    0.0000875300
  -0.0000163800    0.0000435500    0.0000495400
   0.0002071100    0.0006276400    0.0006877300
  -0.0001043700    0.0000829600    0.0001356000
  -0.0008764200   -0.0005260200    0.0006309300
  -0.0000111100    0.0001373400    0.0000007100
  -0.0263086200   -0.0261538300   -0.0447338400
   0.0001732200   -0.0000257900   -0.0001543000
   0.0000731300    0.0003177200   -0.0001543200
   0.0001322500    0.0001544700   -0.0012938400
   0.0003503700    0.0001604100    0.0006739100
   0.0000097000    0.0005624400    0.0005175400
   0.0003247300   -0.0000291300    0.0003806700
  -0.0002327900   -0.0001510900    0.0002211400
  -0.0051704700    0.0051084200    0.0051549700
   0.0007000800   -0.0003004700    0.0000088600
  -0.0011364500   -0.0003524700    0.0006266400
  -0.0000381200    0.0004564600    0.0005977700
   0.0032163000    0.0010174600    0.0033475500
  -0.0022219400   -0.0030454900    0.0024100000
  -0.0000815900   -0.0003780200    0.0002613500
   0.0006750400    0.0003628900    0.0003425500
   0.0022303600    0.0014426400   -0.0006210200
  -0.0003296200   -0.0005814200   -0.0011074600
  -0.0002974800   -0.0006130000   -0.0008075300
  -0.0012650000   -0.0006478600   -0.0003048500
  -0.0004371500    0.0000333400   -0.0006770700
  -0.0004878800   -0.0001133300   -0.0006975800
  -0.0006571900   -0.0001291300   -0.0011816700
  -0.0001184400    0.0003473900   -0.0008790200
   0.0269423900    0.0185981600    0.0186275400
   0.0002893800    0.0004370100   -0.0005547000
   0.0004943000    0.0000782000   -0.0006128800
   0.0007488700    0.0001066400   -0.0007973500
   0.0000221800   -0.0003235900   -0.0011757200
   0.0006110800   -0.0000267300   -0.0012344100
   0.0003182100    0.0002803500   -0.0010810300
   0.0004135800   -0.0000973900   -0.0007717300
  -0.0005763600   -0.0002588400    0.0001412100
   0.0004615000   -0.0009353600    0.0002035800
  -0.0000256400   -0.0004954200    0.0007415100
   0.0003398500   -0.0004265600    0.0006942200
  -0.0084777700    0.0135883000    0.0110094200
  -0.0003729000   -0.0004622100    0.0007093300
  -0.0006915400   -0.0004835100    0.0004966200
  -0.0003470000    0.0001967300    0.0008402300
   0.0004248100   -0.0000528500   -0.0003002600
  -0.0001719500    0.0002816200    0.0006028900
  -0.0002200500    0.0005580100    0.0005341500
  -0.0002068100    0.0005682800    0.0008820500
   0.0080080100   -0.0087806300    0.0093040900
   0.0003018600    0.0003749500    0.0006688400
   0.0003139600    0.0005262600    0.0006360100
   0.0003933400   -0.0001861400    0.0008539400

17   
 -0.0040848989666515  -0.0040848995548162  -0.0081625483802127
  -0.0000740000    0.0000033900    0.0007853800
   0.0005960600   -0.0007537300    0.0015776700
  -0.0007159900    0.0006170300    0.0012609600
  -0.0014360400   -0.0013055100    0.0020486400
   0.0000505800   -0.0000423100   -0.0000622400
  -0.0000893200    0.0003354300   -0.0002053900
   0.0001176700   -0.0000326400   -0.0002123700
  -0.0000105500   -0.0000218400   -0.0000632000
  -0.0013095900    0.0015363100   -0.0013045200
  -0.0001607200    0.0004548500    0.0000355100
   0.0000352100   -0.0001437400   -0.0000644300
  -0.0000189900   -0.0000507200   -0.0000245600
  -0.0002378900   -0.0006377300   -0.0006674900
   0.0000684900   -0.0000916400   -0.0001122100
   0.0008380900    0.0005162200   -0.0006092500
  -0.0000216200   -0.0001468000    0.0000234500
   0.0247971100    0.0249518000    0.0440587500
  -0.0001895400    0.0000555700    0.0001621000
  -0.0000889300   -0.0002888800    0.0001622700
  -0.0001497300   -0.0001274400    0.0013019300
  -0.0003705600   -0.0001321700   -0.0006706100
  -0.0000260800   -0.0005315300   -0.0005082000
  -0.0003411700    0.0000547600   -0.0003712300
   0.0002167700    0.0001787800   -0.0002152100
   0.0051929500   -0.0050889400   -0.0051369800
  -0.0007009300    0.0002949600   -0.0000201300
   0.0011312600    0.0003445700   -0.0006440400
   0.0000402300   -0.0004603700   -0.0006051400
  -0.0032377000   -0.0009968600   -0.0033771100
   0.0022183000    0.0030362000   -0.0024272000
   0.0000828400    0.0003729600   -0.0002731900
  -0.0006723400   -0.0003654600   -0.0003545100
  -0.0029549400   -0.0013941100   -0.0008736200
  -0.0005378700    0.0004991500   -0.0002819200
  -0.0005707200    0.0005269600   -0.0005878000
   0.0004031400    0.0005679900   -0.0010840200
  -0.0004290300   -0.0001167700   -0.0007104400
  -0.0003809200    0.0000253800   -0.0006960600
  -0.0002152600    0.0000463100   -0.0002124800
  -0.0007471100   -0.0004280000   -0.0005080900
  -0.0250068000   -0.0176124800   -0.0191023400
   0.0004688800   -0.0005023700   -0.0008508700
   0.0002599500   -0.0001433800   -0.0007934100
   0.0000099600   -0.0001724000   -0.0006105200
   0.0007351200    0.0002548300   -0.0002306600
   0.0001492600   -0.0000395300   -0.0001751000
   0.0004389300   -0.0003429000   -0.0003260400
   0.0003424200    0.0000317400   -0.0006328100
   0.0006824900   -0.0004794100    0.0012702500
  -0.0003636700    0.0001935700    0.0012004000
   0.0001264100   -0.0002392800    0.0006634000
  -0.0002406400   -0.0003119500    0.0007146800
   0.0088564800   -0.0145074500   -0.0096941400
   0.0004728200   -0.0002764200    0.0006965900
   0.0007879000   -0.0002559300    0.0009110900
   0.0004486900   -0.0009361300    0.0005658200
  -0.0003416500    0.0009578800    0.0016986400
   0.0002573300    0.0006133900    0.0007807700
   0.0003063600    0.0003406100    0.0008481800
   0.0002898000    0.0003285600    0.0005035300
  -0.0080241800    0.0098694600   -0.0079668300
  -0.0002172700    0.0005196700    0.0007169600
  -0.0002303600    0.0003633800    0.0007476500
  -0.0003093800    0.0010851100    0.0005317500

25   
  0.0040848989666515   0.0040848995548162   0.0081625483802127
   0.0000205400   -0.0001728300    0.0001891200
   0.0003186600    0.0001458800    0.0000796900
   0.0012917700    0.0006358400    0.0012973900
  -0.0012271600   -0.0014884300    0.0012811000
  -0.0005445600    0.0001158300    0.0000622400
  -0.0000535100    0.0000101000    0.0003579500
  -0.0026703400    0.0026360200    0.0025186000
   0.0002616700   -0.0002889200   -0.0000880600
  -0.0011658700    0.0012679300   -0.0020190900
   0.0000824300    0.0001040000   -0.0008552400
   0.0023651500    0.0026177700   -0.0032571800
   0.0013363000   -0.0010048100   -0.0020799400
  -0.0000974200   -0.0004982100    0.0003729600
   0.0000444600    0.0001218700    0.0002329000
  -0.0000358900    0.0000188200    0.0002315200
  -0.0004947100   -0.0001125200    0.0003605600
   0.0006289400    0.0030961100    0.0032297900
  -0.0002088000    0.0000348300    0.0002968000
  -0.0029497000   -0.0023468400    0.0025363800
   0.0002992600    0.0007056200    0.0003050800
   0.0052430800   -0.0047950600    0.0052829300
  -0.0002215500   -0.0012390000    0.0005024100
  -0.0003236300    0.0005342300   -0.0000736300
   0.0003436300    0.0000325100    0.0006776600
  -0.0432756200   -0.0433135200   -0.0835074500
   0.0010503800    0.0001652900   -0.0002565600
   0.0000031800    0.0008828800   -0.0002573000
   0.0001225300    0.0001203100   -0.0037430500
   0.0003645000    0.0006088500    0.0014353900
   0.0001975100    0.0011137900    0.0008610400
   0.0013672700    0.0001623300    0.0009680100
  -0.0005838200   -0.0005491700    0.0003799800
  -0.0003702000   -0.0009119200   -0.0006235900
   0.0000071300   -0.0005844100    0.0003444100
   0.0189785800   -0.0141968300    0.0181317500
  -0.0005791300   -0.0005915900   -0.0008356300
  -0.0011873400    0.0005676700   -0.0015141000
  -0.0004175500    0.0003006200   -0.0006344900
   0.0000089300   -0.0005791400   -0.0015361500
  -0.0006034100   -0.0001007100   -0.0008597500
  -0.0135704800    0.0170796200    0.0178975500
   0.0000945300    0.0002614700   -0.0007488500
   0.0003569600    0.0002047200   -0.0005977900
  -0.0002391700    0.0003719600    0.0002051300
  -0.0007020400   -0.0000540400   -0.0022627300
   0.0002767400   -0.0009839600   -0.0006783500
   0.0003450800   -0.0002271600   -0.0010026200
   0.0004261400   -0.0003369700   -0.0004999400
  -0.0010920000   -0.0001214200    0.0008695600
   0.0017988500    0.0023760100    0.0038928800
  -0.0005201100   -0.0009048900    0.0020524500
  -0.0004173900   -0.0006391600    0.0003792900
   0.0002079900   -0.0006944600    0.0001892100
   0.0001384500   -0.0003861200    0.0004836900
   0.0008754500   -0.0000996900    0.0004832200
   0.0002057600   -0.0007254700    0.0008138600
   0.0340293700    0.0375233000    0.0356654700
   0.0000181300    0.0007721000    0.0007029700
   0.0004166000    0.0003176800    0.0008275700
   0.0004283000    0.0009717200    0.0013005000
  -0.0006843800    0.0000682400    0.0001302600
   0.0004433400    0.0004842700   -0.0000564200
  -0.0001595200    0.0012280100   -0.0002987500
  -0.0000022900    0.0002890300    0.0004574000

25   
 -0.0040848989666515  -0.0040848995548162  -0.0081625483802127
  -0.0000443500    0.0001455500   -0.0002059500
  -0.0003421300   -0.0001690900   -0.0000995600
  -0.0013122000   -0.0006607800   -0.0013134900
   0.0011968000    0.0014547800   -0.0012983500
   0.0005062100   -0.0001334800   -0.0000911400
   0.0000308600   -0.0000354000   -0.0003735300
   0.0026208500   -0.0026402400   -0.0025179500
  -0.0002880100    0.0002622800    0.0000673800
   0.0011293300   -0.0012803400    0.0020439400
  -0.0001111600   -0.0001089700    0.0008834100
  -0.0023784000   -0.0026034400    0.0032527000
  -0.0013761600    0.0009959100    0.0021037800
   0.0000605800    0.0004897200   -0.0003482900
  -0.0000782500   -0.0001305000   -0.0002066600
   0.0000021600   -0.0000252300   -0.0002071700
   0.0004599300    0.0001025500   -0.0003365900
  -0.0006287800   -0.0030862100   -0.0032366100
   0.0001896700   -0.0000066500   -0.0002905800
   0.0029200900    0.0023678500   -0.0025300500
  -0.0003122900   -0.0006727600   -0.0002989700
  -0.0052203600    0.0048181500   -0.0052350800
   0.0002120900    0.0012467900   -0.0005123400
   0.0003067700   -0.0005080000    0.0000796100
  -0.0003628700    0.0000002800   -0.0006669100
   0.0414785500    0.0414410600    0.0825812700
  -0.0010440100   -0.0001657900    0.0002475500
   0.0000004000   -0.0008829400    0.0002467900
  -0.0001233400   -0.0001256400    0.0037327300
  -0.0003686500   -0.0006189800   -0.0014534100
  -0.0001996600   -0.0011133700   -0.0008645900
  -0.0013545500   -0.0001665200   -0.0009709600
   0.0005813400    0.0005477900   -0.0003958400
  -0.0004913600    0.0008273000   -0.0007687700
  -0.0008752500    0.0005049200   -0.0017351500
  -0.0200584500    0.0145422100   -0.0196547100
  -0.0002940600    0.0005024100   -0.0005448600
   0.0003150500   -0.0006445600    0.0001165500
  -0.0004512100   -0.0003838000   -0.0007472800
  -0.0008702000    0.0005020500    0.0001520100
  -0.0002597200    0.0000169800   -0.0005321600
   0.0147079200   -0.0173302700   -0.0194275200
   0.0006515800   -0.0003290300   -0.0006582600
   0.0003938000   -0.0002781700   -0.0008017700
   0.0009969600   -0.0004439500   -0.0016131800
   0.0014638900   -0.0000152100    0.0008632800
   0.0004823300    0.0009119900   -0.0007318600
   0.0004065200    0.0001611800   -0.0004066200
   0.0003292700    0.0002669600   -0.0009041200
   0.0011775600   -0.0006070800    0.0005306100
  -0.0015469300   -0.0029554600   -0.0025851700
   0.0006229600    0.0001745600   -0.0006457900
   0.0005210600   -0.0001063800    0.0010210100
  -0.0001085100   -0.0000470100    0.0012123700
  -0.0000397900   -0.0003488300    0.0009223600
  -0.0007744200   -0.0006349900    0.0009250200
  -0.0001105000   -0.0000100800    0.0005911700
  -0.0324846500   -0.0351464400   -0.0329958700
   0.0000628400    0.0001228600    0.0006820600
  -0.0003315900    0.0005729500    0.0005559900
  -0.0003362600   -0.0000727200    0.0000898200
   0.0007714300    0.0008243200    0.0012544200
  -0.0003543000    0.0004103200    0.0014410800
   0.0002459200   -0.0003284100    0.0016788800
   0.0000876700    0.0006029300    0.0009313300

33   
  0.0100000000000000   0.0000000007199255   0.0000000000000000
   0.0084519300    0.0094711600    0.0093484500
  -0.0003051800    0.0001840100   -0.0001749100
  -0.0000494200    0.0001515800    0.0000816700
  -0.0003413300   -0.0000748100    0.0003651500
  -0.0000923000    0.0002289700   -0.0000507800
  -0.0002849100    0.0004982900   -0.0000106700
   0.0002794500   -0.0002727700    0.0001000100
  -0.0000898100    0.0000196700    0.0000565400
  -0.0002075800    0.0001158200   -0.0001522300
   0.0084864600   -0.0089661900   -0.0088131400
  -0.0003802900   -0.0000391600    0.0000409800
  -0.0000125400   -0.0003050300    0.0000534100
   0.0000789500   -0.0001075500    0.0002310400
   0.0000112100   -0.0002444900   -0.0000944300
   0.0002777800    0.0002156300   -0.0001346600
  -0.0000404200   -0.0000981000    0.0000007600
   0.0205294100    0.0148519000   -0.0145603600
  -0.0000279600    0.0000434200    0.0001214400
   0.0000496200    0.0002722000    0.0000232800
  -0.0003402700   -0.0002307900   -0.0007287800
  -0.0001724200    0.0002127400   -0.0000198500
   0.0000526300   -0.0001934800    0.0000088800
  -0.0003563300    0.0003744600   -0.0002788200
  -0.0003149700    0.0002648600    0.0004142600
   0.0003779200   -0.0003211400    0.0000376800
  -0.0001206200   -0.0000933700    0.0006432600
   0.0273201200   -0.0208123600    0.0208573100
  -0.0005022400   -0.0000213300    0.0000815100
  -0.0005892500   -0.0004580200   -0.0004064000
  -0.0003769900   -0.0009362900    0.0006677500
   0.0000943700    0.0004884500    0.0002303900
  -0.0002297700   -0.0000194900   -0.0000903500
  -0.0846600700    0.0033361300   -0.0040347300
  -0.0004535300   -0.0000124600   -0.0007577000
  -0.0004996500    0.0000334500   -0.0007780700
   0.0011280900   -0.0001717300   -0.0005346300
  -0.0004909200   -0.0002233200   -0.0008665000
  -0.0003626000    0.0000347000   -0.0006576100
  -0.0002851300    0.0002286100   -0.0006380200
  -0.0002389700   -0.0001574100   -0.0009086900
   0.0024553100    0.0027438400   -0.0012073700
   0.0034435100   -0.0035169000   -0.0016188700
   0.0007221600   -0.0006759900    0.0003049500
   0.0042008900    0.0039488600   -0.0006844800
   0.0004346900   -0.0000274300   -0.0006717000
   0.0006082500    0.0002077500   -0.0010811500
   0.0006091200   -0.0004853500   -0.0005332900
   0.0004354400   -0.0000602200   -0.0007609300
  -0.0000405600   -0.0005093200    0.0007261400
   0.0004447800   -0.0007437500    0.0001960600
   0.0000658500   -0.0005646400    0.0005921900
  -0.0008071100    0.0010877200   -0.0010002800
   0.0026275800    0.0008097900   -0.0021859300
   0.0034423400   -0.0003627700    0.0041995600
   0.0003240600   -0.0005121600    0.0008381800
   0.0001782700   -0.0004059600    0.0005821900
   0.0005576300    0.0006413300    0.0006491800
   0.0000483500    0.0005877900    0.0006724100
   0.0002756400   -0.0010340300    0.0010999000
   0.0038378500    0.0008017400   -0.0030537800
   0.0003827100   -0.0007346200    0.0023317500
   0.0000080600    0.0005910000    0.0004803900
   0.0004885800    0.0004615700    0.0005309000
  -0.0000558800    0.0004849700    0.0009215900

33   
 -0.0100000000000000  -0.0000000007199255   0.0000000000000000
  -0.0086945700   -0.0098937400   -0.0097428800
   0.0002727500   -0.0002141100    0.0001616900
   0.0000241400   -0.0001762900   -0.0000955300
   0.0003143600    0.0000505400   -0.0003774400
   0.0000654000   -0.0002644700    0.0000297900
   0.0002602000   -0.0005261400   -0.0000031200
  -0.0003072200    0.0002482600   -0.0001165100
   0.0000626700   -0.0000451600   -0.0000757300
   0.0001604900   -0.0001273900    0.0001791700
  -0.0087222100    0.0093282500    0.0092295500
   0.0003462300    0.0000354200   -0.0000259000
  -0.0000290000    0.0002987100   -0.0000241300
  -0.0001129300    0.0001033100   -0.0002075300
  -0.0000457300    0.0002341400    0.0001170800
  -0.0003119100   -0.0002227900    0.0001590000
   0.0000041600    0.0000893200    0.0000230400
  -0.0202011200   -0.0143286300    0.0140765000
   0.0000035800   -0.0000140200   -0.0001163300
  -0.0000513400   -0.0002415500   -0.0000017500
   0.0003249700    0.0002555600    0.0007436400
   0.0001563800   -0.0001858200    0.0000272300
  -0.0000788500    0.0002275300   -0.0000016100
   0.0003283400   -0.0003264100    0.0002726400
   0.0003021500   -0.0002411700   -0.0004084400
  -0.0003664600    0.0003227300   -0.0000624500
   0.0001180800    0.0001012600   -0.0006571100
  -0.0269904800    0.0203322500   -0.0203815100
   0.0004981000    0.0000114800   -0.0000882400
   0.0005933400    0.0004545000    0.0003870000
   0.0003730000    0.0009252400   -0.0006812700
  -0.0001102500   -0.0005013800   -0.0002512400
   0.0002335200    0.0000119600    0.0000800800
   0.0835518400   -0.0033196500    0.0025359200
  -0.0004079300   -0.0000675300   -0.0006282200
  -0.0003649200   -0.0001181000   -0.0006091000
  -0.0020027600    0.0000867500   -0.0008513900
  -0.0003744800    0.0001430700   -0.0005149800
  -0.0005031100   -0.0001189800   -0.0007311800
  -0.0005777500   -0.0003148700   -0.0007444400
  -0.0006265200    0.0000737500   -0.0004766200
  -0.0016638900   -0.0027710000   -0.0001923800
  -0.0027110300    0.0034850200    0.0002053700
   0.0000697100    0.0005524000   -0.0016967400
  -0.0034750700   -0.0040634700   -0.0007084800
   0.0003212200   -0.0000363700   -0.0007315900
   0.0001540500   -0.0002751600   -0.0003287800
   0.0001564900    0.0004248600   -0.0008595400
   0.0003216900   -0.0000013500   -0.0006436800
   0.0001428400   -0.0002264900    0.0006744600
  -0.0003576800   -0.0000213400    0.0011941500
   0.0000300700   -0.0001718600    0.0008190200
   0.0009014100   -0.0018467200    0.0024235300
  -0.0025011800   -0.0015431300    0.0035543900
  -0.0033695800   -0.0003599700   -0.0028280700
  -0.0002256400   -0.0002206600    0.0005684600
  -0.0000784700   -0.0003310900    0.0008210900
  -0.0004794600    0.0002493400    0.0007318300
   0.0000407300    0.0003043200    0.0007162400
  -0.0001323700    0.0018994200    0.0003438800
  -0.0037886100    0.0000803200    0.0044793000
  -0.0002872000    0.0016187100   -0.0009365700
   0.0000783000    0.0002996300    0.0009077200
  -0.0004005000    0.0004598200    0.0008806400
   0.0001400000    0.0004089700    0.0004580800

33   
 -0.0000000007199255   0.0100000000000000  -0.0000000000000000
   0.0121062800    0.0151900000    0.0127482600
   0.0000289600   -0.0001865200    0.0000313100
  -0.0000327300   -0.0001983100   -0.0003185000
  -0.0002962000   -0.0003871600    0.0004703400
   0.0000276300   -0.0000973900   -0.0003104100
  -0.0001408000    0.0001376400    0.0001579800
  -0.0000252100   -0.0000906300    0.0001536300
   0.0000007500   -0.0000723200   -0.0000585500
  -0.0004314100    0.0001045900   -0.0000242500
  -0.0096641600    0.0108900800    0.0102512300
   0.0001712400   -0.0003355200    0.0000053500
  -0.0000097800   -0.0000505200    0.0001726000
  -0.0001072200    0.0000720700   -0.0001260600
   0.0002714000    0.0002848700    0.0002306000
  -0.0003640700   -0.0000570800    0.0001874600
  -0.0000625600   -0.0000331200    0.0000622700
   0.0125302100    0.0116463300   -0.0103828100
   0.0002321000   -0.0003183400   -0.0006148000
  -0.0001822700   -0.0003679900   -0.0004092400
  -0.0002698900   -0.0003066700   -0.0004526500
   0.0001762800   -0.0001618400    0.0000879500
   0.0006794200   -0.0003799000   -0.0002290700
  -0.0004720600    0.0003719500   -0.0000538200
  -0.0000319600    0.0001560600    0.0004149100
   0.0003271800   -0.0010976100   -0.0006892100
   0.0000277700   -0.0001998400   -0.0005916600
  -0.0194153700    0.0229751600   -0.0191385800
  -0.0000992500   -0.0002186800   -0.0005266900
  -0.0002672100   -0.0001515800    0.0009448200
   0.0002287100    0.0001742200    0.0002125000
  -0.0008536700   -0.0001769800   -0.0001555600
  -0.0001795100   -0.0001299900    0.0000773000
   0.0028938600   -0.0829275000    0.0033523500
  -0.0004028800   -0.0001647600   -0.0003652500
  -0.0003573800   -0.0000086100   -0.0005052900
  -0.0005615200    0.0015491200   -0.0012057400
  -0.0006154900    0.0001019100   -0.0006521300
  -0.0003546500   -0.0000377600   -0.0007694000
  -0.0001599000    0.0002943200   -0.0008419400
  -0.0005485900    0.0000203300   -0.0006324900
   0.0031587900    0.0030980400   -0.0011005600
  -0.0031406400    0.0036515800    0.0001335200
  -0.0002086000    0.0010585000   -0.0017482600
   0.0043646800    0.0037628300   -0.0009735300
   0.0003476000   -0.0000790500   -0.0007332400
  -0.0000786300    0.0005478300   -0.0009359200
   0.0006181300    0.0005481100   -0.0003582400
   0.0003798800   -0.0000778200   -0.0007006900
   0.0000492400   -0.0003641400    0.0007491700
   0.0001314300    0.0034613300    0.0047464900
   0.0003237100    0.0001529900    0.0008906500
  -0.0011323100   -0.0001872000   -0.0002716400
  -0.0001120700   -0.0000325300    0.0008941600
  -0.0006607200    0.0000778900   -0.0003415000
   0.0002206900   -0.0004025300    0.0006822700
  -0.0000730000   -0.0004670100    0.0009705600
  -0.0002286400    0.0004675900    0.0006419700
   0.0000447700    0.0003549200    0.0007276100
   0.0012332700   -0.0004044400    0.0017621900
  -0.0000226100    0.0008564800    0.0010821900
   0.0001811900    0.0030268100   -0.0025317400
  -0.0001263400    0.0007227400    0.0007752200
   0.0007662100    0.0038409500    0.0046382700
   0.0001679100    0.0005741300    0.0004943000

33   
  0.0000000007199255  -0.0100000000000000   0.0000000000000000
  -0.0126477600   -0.0156248700   -0.0132950700
  -0.0000554900    0.0001581400   -0.0000461300
   0.0000078600    0.0001791300    0.0002943800
   0.0002708400    0.0003588400   -0.0004780100
  -0.0000493700    0.0000710200    0.0002900000
   0.0001126300   -0.0001568100   -0.0001713500
  -0.0000055900    0.0000693400   -0.0001734600
  -0.0000271100    0.0000464900    0.0000398600
   0.0003926800   -0.0001089400    0.0000504200
   0.0092339900   -0.0106546300   -0.0097857600
  -0.0002077100    0.0003261800    0.0000076800
  -0.0000254000    0.0000503700   -0.0001412400
   0.0000705900   -0.0000837300    0.0001501500
  -0.0003075600   -0.0002972500   -0.0002077800
   0.0003276300    0.0000483800   -0.0001628900
   0.0000272600    0.0000233000   -0.0000380300
  -0.0121554700   -0.0114392900    0.0100551600
  -0.0002526500    0.0003458000    0.0006245100
   0.0001779500    0.0004030200    0.0004281700
   0.0002468900    0.0003328500    0.0004638200
  -0.0001927500    0.0001884100   -0.0000826200
  -0.0006928100    0.0004060100    0.0002383300
   0.0004531700   -0.0003446200    0.0000612000
   0.0000307200   -0.0001408400   -0.0004136100
  -0.0003203800    0.0010895800    0.0006738800
  -0.0000362300    0.0001979400    0.0005774500
   0.0198601800   -0.0232412900    0.0195461600
   0.0000920800    0.0002072700    0.0005072400
   0.0002723800    0.0001489700   -0.0009583400
  -0.0002217600   -0.0001673400   -0.0002290800
   0.0008594300    0.0001734900    0.0001388400
   0.0001835000    0.0001240800   -0.0000870200
  -0.0037546000    0.0831442600   -0.0048243900
  -0.0004592200    0.0000777700   -0.0010186100
  -0.0005096300   -0.0000824500   -0.0008807500
  -0.0003033500   -0.0016259600   -0.0001822000
  -0.0002502900   -0.0001877500   -0.0007319400
  -0.0005087700   -0.0000468400   -0.0006182200
  -0.0007038300   -0.0003846300   -0.0005462900
  -0.0003187700   -0.0001045400   -0.0007486300
  -0.0023554300   -0.0031334800   -0.0002973500
   0.0038611900   -0.0036847400   -0.0015459200
   0.0010201900   -0.0011780500    0.0003593000
  -0.0036474600   -0.0038651900   -0.0004164000
   0.0004063600    0.0000121100   -0.0006682800
   0.0008326500   -0.0006185700   -0.0004609400
   0.0001358700   -0.0006179000   -0.0010503300
   0.0003720700    0.0000132700   -0.0007007300
   0.0000512100   -0.0003747400    0.0006577200
  -0.0000185800   -0.0041663500   -0.0032988500
  -0.0002190200   -0.0008854000    0.0005118200
   0.0012391800   -0.0005976000    0.0017345900
   0.0001814500   -0.0007038200    0.0005416200
   0.0007766000   -0.0008128600    0.0017570300
  -0.0001192500   -0.0003342500    0.0007192200
   0.0001788000   -0.0002723800    0.0004360700
   0.0003136500    0.0004311300    0.0007457500
   0.0000432500    0.0005375000    0.0006532100
  -0.0011382600    0.0013040300   -0.0003718700
   0.0001267700    0.0000538000    0.0002851400
  -0.0001113100   -0.0021011900    0.0038855500
   0.0002124400    0.0001720000    0.0006096400
  -0.0006724600   -0.0029737800   -0.0032986400
  -0.0000831600    0.0003176200    0.0008868500

33   
  0.0040848989666515   0.0040848995548162   0.0081625483802127
   0.0158274000    0.0181578300    0.0177368400
   0.0002549500   -0.0000463800    0.0000581700
   0.0001111400    0.0001970800    0.0000148400
  -0.0002911800   -0.0003026900    0.0003205700
  -0.0002030100    0.0000327200   -0.0002401900
  -0.0000146900   -0.0000937200   -0.0002654300
   0.0001594400   -0.0001591100   -0.0001140000
  -0.0000198300   -0.0000574000    0.0000220800
  -0.0002955400    0.0000764700   -0.0002018900
  -0.0106924100    0.0113380100    0.0123164000
  -0.0000982600   -0.0001733000    0.0002480300
  -0.0001408400   -0.0001050300   -0.0000260000
  -0.0002037200    0.0000460900   -0.0002624300
   0.0001155400   -0.0002294800   -0.0003137400
   0.0002860700    0.0000374700   -0.0003458900
  -0.0000558400   -0.0000333500   -0.0000606900
   0.0030739100    0.0021279600   -0.0005138100
  -0.0001252000   -0.0004614700   -0.0003346800
  -0.0001706400   -0.0001257400   -0.0001747300
   0.0000003800    0.0000102700   -0.0003476100
  -0.0000201200    0.0001296300   -0.0000059500
   0.0008677600   -0.0004213600   -0.0002868100
  -0.0008128900    0.0008367100   -0.0006520000
   0.0001707200    0.0001466600    0.0000015800
   0.0001919400   -0.0005145100   -0.0001707600
  -0.0003421400    0.0003148500    0.0010027600
   0.0187930100   -0.0145424200    0.0193471500
  -0.0000691100   -0.0003666400   -0.0002708700
  -0.0009299000   -0.0004892000   -0.0001785500
   0.0005112400    0.0007316800   -0.0003919000
  -0.0012535400    0.0000268800   -0.0002936400
  -0.0001096500    0.0000136700   -0.0002369000
  -0.0354265600   -0.0285081600   -0.0673517100
  -0.0004827300    0.0001859700   -0.0007016600
  -0.0004999200    0.0001555200   -0.0006969500
   0.0002835000    0.0001376000   -0.0008266400
  -0.0006762000   -0.0000245100   -0.0007311800
  -0.0003437700   -0.0000704000   -0.0003913900
  -0.0002186900    0.0000808100   -0.0006038500
  -0.0005767600   -0.0000156200   -0.0006503700
   0.0027679000    0.0026970100   -0.0006093000
   0.0009637700   -0.0006610800   -0.0010889100
  -0.0005454200    0.0010230600   -0.0016157200
   0.0035577900    0.0033638600   -0.0005754000
   0.0004364900   -0.0000492600   -0.0007590000
   0.0001551500    0.0000201700    0.0001070900
   0.0008798700    0.0002101900    0.0005641200
   0.0003780000   -0.0000349000   -0.0007823600
   0.0000440700   -0.0004052300    0.0005993800
   0.0005719600    0.0041396200    0.0052344800
   0.0001304300   -0.0002045500    0.0010477400
   0.0000899100   -0.0000047500    0.0004309700
  -0.0015827200   -0.0010835600    0.0021316600
   0.0043542200   -0.0000387000    0.0046006200
   0.0003005200   -0.0002665900    0.0009578700
  -0.0001076400   -0.0006106200    0.0008885800
  -0.0000104700    0.0004442100    0.0009719700
   0.0000058100    0.0004877600    0.0005669900
   0.0014673900   -0.0019175100    0.0021418900
  -0.0017166600    0.0003489400    0.0023862300
   0.0000917000   -0.0013229100    0.0025722100
  -0.0000234900    0.0007289800    0.0008470600
   0.0013812000    0.0046754600    0.0051230300
  -0.0001636500    0.0004170000    0.0008326000

33   
 -0.0040848989666515  -0.0040848995548162  -0.0081625483802127
  -0.0169322900   -0.0194032900   -0.0187570800
  -0.0002821000    0.0000192600   -0.0000763100
  -0.0001344700   -0.0002216800   -0.0000329500
   0.0002628200    0.0002783000   -0.0003316200
   0.0001845400   -0.0000584000    0.0002154600
  -0.0000128700    0.0000703700    0.0002528100
  -0.0001900700    0.0001361900    0.0000955200
  -0.0000046700    0.0000324700   -0.0000406400
   0.0002536200   -0.0000845000    0.0002312200
   0.0102260100   -0.0111001000   -0.0120420600
   0.0000627600    0.0001657800   -0.0002269000
   0.0001128500    0.0000989200    0.0000511900
   0.0001733300   -0.0000547200    0.0002851700
  -0.0001557800    0.0002176300    0.0003338700
  -0.0003263400   -0.0000442400    0.0003720100
   0.0000210400    0.0000240600    0.0000839400
  -0.0032154300   -0.0022185600    0.0005613400
   0.0000998800    0.0004958500    0.0003545900
   0.0001645300    0.0001522200    0.0001920500
  -0.0000240900    0.0000115700    0.0003497500
   0.0000032100   -0.0001027000    0.0000102400
  -0.0008778100    0.0004498600    0.0002936200
   0.0007892800   -0.0007761400    0.0006493400
  -0.0001782700   -0.0001282800    0.0000011900
  -0.0001883200    0.0005139800    0.0001679800
   0.0003400300   -0.0003159700   -0.0010017300
  -0.0186382200    0.0142133200   -0.0192554600
   0.0000600700    0.0003779000    0.0002695000
   0.0009555000    0.0005073100    0.0001528500
  -0.0005081900   -0.0007412500    0.0003790600
   0.0012663200   -0.0000484700    0.0002686400
   0.0001120800   -0.0000219300    0.0002269600
   0.0359497900    0.0299616800    0.0665086600
  -0.0003805000   -0.0002694300   -0.0006836800
  -0.0003678700   -0.0002417500   -0.0006911500
  -0.0011467500   -0.0002184100   -0.0005631800
  -0.0001918900   -0.0000591600   -0.0006538800
  -0.0005240800   -0.0000133000   -0.0009972800
  -0.0006476600   -0.0001775000   -0.0007779300
  -0.0002883700   -0.0000671000   -0.0007322800
  -0.0019967500   -0.0027563700   -0.0007999400
  -0.0001817800    0.0005726400   -0.0003187100
   0.0013214500   -0.0011097600    0.0002133700
  -0.0028329100   -0.0034794700   -0.0008065500
   0.0003175400   -0.0000160900   -0.0006414000
   0.0006074800   -0.0000870400   -0.0015068800
  -0.0001178400   -0.0002806200   -0.0019669600
   0.0003773600   -0.0000266300   -0.0006194100
   0.0000588500   -0.0003301500    0.0008016400
  -0.0004675800   -0.0048289100   -0.0037864900
  -0.0000221800   -0.0005347200    0.0003499900
   0.0000151400   -0.0007541900    0.0010060900
   0.0016781800    0.0003502000   -0.0007184800
  -0.0043210400   -0.0006857700   -0.0032446400
  -0.0001994500   -0.0004671000    0.0004469500
   0.0002089500   -0.0001206500    0.0005169700
   0.0000955400    0.0004544100    0.0004134000
   0.0000768500    0.0004038500    0.0008153100
  -0.0013055200    0.0027744700   -0.0006825800
   0.0017950400    0.0005407100   -0.0010046700
  -0.0000115300    0.0022287900   -0.0011924400
   0.0001137900    0.0001644700    0.0005378000
  -0.0012828900   -0.0038470800   -0.0038083800
   0.0002516900    0.0004752300    0.0005531900
